        time     emission          CO2         cveg        csoil        fgco2         fgpp         fnpp           ra          frh     fvegsoil         fluc          tas     tas_land        cprod     fcvegout    fcsoilout
        1850    -2.352348   284.316986   512.210035  1507.751707    -0.035546   120.714717    59.968537    60.746181    62.505122    61.054082     0.037839   286.820902   281.013316            0     0.247125     0.694622
        1851     0.402213   284.450989   511.667203  1506.982542    -0.080525    121.61605    61.178611    60.437439    60.941993    61.117391      0.03918   286.565072   280.540851            0     0.604052     0.944563
        1852     1.068447   284.597992   511.914208  1507.589874     0.205487   122.612246    61.748878    60.863368     61.15977    61.680303     0.039128   286.636745   280.645283            0     -0.17843    -0.086798
        1853    -1.832434   284.730988   510.260503  1508.240971     0.084494    119.49553    59.196675    60.298855    61.357606    61.324434     0.039154   286.792308   280.878902            0    -0.474054    -0.684269
        1854    -0.456783   284.846008   508.828524  1507.780325    -0.056389   121.274232    61.214244    60.059989    61.820294    60.820188     0.039229   286.652064   280.506152            0     1.826034    -0.539461
        1855     0.088772    284.94101   508.828538  1507.985599     0.017768   120.785981    60.714636    60.071345    60.806721    60.896166     0.039175   286.602257   280.450347            0    -0.181543    -0.115829
        1856     0.737279   285.049011   508.452743  1508.347203    -0.041193   122.421395    61.853552    60.567843    61.265908    61.560965     0.039114    286.64956   280.515755            0     0.668382    -0.066547
        1857    -0.580012    285.20401   507.522626  1509.253445    -0.035282   119.288035    59.608183    59.679852    60.443915    61.125424        0.039   286.642191   280.416239            0    -0.587124    -0.224733
        1858    -0.034152   285.368988   506.339296  1509.407242    -0.005554   121.482741    61.254615    60.228126    61.595518    61.062419     0.038943   286.619559   280.468634            0     1.375527    -0.686896
        1859    -0.161796   285.545013   506.419761  1509.208828      0.05429   122.455303    61.609018    60.846285    62.160904     61.45039     0.038969   286.747883   280.918739            0     0.078163      -0.5121
        1860    -0.333629   285.739014    506.14039  1508.743396     0.048193   121.902381    61.201735    60.700646    61.968664    61.293781     0.027932   286.709655   280.726724            0     0.187324     -0.20945
        1861     0.105519   285.933014   505.807153  1508.151922    -0.013282   122.263333    61.746833      60.5165      62.0136    61.330789      0.02747   286.673826   280.783764            0     0.749282    -0.091338
        1862     2.561173   286.100006   506.782629  1508.351038     0.146864   124.309665    63.435649    60.874015    61.349335    61.852667     0.027542   286.523484   280.557363            0     0.607506     0.304217
        1863     0.534635   286.270996   507.805612  1508.537606     0.081747    123.00951    61.988656    61.020855    61.872315    61.893346     0.027501   286.663795   280.718696            0    -0.927673    -0.165537
        1864     -0.11342   286.441986   507.325864  1508.686612     0.023184   121.926632    61.597092    60.329541     62.07017    61.307891     0.027573   286.650799   280.622528            0     0.768948    -0.911285
        1865     2.123082   286.614014   508.338181  1508.566281     0.068417   124.258359     63.16411     61.09425    61.448112    61.957182     0.027589   286.527136   280.378104            0      0.19461     0.629402
        1866     0.301223   286.781006   508.462119  1509.142597      0.17047   123.359982    62.184064    61.175917    62.381226    62.075236     0.027621   286.767223   280.874843            0    -0.015109    -0.882307
        1867    -0.930657   286.954987    507.91052  1508.566493     0.106908   122.336352    61.270023    61.066329    62.650308    61.827845     0.027695   286.910443   281.016496            0    -0.006224    -0.246359
        1868     0.495078   287.105011   507.725282  1507.828171     0.094262   123.443219    62.393849     61.04937    62.284772     61.52388     0.027671   286.761016   280.751903            0     1.055208    -0.022571
        1869     1.998476   287.225006   508.894378  1507.690184     0.112783   125.476679     64.02166    61.455019    62.363774    62.220483      0.02767   286.723714   280.661754            0      0.63208    -0.005303
        1870     1.358335   287.355011   510.076856  1508.118934       0.1364   124.641185    63.086173    61.555012    62.090944    62.507382     0.050082   286.778881   280.781317            0    -0.603687    -0.012312
        1871     0.688845   287.493988   509.743453  1508.662406     0.132746   122.993845    62.268745      60.7251    61.957611    61.893032     0.050926   286.703464   280.610308            0     0.709115    -0.608052
        1872     1.934443   287.664001   510.608203  1508.659057     0.117706   125.251482     63.99397    61.257512    62.488093    62.184328     0.051108   286.684791   280.609475            0     0.944893    -0.300416
        1873     1.003983   287.859985   511.163098  1509.197294     0.119365    124.42548    63.146828    61.278653    62.628331    62.571398      0.05114   286.729683   280.657662            0     0.020534     -0.59517
        1874     1.618431   288.061005    511.79265  1509.232745     0.179447   125.750709    64.245654    61.505055    63.183225    62.847101     0.051427   286.652788   280.610833            0        0.769    -0.371575
        1875     2.265437   288.290985   513.057232  1509.601543     0.232421   126.664721    64.455462     62.20926    62.860451    63.693525     0.051638   286.776402    280.84489            0    -0.502646     0.464276
        1876    -0.729548   288.519989   511.733384  1510.502529     0.212558   123.133222    61.789058    61.344165    63.167097    63.115639     0.051631   286.841522   280.898588            0    -0.002734    -0.952443
        1877     1.123015   288.752014   511.339989  1510.475956     0.162298   125.655958    63.939458    61.716501    63.421133    62.982562     0.051603   286.794699   280.900718            0     1.350291    -0.411998
        1878     0.442967   288.993011     511.0291  1511.169453     0.287451   123.544826    62.420578    61.124247    62.726668    63.059458     0.051493   286.826873   280.928185            0    -0.327991    -0.360707
        1879     0.502182   289.221008   510.578812  1510.985053      0.26873   124.080817    63.026082    61.054735    63.226531    62.454824     0.051518   286.791498   280.744051            0     1.021547    -0.587307
        1880     0.277565   289.470001   510.752013  1510.511074     0.310975   124.825738    63.323023    61.502715    63.843923    62.930091     0.042631   286.856371   280.938593            0      0.21973    -0.439853
        1881     0.499422      289.737   510.534266   1510.30967     0.262304   125.189079    63.584282    61.604798    63.873174    63.301298     0.042445   286.839902    281.00103            0     0.500731    -0.370472
        1882     2.177368   290.019012   511.535389  1510.106843     0.389059   126.477179    64.480758    61.996421    63.250493    63.463645     0.042378   286.735588   280.634226            0      0.01599     0.415979
        1883     -0.40392      290.263   510.509572  1510.561961     0.402773   122.984571    61.854702    61.129869    63.138647    63.154171     0.042213   286.898439    281.01705            0    -0.273652    -0.439594
        1884     1.546564   290.511993   509.284971  1511.568715     0.590831   122.990163    62.743685    60.246478    62.275805     62.90125     0.042268   286.499359   280.318662            0     1.067036     -0.38131
        1885     1.170117   290.796997    509.16223   1511.91989     0.458251   124.110845    63.355101    60.755744     63.20771    62.991772     0.042315   286.587142   280.583206            0      0.48607    -0.567112
        1886     2.101284   291.100006   509.643854  1511.733518     0.333457   125.772019    64.683028    61.088991    63.518008    63.138653     0.042318   286.481598   280.353324            0     1.062751    -0.192983
        1887     1.601749   291.414001    510.79008  1511.948073      0.23917   125.372242    63.844175    61.528067    63.107702     63.34185     0.042409   286.628648   280.634447            0    -0.643901     0.019593
        1888    -0.770138      291.763   509.737065  1512.421686     0.240421   123.625794    62.148863    61.476931    63.860065    63.573195     0.042397   286.849085   280.934046            0    -0.371317    -0.760483
        1889     0.875145   292.113007   508.818273  1511.897019     0.181507   125.972056    64.513741    61.458315    64.522936    63.552802     0.042351   286.832323   280.933893            0     1.879731    -0.445467
        1890     1.173619   292.458008   509.371922   1511.84787     0.331881    125.37066    63.832992    61.537667    63.680335    63.895569     0.045448   286.753882   280.774925            0    -0.616227     0.264384
        1891     1.984937    292.81601   509.160795  1512.224256     0.443517   125.174119     64.29779    60.876329    63.473008    63.562097     0.045569   286.570263   280.429725            0     0.946821    -0.287298
        1892     1.907958   293.166992   509.864265  1512.583339     0.372716   126.626887    65.092642    61.534245    64.258947    63.785835     0.045717   286.767182   280.864636            0     0.603337    -0.832195
        1893     1.614422    293.47699   510.211053  1512.795921     0.297245    125.69049    64.398001    61.292489    63.695136    63.861017     0.045692    286.68268   280.589535            0     0.190196      -0.0467
        1894     1.619638   293.790985    510.68216  1513.140098     0.353726   126.773457     64.76197    62.011487    64.118922    64.657076     0.045653   286.768675   280.719533            0    -0.366213     0.193976
        1895     0.163218    294.07901   510.004166  1513.508201     0.365923   126.196935     64.35889    61.838044    65.129156    64.108044     0.045662   286.907321   280.862011            0      0.92884    -1.389214
        1896     1.993091    294.36499   510.610915  1512.833986     0.405909   128.066019    65.814131    62.251888    64.790083    64.307654     0.045736   286.823265   280.853929            0     0.899728     0.191787
        1897      0.79524   294.645996   510.694577  1513.361595     0.260649   126.267888      64.3145    61.953389    64.332516    64.368407     0.045671   286.877535   280.912488            0     -0.13757    -0.491718
        1898     2.039556    294.95401   511.185485  1513.487776     0.399364   127.594506    65.533669    62.060837    64.503568    64.597208     0.045689   286.784334   280.780064            0     0.445553    -0.032541
        1899     1.064611   295.299988   511.362949   1513.45288     0.482021   127.191363    65.176786    62.014577     65.28502    64.814391     0.045784   286.847254   280.858759            0     0.184931    -0.435732
        1900     0.692788   295.674988   511.185871  1513.409151     0.345204   126.068824    64.241578    61.827246    64.636403    64.063376     0.055989   286.874766   280.929062            0     0.355279    -0.529298
        1901     1.641205   296.006989   511.260037  1513.403148     0.289706   127.946516    65.807805     62.13871    65.106789    64.792838     0.056368   286.827379   280.910138            0     0.940801    -0.307948
        1902     0.561602   296.325012   511.282933  1513.632483     0.329794   126.043566     64.47051    61.573055    64.859484    64.599682     0.056309   286.833076    280.87264            0    -0.152068    -0.489137
        1903    -0.281633   296.653992   510.309573  1513.801738     0.443163   124.605289    63.144601    61.460688    64.513594     64.48197      0.05622   286.687355   280.600421            0     -0.36401    -0.200879
        1904     1.358774    296.95401   509.185364  1513.924173     0.444355   126.116479    64.792671    61.323809    64.460718    64.156443     0.056291   286.620399   280.538775            0     1.760437    -0.426709
        1905     2.078734   297.289001   509.519258  1514.513785     0.484897    126.93076     65.44501    61.485749    64.508125    64.795966     0.056265   286.578586   280.405012            0      0.31515    -0.301771
        1906     1.467289   297.661987   509.377855  1514.840318     0.494898   126.765244    65.265438    61.499806    65.030773    64.689158     0.056383   286.676669   280.641792            0     0.717682    -0.668148
        1907     1.714486   298.097992   509.739127  1514.844806     0.561086   126.876278     65.20357    61.672707     64.92205    64.766241     0.056401   286.746121   280.679156            0     0.076057    -0.160298
        1908     1.005326   298.518005   509.236047  1514.963332     0.628981   126.477659    64.859745    61.617914    65.321411    64.587465     0.056224   286.785945   280.756127            0      0.77536    -0.852471
        1909     1.061409   298.936005   509.638174  1514.898778     0.473765   127.328391    65.287679    62.040712    65.533852    65.172348     0.056129   286.824953   280.825176            0    -0.286796    -0.296949
        1910    -0.353241   299.376984   508.505648  1514.594232     0.446456   126.205436    64.018409    62.187027    65.714453    65.215702     0.042523   286.940372   281.027654            0    -0.064767    -0.194206
        1911    -0.472884   299.828979   507.096005  1513.947011       0.5139   125.887382    64.375363    61.512019    66.282475    64.890332     0.041999    286.93558   280.957531            0     0.894674    -0.744922
        1912    -0.676316   300.352997   505.538953  1513.487887     0.504333   124.034186    63.044589    60.989597    65.299005    64.839225     0.041896   286.862551   280.877063            0    -0.237584    -0.000656
        1913      3.67187   300.910004   505.581461  1513.000631     0.582578   129.481103    67.576216    61.904887    65.630897    64.806096     0.041928   286.597942    280.60054            0     2.727612    -0.337545
        1914     3.420302   301.418976   507.319914  1513.753651     0.581252   128.106173    66.566406    61.539767    64.769082    65.585386     0.041907   286.522816   280.344755            0    -0.757433     0.063285
        1915     2.522398   301.936981   507.864746  1514.170973     0.538792   128.948163    66.756826    62.191338    65.834176    65.694844     0.041908   286.666172   280.633349            0     0.517149    -0.556655
        1916     1.166964   302.484985   507.872178   1514.30605     0.586844   127.794704    65.578552    62.216153    66.123157    65.831846      0.04201   286.773759   280.842861            0    -0.260726    -0.426388
        1917     0.842238   303.010986   507.895423   1513.61849     0.567368   128.822215    66.242072    62.580143    67.045051    66.008776     0.042038   286.891949   280.907996            0      0.21005    -0.348716
        1918     1.027868   303.448975   507.328196  1513.261942     0.490298   128.109516    65.945051    62.164466    66.297949    65.661965     0.042036   286.880142   280.939971            0     0.850313    -0.279436
        1919     1.949736   303.813995   508.088514  1512.773728     0.516367    130.10863    67.489646    62.618984    66.791377    66.030112     0.042051    286.86238   281.088493            0     0.699217    -0.273051
        1920     1.991439   304.246002   509.135419  1512.490508     0.489492   130.348232    67.517301    62.830931    66.878651    66.258518     0.056471   286.798289     280.8616            0     0.211878    -0.336913
        1921     1.933858   304.599976   509.512746  1512.509375     0.599269    129.60196    67.078359    62.523601    66.440335    66.143671     0.057065   286.824259   280.974094            0      0.55736    -0.315531
        1922     2.168944   304.944977   510.002243  1512.774719     0.605356   130.019785    67.537594    62.482191    66.651395    66.758299      0.05714   286.749643   280.788728            0     0.289799    -0.158439
        1923     1.123003   305.270996   509.839092  1513.564399     0.576311    128.06031     65.77245     62.28786     65.86281    66.356602     0.057064   286.829801   280.719102            0    -0.421001    -0.295889
        1924    -2.529348   305.629974   507.378741  1513.562494     0.452673   126.952202    64.676557    62.275645    68.365731    66.490154     0.057134   287.028251    281.11443            0     0.646754    -1.873672
        1925     0.286927   305.812988   506.867822  1512.204173     0.438061   129.928375    67.358258    62.570117    67.841981    66.665948     0.057058    287.07476   281.275519            0     1.203229     0.182288
        1926     2.270269   305.953979   507.633423  1511.796408      0.42667   132.254595    69.074461    63.180134    67.473987    66.925877     0.057055   286.880449   280.980578            0     1.382983    -0.140345
        1927     2.400115   306.176971   509.045551  1512.163387      0.45602   131.899066    68.964054    62.935013    67.437645    67.288349     0.057077   286.831224   280.933199            0     0.263576    -0.516274
        1928     1.011274   306.328979   509.949376  1512.537156     0.519906   129.586525    66.755664    62.830862    66.530929    67.525168     0.057001   286.848139   280.800204            0    -1.673329     0.620469
        1929    -0.081886   306.494995   508.244483  1512.840785     0.517413   129.419284    66.976987    62.442296    67.872927    66.642312     0.056817   286.905161   281.011021            0     2.039569    -1.534243
        1930    -0.121327   306.619995   508.076912  1512.724756     0.473097   129.922715    67.060337    62.862378    67.860923    66.990959      0.05997   286.925903   280.956563            0     0.236949    -0.753936
        1931     0.352133   306.821991   507.991171  1511.983112     0.357066   131.307072    68.301725    63.005347      68.6765    67.385775      0.06022   286.863666   280.832252            0     1.001691    -0.549082
        1932      2.06223   307.092987   508.530925  1511.824818      0.46189   130.490879    67.751197    62.739683    66.667594     67.10834      0.06023   286.811241   280.763277            0     0.103102      0.59904
        1933     0.478801   307.401978   508.168562  1512.019418     0.418889   130.397533    67.683301    62.714233    68.221078      67.2013     0.060171   286.878436   280.845409            0     0.844363    -1.214378
        1934     1.331588   307.784973   508.825742  1511.648005     0.370923   131.419343    68.266757    63.152586    68.061347    67.687674     0.060166    286.89356   280.898615            0    -0.078096     -0.00226
        1935     0.966333    308.22699   508.405409  1511.731205     0.361338   131.429733    68.359804    63.069929    68.635919    68.012001      0.05997   286.860639   280.898598            0     0.768136    -0.707118
        1936     3.942925   309.011993   509.479801    1511.3044     0.519323   133.871914    70.504376    63.367538    68.692072    67.971085     0.060023   286.820293    280.83653            0     1.458899    -0.294182
        1937     3.752103   309.763977   510.969168  1511.757942     0.680095   132.833768    69.535639     63.29813    68.004647    68.482498     0.060002   286.925374   281.051335            0    -0.436226     0.024308
        1938     2.432109   310.293976   511.276676    1512.4891     0.678566   132.720695     69.21362    63.507075    68.528562    68.890785     0.059916   286.984195   281.115021            0     0.015327    -0.368935
        1939     0.150184   310.850983   510.218366  1512.614264     0.634843   130.940586    67.829945    63.110641    69.440714    68.331875     0.059792   286.962057   280.870065            0     0.556379    -1.234003
        1940    -0.310619   311.356964   509.204786  1512.062857     0.646152   130.371895    67.118274    63.253621    69.088063    68.425698     0.064247   287.090426   281.186964            0    -0.293844    -0.110957
        1941     0.725013   311.810974   507.673071  1511.460509     0.769767   132.088156    68.853282    63.234874    69.800224    68.443817     0.064427   287.101778   281.346754            0      1.94118     -0.75406
        1942     1.988115   312.171967   507.939936  1511.238563     0.766176    131.28168    68.686874    62.594806    68.169158     68.12683     0.064351   286.872117   280.887668            0      0.29318     0.179618
        1943     0.740407   312.389984   508.072526  1511.455257     0.808499   131.566624    68.450204     63.11642    68.918162    68.426746     0.064308   286.956943   280.982952            0    -0.109132     -0.70811
        1944    -1.251686   312.412964   506.243933  1511.461649     0.670932   130.402163    67.570212    62.831951    69.477332    68.399935     0.064423   287.007894    281.11537            0      0.99887    -1.083789
        1945     1.046663   312.384979   506.186934  1510.868297     0.703595   131.911394    69.020996    62.890398    68.553955    68.426811     0.064391   286.950069   280.980308            0     0.651184     0.466207
        1946    -1.840946   312.389984   504.894917  1511.233676     0.609094   129.687232    67.003149    62.684083    69.399647    68.208103     0.064197   287.024785   281.166583            0     0.087065    -1.556923
        1947    -0.515922   312.485962   504.167978  1510.020786     0.677348    130.90088    68.189056    62.711824    69.522541    68.070793     0.064127   286.976105   281.037833            0     0.845202    -0.238859
        1948    -1.258839   312.520966   503.566254  1509.336159     0.680827   131.390662    68.258648    63.132014    70.208606     68.72651     0.064233   287.112779   281.260688            0     0.133862    -0.797468
        1949     -2.29368   312.631958   501.730953   1508.04028     0.558144   130.321982     67.57405    62.747932    70.598084    68.371512     0.064101   287.234566   281.343133            0     1.037839    -0.930693
        1950     1.176035   312.820984   501.494876  1506.918411     0.661956   133.266253    69.991431    63.274822     69.78526    69.165131      0.09454   287.171369   281.357897            0     1.062378      0.50174
        1951    -0.602147   313.013977   501.265957  1506.921894     0.647974   131.148344    68.074248    63.074095    69.639775    68.937356     0.095489   287.077723    281.13418            0    -0.634188    -0.705901
        1952     0.095563    313.34198   499.165912  1506.635552     0.477801   132.330335     69.32789    63.002445    70.313019    69.203998     0.095446   287.057103   281.248509            0     2.223937     -0.82268
        1953     2.895609    313.72998   500.150291  1506.447228      0.64525   135.011767    71.512702    63.499065    69.993008    69.724032     0.095412   286.871227   280.986344            0     0.804291    -0.080653
        1954     2.066154   314.094971   500.359195  1507.276936     0.720137   134.010639    70.876957    63.133683     70.21257    70.124865     0.095455   286.873136   281.004156            0     0.543187    -0.917411
        1955     0.373937   314.414978   500.103631  1507.570887     0.635205   132.742849    69.638396    63.104453    70.485555    69.754793     0.095424   286.924848   281.020557            0     0.139166    -1.024713
        1956    -0.365627   314.697968   498.618175    1507.2844     0.619553   132.232492    69.254701    62.977791    70.747189    69.596665     0.095193   286.903584   280.853013            0     1.143493    -0.864037
        1957     -0.77844   314.991974   497.029329  1507.069044     0.510195   131.238842    68.658139    62.580703    70.477859    69.755836     0.094871   286.910714   280.795926            0      0.49115    -0.506668
        1958     2.089925   315.344971   496.618939  1506.885473     0.541438   135.865144    72.044997    63.820147    71.153509    70.290934     0.094553   286.952058   280.963493            0     2.164453    -0.679004
        1959     1.327636   315.806976   497.332291  1506.960839     0.648087   134.198854     70.86875    63.330104    71.078574     70.64137     0.094265   287.080784   281.139015            0    -0.485971     -0.51257
        1960    -0.369166   316.624969   495.833258   1506.80817     0.694994   131.465033    68.670836    62.794196    71.423678    69.979467     0.052875   287.139403   281.101386            0     0.190402    -1.291542
        1961    -0.196675    317.29895    494.32315  1505.422879     0.777351   132.685692    69.667521    63.018171     72.02542     69.89068     0.051073    287.25737   281.427805            0     1.286949    -0.749449
        1962     3.477987   318.043976    494.99116  1503.703385      0.74605   137.158111    73.298013    63.860098     72.10102    70.720401     0.051261   286.987798   281.067382            0     1.909603     0.338874
        1963     4.139831   318.649963   497.116199  1503.655487     0.953008   136.021373     72.59888    63.422493    70.650857    70.775626     0.051385   286.785312   280.713893            0    -0.301785     0.172666
        1964     1.976683   319.332947   497.066261  1504.604961     1.050882   132.798952     69.88587    62.913082    70.362687    70.808569     0.051495    286.75188   280.582721            0     -0.87276    -0.503592
        1965    -0.519948   319.815948   495.050782  1504.805213     0.938193   130.930101    68.493069    62.437032     70.92825    70.487769     0.051299    287.01269   281.168258            0     0.020778    -0.640733
        1966     0.748874   320.879974   493.141072  1503.984688     0.917484   133.173186    70.290235    62.882951    72.672955    70.651313     0.051265    287.07446   281.234766            0     1.548633    -1.201117
        1967     1.577823    321.47995   492.812641   1503.13574     0.921421    133.42101    70.842179    62.578831    71.412124    70.442828     0.051038   286.920948   281.044961            0     0.727781    -0.120347
        1968     3.167693   322.388947   493.629653  1502.208131     0.931396   135.897445    72.352106     63.54534    72.000191     71.09883     0.050927   286.988795   281.090366            0     0.436263     0.026248
        1969      3.14159   323.250946   494.381463  1501.492102     1.071871   136.460049    72.785344    63.674705    72.499919    70.924892     0.050954    286.95896   281.098834            0     1.108643    -0.858999
        1970     4.264788   324.782959   495.383944  1500.874582     1.160997   134.745116    71.574368    63.170748    71.693717    70.761638     0.038609   286.867553   280.825571            0    -0.189751    -0.314559
        1971     2.873172   325.399963   496.219951  1500.028099     1.030543   136.094565    72.627471    63.467093    72.060306    71.068827     0.038177    286.84336    280.74267            0     0.722638    -0.144997
        1972     5.822726   327.348969   497.288372  1499.796492     1.268101    136.14399    72.317459    63.826531     71.87416    71.765216     0.038224   286.864873   280.855769            0    -0.516178     0.122663
        1973     4.862368   329.908966   496.533316  1499.441402     1.448398   134.806636    70.818729    63.987907    72.816995    71.982804     0.038155   287.100924   281.204842            0    -0.409018      -0.4791
        1974     0.946146   330.755951   494.843611  1498.465674     1.287051   134.775017    70.956911    63.818106    73.062879     71.91873      0.03822   287.228371   281.413573            0     0.727885    -0.168421
        1975     1.167707   330.826965   494.354589   1497.71855     1.149517   136.158588    72.630532    63.528056    72.725395    71.483284     0.038139   287.180165   281.311325            0     1.636269    -0.494987
        1976     2.471907   331.544952   495.363834  1497.147568     1.291759   136.234557    72.316737    63.917821    72.627072    71.753902     0.038154   287.122212   281.107409            0     -0.44641    -0.302188
        1977     3.325089   333.352936   495.037775  1496.622982      1.23361   135.456283     71.49998    63.956303    73.219674     72.20476     0.038133   287.302122   281.487339            0     -0.37872    -0.490328
        1978     3.832474   335.009949   494.823801  1494.594856     1.197987   138.626165     74.10656    64.519605     74.96182    71.652058     0.038135   287.357938   281.600798            0     2.668476    -1.281635
        1979     7.179204    336.60495   497.633008  1492.940258     1.378768   140.052639    75.257449     64.79519    72.814507    72.225317      0.03836   287.085902   281.134675            0     0.222925     1.065408
        1980      6.71956   338.704956   499.607232  1493.367097     1.538495   139.124686      74.1343    64.990386    73.360832    73.450305     0.063443   287.182993   281.232854            0    -1.290228    -0.337366
        1981     4.172556    340.05896   499.700132  1492.862539     1.523666   139.755702    74.608938    65.146764    74.778194     72.97494     0.064612   287.246753   281.308159            0     1.541099    -1.298697
        1982     0.821746   340.643951    499.82798   1491.79633     1.463077   137.171476    72.112534    65.058942    73.934558    73.267749      0.06479   287.414019   281.528866            0    -1.283063     0.399401
        1983     4.290661   342.265961   498.461326  1491.388538     1.593739   137.976377    73.679785    64.296592    74.371352    73.007716     0.064867   287.324155   281.439177            0     2.038723    -0.955845
        1984     6.676188   344.007935   499.736177  1490.564943     1.709075   142.131991     76.54722    65.584772    75.223642    73.925837     0.065231   287.264533    281.24082            0     1.346532    -0.474211
        1985     6.869274   345.458954   502.184838  1489.896822     1.628606   143.086717    77.442542    65.644175    75.225626    74.311135     0.065555   287.281657   281.413902            0     0.682747    -0.246369
        1986     6.347718   346.902954   504.345712  1490.119757     1.578477   141.514316    75.764403    65.749912    74.003729    74.470149     0.065798   287.297789   281.404368            0    -0.866619     0.243485
        1987      5.82185   348.774933   504.419396  1490.397425     1.694994   141.104847    75.547084    65.557763    75.339877    74.175862     0.065908    287.47662   281.689949            0     1.297538    -1.441683
        1988     7.134406    351.27594   505.489894  1489.765367     1.832358   141.444793    75.472492    65.972301    75.429415    74.898299     0.065826   287.483564   281.744646            0    -0.496305     0.100942
        1989     5.147215   352.893921   505.512614   1489.19468     1.735833   142.114265    76.336997    65.777268    76.304667    74.671843     0.065726   287.397646   281.510617            0     1.642433    -1.062137
        1990     5.619776   354.072937   507.318741  1488.214833     1.694474   144.080132    77.503432    66.576701     76.04825    75.313899     0.040076   287.509853   281.753432            0     0.383406     0.245496
        1991     3.812998   355.352936   508.143668  1488.130017      1.77597   140.550199    74.631913    65.918287    75.281145    74.750475     0.038935   287.537469   281.747462            0    -0.943489    -0.445854
        1992     4.354905   356.228943   507.961507  1487.645216     1.828822   141.342513    75.953335    65.389178    75.253336    74.572445     0.038988     287.3127   281.390527            0     1.563051    -0.196091
        1993     5.192068   356.924957   509.235097  1487.815946     1.787665   142.391019    77.161776    65.229244    75.200014    74.877725     0.039216   287.176591    281.17206            0     1.010461    -0.493019
        1994     5.637919   358.253967   511.377114  1487.744371     1.722507   143.256038    77.121027    66.135011      75.9958    75.512242     0.039358   287.412296   281.668194            0    -0.533232    -0.411983
        1995     7.147344   360.238953   512.637237  1487.314152      1.77609   144.407813     77.65539    66.752423    76.470795    75.844084     0.039495   287.517008   281.841148            0     0.551183    -0.196491
        1996      4.85567   362.004974   513.052105  1487.232306     1.686545   142.197317    75.762328    66.434989    76.313693    76.028314     0.039478   287.608664   281.974734            0    -0.680855    -0.203533
        1997     3.987393   363.251953   513.526278  1486.195017     1.749886   143.888107    77.151489    66.736618    77.529331     75.77722     0.039545   287.703774   281.901927            0     0.900096    -0.714823
        1998     8.174499   365.932953   514.553634  1484.926482     1.868327    146.30889    78.988713    67.320178    78.350879    76.191617     0.039673   287.799833   282.119634            0      1.76974    -0.890726
        1999      7.61253   367.844971   517.318384  1483.626731     1.932599   147.728127    79.710547     68.01758    78.061624    77.233184     0.039794   287.870012   282.197223            0    -0.287389     0.471311
        2000     5.927019   369.124969   518.648504  1483.700819     1.896614   146.013638    78.430091    67.583547    77.022604    77.224261     0.102276   287.869347   282.359188            0     -0.12429      0.12757
        2001     5.699594   370.673004   519.518744  1483.523046     1.900071    146.73718    79.033772    67.703408    78.471315    76.816922     0.058792   287.928687   282.452647            0     1.346608    -1.476621
        2002     6.593729   372.834991   520.242081  1483.527495     2.034957   146.327659    78.481102    67.846557    78.422878    77.680051     0.102455   287.923235   282.264395            0     0.077714    -0.747276
        2003     7.964953    375.41098    520.79594  1483.133159     1.955003   148.848163    80.398409    68.449754    79.718263    77.624029     0.154631   287.950725   282.440301            0     2.220521    -1.699898
        2004     6.402021      376.987   522.285736  1482.499158     1.983616    147.90033     79.81594     68.08439    78.635814    78.199332     0.117161   287.899575   282.247396            0     0.126812     0.197518
        2005     6.207037   378.907013   522.564398  1482.078357     1.997387   147.867224    79.955999    67.911225    79.748875    77.513534       0.0853   287.923817   282.408751            0     2.163804     -1.81454
        2006     9.597257    381.01001   525.485388  1481.283988     2.033887    149.74432    81.365641    68.378679    78.206082    78.433338     0.073596   287.757463   282.152987            0     0.011313     1.021625
        2007     6.718081   382.603027   527.276829  1481.827477     2.230314   148.112578    79.514716    68.597862    78.323204    78.029538     0.095377   287.808318   282.143332            0    -0.306262    -0.837155
        2008     7.623735   384.739014   527.146315  1482.323812     2.160791   149.127044    80.633573    68.493471    79.601575    78.700191     0.116698   287.936503   282.352348            0     2.063895    -1.397719
        2009     6.521784   386.280029   528.311669  1482.620876     2.168743   150.713868    81.530663    69.183204    80.192753    79.591993     0.265786   288.108507   282.545756            0     0.773316    -0.897823
        2010     3.415198   388.717041    526.60572  1482.842229      2.15724   147.198726    78.004844    69.193882    81.797347    78.637608     0.138085    288.40489   283.019624            0     1.073185    -3.381091
        2011     6.125583      390.944   525.955459  1480.373586     2.103062   150.293923    81.608575    68.685348    82.203048    78.935822     0.124337   288.256338   282.674331            0     3.323014    -0.798583
        2012     9.586377   393.015991   528.294295  1479.622968      2.42975   153.379238    83.801233    69.578005    80.889671    80.132653      0.16633   288.103367   282.525442            0     1.329744    -0.006401
        2013     8.936167   395.724976   529.912746  1479.868025     2.366897   153.534986    83.075961    70.459025    82.103822     80.76228     0.170461   288.322018   282.848821            0      0.69523    -1.586599
        2014     5.464958   397.546967   530.817508  1479.266819     2.135465   153.861039    83.311442    70.549598    83.749012    80.897564     0.112065     288.3899   283.071178            0     1.509116    -2.250243
        2015    10.692708   399.949097   533.864605  1478.880965     2.402697    156.16686     85.64779     70.51907    82.465404    81.410489          0.0   288.266729   282.886818            0     1.190204    -0.669061
        2016     12.87701   403.116974   537.458782  1478.949388      2.56688   156.739322     85.91286    70.826462    82.259047    82.320836          0.0   288.297935   282.844096            0    -0.002153    -0.006634
        2017     9.595434   405.761963   539.917613  1479.233907     2.480266   156.096089    84.780612    71.315477    83.214499    82.445822          0.0   288.452786    283.10737            0    -0.124041    -1.053196
        2018    10.431467   408.631958   541.692334  1478.597391     2.517389   157.178595    85.739774    71.438821    83.853118    82.366688          0.0   288.354753   282.990831            0     1.598365    -0.849915
        2019    11.113152   411.505951   544.463107   1478.63875     2.585067   156.946998    85.556751    71.390247    83.063893    83.148233          0.0   288.363327    282.93824            0    -0.362256     0.042981
        2020     8.936675   414.389954   545.963167  1478.394172     2.483384   158.793101    86.213741     72.57936    85.816279    84.059029          0.0    288.68095   283.449166            0     0.654652    -1.512672
        2021    12.592901   417.286957    548.56142  1477.195094     2.621353   161.510684    89.045173    72.465511    85.177824    83.898055          0.0   288.579589   283.331746            0     2.548864    -0.080691
        2022    12.404913   420.197968   552.956451  1476.820338     2.604228   161.910886    88.883831    73.027055    85.217737    84.767676          0.0   288.593826   283.328115            0    -0.278875    -0.075305
        2023    12.355309   423.124969   556.043052   1477.36914     2.689952   160.476761    87.764098    72.712663    84.266645    84.707121          0.0   288.688179   283.323865            0    -0.029624    -0.108327
        2024     9.087575    426.06897   556.897377  1478.069342     2.752599    158.05806    85.339801    72.718259    85.208355    85.307539          0.0   288.773197   283.468576            0    -0.822063    -0.601018
        2025     7.870363   429.029968   556.770388  1478.232542     2.713249   158.127327    85.135486    72.991841    86.217866    85.098468          0.0   289.010265   283.895883            0     0.164007    -1.282597
        2026      7.38416   432.010956   555.940586  1476.777912     2.636418   159.226391    86.374098    72.852293    87.907643    85.840289          0.0   289.148608   284.089338            0     1.363611    -0.612725
        2027    11.150189   435.011963   558.039284  1475.372055      2.84396   162.972673    89.648007    73.324666    87.665608     85.67188          0.0   289.066849   283.820721            0     1.877429    -0.587872
        2028    12.293038   438.032959   561.244782  1474.764345     2.903111   163.150316    89.463162    73.687154    86.439761    85.980074          0.0   289.014282   283.843564            0      0.27759     0.148024
        2029    11.260714   441.076965   562.882464  1474.944769       2.8717   161.642658    88.490971    73.151687    86.517153     86.06955          0.0   288.850568   283.586039            0     0.783739    -0.628028
        2030    12.642083   444.142944   566.197442  1475.056554     2.884283   164.072963    90.224326    73.848637    86.928045    86.675941          0.0   288.872449   283.499901            0     0.233407    -0.363889
        2031    11.415904   447.231964   568.697652  1475.194378     2.950268   164.253487    89.565826    74.687661    87.615242    87.632653          0.0   289.007068   283.744834            0    -0.567038    -0.120412
        2032    11.075802   450.332947   570.315391  1474.503165     2.926153   165.051774    90.656645     74.39513    89.047545    87.386958          0.0   288.972563   283.580929            0     1.651948    -0.969373
        2033    14.829606   453.434967   574.399254  1474.259629      3.03716   168.329122      93.2129    75.116222    87.963076      88.3211          0.0    289.08794    283.88621            0     0.807937      0.60156
        2034    10.531969   456.540955   575.917948  1475.651862      2.96576   164.221663    89.411219    74.810445    88.395743    89.030973          0.0   289.294293    284.35623            0    -1.138448    -0.757004
        2035    10.673586   459.651947   576.867209  1475.679269     2.909739   166.043651    91.277182    74.766469    90.074734    88.868886          0.0   289.283746   284.152375            0     1.459035    -1.233254
        2036    15.130019   462.769958   580.450231  1475.387836     3.033756   170.788106    95.249545     75.53856    89.729147    89.503734          0.0   289.142941   283.865512            0     2.162789     0.066019
        2037    12.870855   465.896942   584.936232  1475.347689     3.058887   170.774278    94.327204    76.447074    91.109821    89.968975          0.0   289.213555   284.026415            0    -0.127772    -1.100699
        2038    13.676464   469.032959   588.434248  1476.024081     3.007382   170.332701    93.788357    76.544344     89.73274    91.002341          0.0      289.241   284.033435            0    -0.711999     0.593209
        2039    12.807107   472.178955   590.222641  1476.742451     2.992064   170.692049    94.501666    76.190383    91.320631    90.851324          0.0   289.273334   284.071013            0     1.861949    -1.187679
        2040    15.315591   475.335968   594.908475  1476.727506     3.039397    174.99205    97.402837    77.589213    91.783405    92.178283          0.0   289.344445   284.303284            0      0.53872     0.409824
        2041    12.696593   478.503967   598.415411  1477.816986     3.002524   171.940919    94.714734    77.226184    91.700846     92.15325          0.0   289.428466    284.37152            0    -0.945451    -0.637075
        2042    10.872551    481.67395   599.970511  1478.097254     2.998005   172.269423    94.478925    77.790497    93.288598    92.511478          0.0   289.629408   284.819022            0     0.412348    -1.057388
        2043    12.629058   484.837952    601.43378  1478.377668     3.083151   172.686402    95.575714    77.110688    92.701057    92.465423          0.0   289.419569   284.316496            0     1.647022    -0.516048
        2044    14.590026   487.995941   605.126253  1478.715636     3.134908   175.611494    97.499512    78.111982    92.702338    93.760144          0.0   289.599234   284.659881            0     0.046896     0.719837
        2045    12.640555   491.149963   607.128015  1480.451284     3.079544   173.909638    96.067144    77.842494    93.155227    93.877848          0.0   289.543727   284.604569            0     0.187535    -1.013027
        2046    14.210012   494.299957   610.288065  1480.690368     3.087158   177.016407    99.004012    78.012396    94.521253    94.142783          0.0   289.512836   284.579816            0     1.701178    -0.617554
        2047    14.845824    497.44696   614.345129  1481.639161     3.088443   177.305989     98.89914    78.406849    93.775064    94.419137          0.0   289.504139   284.479186            0     0.422939    -0.304719
        2048    12.214615   500.591949   617.078239  1482.573054      3.02994   176.722756    97.716743    79.006014    95.160802    95.060375          0.0    289.71358   284.810905            0    -0.076742     -1.03432
        2049    16.131836   503.733948   620.897594  1482.787259     3.101158   181.396899   102.194667    79.202232    95.786124    95.756613          0.0   289.580587   284.526175            0     2.618699    -0.243716
        2050    15.888108   506.874969   626.537917   1484.14817     3.099087   180.302164   100.598907    79.703257    94.429385    96.229078          0.0   289.616386   284.523922            0    -1.270495     0.438783
        2051      9.46666   510.013947   627.283846  1486.635292      2.81199   175.122345    95.669621    79.452723    95.637037    95.943448          0.0   289.849493    284.83419            0    -1.019755    -2.180711
        2052    10.827694   513.136963   627.142186  1486.458231     2.979415   176.478935    97.700511    78.778424    96.440699    95.808995          0.0   289.959393   285.136955            0     2.033176    -0.454644
        2053     14.87963    516.22998   630.800853  1485.813588     3.188605   183.330392   103.543711    79.786681    98.376977    96.850472          0.0   289.737377   284.773852            0     3.034572    -0.881861
        2054    17.699477   519.291931   637.806508  1486.602769     3.237809   185.885627   104.751635    81.133991    96.747834    98.847609          0.0   289.649254   284.751209            0    -1.101628     1.310593
        2055    14.134737   522.325928   641.509637  1488.477396     3.095588   183.259323   102.191007    81.068317    97.549591    99.170236          0.0   289.877724   284.969223            0    -0.682359    -0.253982
        2056    11.959989    525.33197    643.83721  1489.651374     2.899108   184.278334   102.690347    81.587987    99.967665    98.959922          0.0   290.139256   285.353974            0     1.402852    -2.181721
        2057    14.951139   528.309937   647.805813  1489.993249     3.030678   186.753972   104.943036    81.810935    99.300401   100.101489          0.0   290.078717   285.218854            0     0.872945     0.459213
        2058    14.404027   531.260986   651.843136  1491.273771     3.125975   187.003152   104.544416    82.458736    99.486677   101.057273          0.0   290.104795   285.276386            0     -0.55018     0.290073
        2059    12.021681   534.185974   654.123946  1492.776398     3.028834   185.711417   103.009389    82.702029    100.18113   100.404547          0.0   290.289585   285.567583            0     0.324032    -1.279211
        2060    11.779623   537.084961   655.618526  1493.714833     3.016337   184.888758   102.887174    82.001584   100.232892    100.82556          0.0   290.307474   285.659429            0     0.567035    -0.345767
        2061    13.331657   539.957947    657.71416  1495.060609      3.05571   185.733443   103.999195    81.734248    99.768164   100.772245          0.0   290.193731   285.275395            0     1.131316    -0.341694
        2062     15.90181   542.794983   662.077467  1496.276059     3.102868   189.720546   106.958446      82.7621   100.126956   101.654171          0.0   290.121219   285.208706            0     0.940967     0.311764
        2063    11.927373   545.586975   665.213668  1498.643761     2.938418    187.23512   104.412001    82.823119   101.293053   101.983852          0.0   290.253538    285.46454            0    -0.708051    -1.676904
        2064    14.813339   548.334961   667.939792  1499.215714      3.01617   192.553535   109.142187    83.411348   103.119899   102.396728          0.0   290.135176   285.212109            0     4.019334    -1.295124
        2065    15.687606    551.03894   674.012322  1500.588799     3.141157   191.912506   108.137878    83.774629   101.273322   104.286723          0.0   290.161676   285.316045            0    -2.221376     1.640317
        2066    10.099168   553.699951   675.177074  1502.827102     2.837101    189.19596   105.681083    83.514877   104.007955   103.127646          0.0   290.332683   285.573985            0     1.388686    -3.118612
        2067    16.427581    556.31897   679.905483   1503.17994     2.976501   195.156472   111.066384    84.090087   103.114822    104.24348          0.0    290.26732   285.504095            0     2.094496     0.775819
        2068    16.266725   558.894958   685.717268  1505.000402     2.939151   195.945755   111.318137    84.627619   103.397561   105.028115          0.0   290.205498   285.281002            0     0.478237    -0.189908
        2069    12.702884   561.430969   689.344891  1507.886533     2.977218   192.526067   107.603294    84.922773   103.198816    105.38658          0.0   290.410701   285.696144            0    -1.410908    -0.698367
        2070    11.205081   563.924988   690.935652  1509.835272     2.867053   191.852148   107.425594    84.426555   104.320918   105.421809          0.0   290.394254   285.582751            0     0.413024    -0.847849
        2071    12.985461   566.379944   693.823825  1510.512528     2.749569   197.629803   112.265934    85.363869   107.174435   106.109671          0.0   290.452574   285.773136            0      3.26809     -1.74202
        2072    15.276707   568.771973    699.58139  1511.308895     2.893999   199.138519   112.840728    86.297792   105.467854   107.430112          0.0   290.509031   285.852429            0    -0.346949     1.165891
        2073    11.455366   571.082947   702.003314  1514.585004     2.802807   194.500891   109.266175    85.234716   105.450729   106.932396          0.0   290.551809   285.733934            0    -0.088144    -1.794443
        2074     9.843723   573.313965   702.888832   1516.14432     2.736719   193.796353   108.633735    85.162618   106.193397   106.547396          0.0    290.58905   285.895184            0     1.200822    -1.205318
        2075    14.316197   575.465942   706.697367  1517.445212      2.86684   198.996163   112.815098    86.181065   105.863612   108.861346          0.0   290.470436   285.764904            0     0.145217     1.696842
        2076     10.79698   577.539978   708.280137  1520.777567     2.777283   195.417438   110.118542    85.298896   106.430679    107.74642          0.0   290.560832   285.911872            0     0.789353    -2.016614
        2077    10.325155   579.536987   711.458411  1521.252774      2.81485   198.369217   112.070464    86.298753   108.727626   108.142344          0.0   290.586352    285.89513            0     0.749846    -1.060489
        2078    11.345976   581.457947   713.746846  1522.764183     2.599514   198.024355   111.715927    86.308428   106.974731   108.579719          0.0    290.61451   285.892149            0     0.847773     0.093579
        2079    10.573211   583.303955   716.316123  1524.444717     2.663074   200.033067   113.551151    86.481916   109.486524   109.052969          0.0   290.648459   286.026293            0     1.928905    -2.114089
        2080    13.466092   585.073975   721.273341  1525.124858      2.83622    202.17286   115.169228    87.003631   108.222771   110.150866          0.0   290.436333   285.544433            0     0.061145     1.247953
        2081     10.95616   586.769958   723.956926  1528.027768     2.566517   198.952042   112.287511    86.664532    107.42452   110.048338          0.0   290.522993   285.754469            0    -0.444412    -0.279093
        2082     11.86195   588.377991   726.365285  1531.023905     2.591294   202.203532    115.07874    87.124792   109.147167    110.66179          0.0   290.723639   286.139754            0     2.008592    -1.481514
        2083     9.371144   589.885986   729.432814  1533.060884     2.473771   200.734721   113.522437    87.212284   109.750878   110.619027          0.0    290.67404   285.949823            0     -0.16412    -1.168831
        2084      8.41303   591.295959    731.16895   1535.18656     2.419711   199.830367   112.668161    87.162206   109.591765   110.815949          0.0   290.751307   286.037335            0     0.116077    -0.901493
        2085     8.003228   592.608948   732.439926   1535.82581     2.525176    202.07665   113.926767    88.149883   111.158981   111.950944          0.0   290.917909    286.29771            0     0.704847     0.152713
        2086     7.992523   593.824951   734.697012  1536.711815     2.347715   202.897846   115.155742    87.742104   112.014519   111.360909          0.0   290.878642   286.182382            0     1.537748    -1.539615
        2087     7.781134   594.944946   736.738695  1538.251996     2.359884   201.437356   113.238542    88.198814   110.116254   112.570933          0.0   290.992993   286.467441            0    -1.374074     0.914497
        2088     4.298245   595.969971   734.483131  1540.928259     2.315995   196.307453    110.06535    86.242103   110.179979   110.764968          0.0   290.963005   286.353351            0     1.555947    -2.091274
        2089     7.255997   596.899963   735.254264  1541.756354     2.342809   201.242214   114.590926    86.651287   111.572172   111.402688          0.0   290.834146   286.078436            0     2.417105    -0.997579
        2090     8.963968   597.734985   737.880622  1543.347039     2.184832   203.069322   115.661109    87.408213   110.574064   112.667588          0.0   290.825882   286.226534            0     0.367163     0.502839
        2091     7.219192    598.47699    739.87963  1545.375739     2.255399   202.956311   114.864905    88.091406   111.407273   112.556943          0.0   290.915343   286.351694            0     0.308954    -0.879029
        2092     7.077618   599.149963   741.783375  1547.095694     2.164458   203.467511    115.40094    88.066571   111.847391   112.472666          0.0   290.938464   286.543031            0     1.024529    -1.094679
        2093     8.556191   599.776001    744.59886  1548.800481     2.289335   203.622089   116.021421    87.600667    111.01428   113.007899          0.0    290.74643   286.017279            0     0.198037     0.288832
        2094      5.85046    600.35498   746.609238  1550.429571     2.120197   203.612268   115.332933    88.279335   112.762051   113.101379          0.0   290.972325   286.394114            0     0.221176    -1.289762
        2095     3.916525   600.885986   747.491657  1550.618896     2.041651   203.614848   114.882958     88.73189    114.06543   112.558258          0.0   291.161196    286.65508            0     1.442282    -1.696497
        2096     9.105905   601.365967   751.087719  1550.313926     2.005672   209.071026   120.057054    89.013972   113.905323   114.306056          0.0   290.919759   286.224623            0     2.154937     0.705702
        2097     8.070001   601.796997   754.986156  1552.740921     1.994115   206.147483   117.240639    88.906844   112.008883   114.915097          0.0   290.931045   286.282402            0    -1.572895      0.47922
        2098     4.893469   602.177002   755.101952  1555.694152     1.876107   203.793085   115.284153    88.508932   113.002251   114.546727          0.0    291.02716   286.487576            0     0.621631    -1.408756
        2099     5.843449   602.505005   756.333888  1557.414319     1.919893   204.020338   115.673042    88.347296   112.374166   114.240915          0.0   291.038711   286.462275            0     0.200192     0.146582
        2100     3.069398   602.781982   755.311992   1559.68674     2.029232   200.582139   112.704885    87.877254   112.184208   113.970085          0.0   291.069476   286.538461            0    -0.243303    -0.486544