        time     emission          CO2         cveg        csoil        fgco2         fgpp         fnpp           ra          frh     fvegsoil         fluc          tas     tas_land        cprod     fcvegout    fcsoilout
      1850.0     0.637878   283.688113   364.080753   620.527866     0.303237    95.896893    39.096537    56.800355    37.383283    37.736099     0.087904   285.762883   279.367678     4.505964     2.010029     0.266033
      1851.0    -0.256425   283.817829   363.516871   620.571096     0.223349    95.247176    38.617195    56.629981    37.641403    37.457601     0.195755   285.944023   279.546292     5.149535     1.723476    -0.227031
      1852.0    -0.212359   283.967489   363.038697   620.570772     0.306795    94.489912    38.378864    56.111048    37.496173    37.453521     0.201824   285.928993   279.450945     5.639196     1.403517    -0.042329
      1853.0     0.020407   284.097205   362.412915   620.365269     0.320832    94.133418    38.318026    55.815392    37.161683    36.846465     0.206721   286.007691   279.582427     6.074002     2.097343    -0.109715
      1854.0     0.551796   284.216934   362.637854   620.102074     0.438222    95.759765    39.162087    56.597678    37.529367    37.563966     0.212655   286.103015   279.662443     6.452266     1.373183     0.297794
      1855.0     0.865723   284.306730   362.743399   620.008779     0.490053    96.671440    39.594786    57.076653    37.630645    37.654267     0.218410   286.013387   279.716260     6.783233     1.834973     0.116917
      1856.0     0.081167   284.416471   362.599394   620.189818     0.548488    95.495362    38.791052    56.704310    37.636334    37.585795     0.224131   286.135029   279.743787     7.059479     1.349262    -0.231578
      1857.0     0.225054   284.566162   362.146526   619.848360     0.332295    95.543948    39.034391    56.509557    37.628307    37.465829     0.227377   286.094374   279.718855     7.294482     2.021430     0.178980
      1858.0     1.688948   284.735767   362.844629   619.904889     0.403031    98.688844    40.728590    57.960254    37.937220    38.249043     0.230978   286.033290   279.742633     7.471447     1.781444     0.255293
      1859.0     0.136266   284.915360   363.064313   620.345808     0.388334    97.079538    39.463306    57.616231    38.170815    38.242970     0.234893   286.151899   279.759349     7.608608     1.000652    -0.368764
      1860.0     0.345729   285.104940   362.349322   620.287710     0.453633    95.864182    39.145932    56.718250    37.732256    37.806080     0.239896   285.980995   279.433597     7.741871     2.054844     0.131922
      1861.0    -0.038976   285.294520   361.972769   620.320709     0.312276    95.167951    38.706077    56.461874    37.597870    37.594063     0.202449   286.164050   279.775982     7.546594     1.488568    -0.036805
      1862.0     1.421345   285.464156   361.920025   620.524228     0.436989    95.719147    39.441103    56.278044    36.988442    37.364692     0.200354   285.768597   279.320913     7.384470     2.129155     0.172731
      1863.0     1.622039   285.633761   362.615842   620.737659     0.564250    98.018095    40.390601    57.627494    37.793756    38.054646     0.198204   285.898868   279.326687     7.234024     1.640138     0.047460
      1864.0     0.142383   285.803396   362.616409   621.067231     0.272667    96.384987    39.206196    57.178792    37.842754    38.181349     0.196961   285.991900   279.455002     7.109716     1.024280     0.009023
      1865.0    -0.047993   285.973002   362.042857   621.073757     0.350836    96.023602    39.076650    56.946952    37.989584    37.404121     0.194873   286.109226   279.639250     7.005541     2.246081    -0.591987
      1866.0    -0.495471   286.142637   361.775287   620.787594     0.518159    95.184145    38.533816    56.650328    38.067706    37.935936     0.193008   286.239563   279.970838     6.925471     0.865449     0.154392
      1867.0    -0.115626   286.312273   360.686052   620.268561     0.424067    93.278330    37.959950    55.318380    37.051280    36.528683     0.190689   286.093220   279.710092     6.868980     2.520502    -0.003564
      1868.0     1.195701   286.471890   361.252260   620.183997     0.298102    96.843589    39.905249    56.938340    37.459022    37.707544     0.189322   285.947524   279.626749     6.832730     1.631497     0.333086
      1869.0     0.997196   286.591649   361.540560   620.420745     0.368838    97.205449    40.004891    57.200557    37.744432    37.879490     0.187065   285.897458   279.367175     6.817376     1.837100    -0.101689
      1870.0     0.032211   286.721335   361.526808   620.583176     0.366828    95.742416    38.860601    56.881815    37.611173    37.820178     0.185354   286.023983   279.543985     6.785831     1.054176     0.046574
      1871.0    -0.435294   286.851051   360.433576   620.555810     0.367370    94.316351    38.342430    55.973922    37.430156    37.182085     0.259890   286.109419   279.673831     7.364721     2.253576    -0.220705
      1872.0     0.511862   287.020686   360.692567   620.280711     0.292314    97.073907    39.714608    57.359299    37.806697    37.843932     0.264370   286.214789   279.897180     7.884590     1.611685     0.312334
      1873.0     0.301187   287.220223   360.534306   620.300125     0.432273    95.891130    39.102688    56.788442    37.613393    37.701926     0.266893   286.219322   279.945213     8.357700     1.559022     0.069120
      1874.0     0.740294   287.419791   359.763649   620.235365     0.552968    96.067270    39.470876    56.596394    37.595463    37.083618     0.270297   286.128850   279.675301     8.777380     3.157915    -0.447085
      1875.0     2.299584   287.649291   360.752511   620.314915     0.523371    99.832251    41.464573    58.367677    37.989859    38.491049     0.272573   286.036120   279.532854     9.158412     1.984663     0.421640
      1876.0     0.582221   287.878760   360.942441   620.728195     0.574729    98.279025    39.999631    58.279394    38.330632    38.569765     0.276379   286.149039   279.787977     9.503185     1.239935    -0.174148
      1877.0     0.064964   288.108260   360.370676   620.670786     0.550302    97.017121    39.421548    57.595573    38.245819    38.028916     0.278774   286.163432   279.920799     9.799819     1.964396    -0.159493
      1878.0     1.906338   288.347717   360.486201   620.661223     0.654484    99.307426    41.155448    58.151978    38.184850    38.738132     0.282020   286.054073   279.623005    10.055782     2.301792     0.562845
      1879.0     1.873206   288.577217   360.778455   621.242034     0.640481    98.912088    40.866807    58.045282    37.899366    38.282559     0.285308   285.981580   279.543234    10.267137     2.291993    -0.197618
      1880.0     0.466740   288.826661   360.812125   621.547199     0.611380    97.413008    39.704472    57.708536    38.082931    38.444985     0.289690   286.058608   279.706977    10.416486     1.225817     0.056889
      1881.0     1.002103   289.096050   360.243235   621.510536     0.706375    97.111906    39.804873    57.307033    37.877059    37.559951     0.275890   285.966625   279.656847    10.377034     2.813811    -0.280446
      1882.0     1.342811   289.375427   360.429439   621.463926     0.646631    97.721590    40.184485    57.537105    37.798474    37.991915     0.274246   285.812055   279.320880    10.330750     2.006366     0.240051
      1883.0     1.420964   289.614914   360.623833   621.961711     0.600902    97.544664    40.158559    57.386105    37.564450    38.098081     0.273294   285.722505   279.306070    10.297709     1.866084     0.035845
      1884.0     1.245489   289.864358   360.334743   622.350189     0.700779    96.704296    39.746021    56.958276    37.514475    37.784954     0.273095   285.568850   278.873267    10.281576     2.250156    -0.117999
      1885.0     0.861900   290.153692   359.992930   622.713858     0.518126    95.652146    39.213401    56.438745    37.324577    37.479444     0.271665   285.650082   279.080484    10.285337     2.075771    -0.208801
      1886.0     1.051363   290.453043   360.375341   622.728237     0.501667    97.858188    40.100484    57.757704    37.911388    38.134274     0.270306   285.790153   279.309553    10.287945     1.583800     0.208506
      1887.0     1.661794   290.762352   360.182331   622.726804     0.422953    98.607728    40.846387    57.761341    37.933843    38.001571     0.268599   285.729619   279.283249    10.306999     3.037826     0.069161
      1888.0     1.207572   291.111580   360.757264   623.135409     0.537607    98.256560    40.398631    57.857928    38.170489    38.502553     0.268621   285.727548   279.205125    10.350010     1.321146    -0.076540
      1889.0     1.616912   291.460778   360.643580   623.334552     0.426363    98.643071    40.719224    57.923847    37.937687    38.322442     0.266505   285.723761   279.221969    10.392305     2.510466     0.185612
      1890.0     1.061415   291.810006   360.661390   623.669863     0.493883    98.356144    40.452057    57.904087    38.244626    38.425636     0.265468   285.942239   279.476809    10.461343     2.008612    -0.154301
      1891.0     0.364741   292.169222   360.028782   623.779429     0.574908    95.801770    39.041740    56.760029    37.662642    37.613340     0.310582   285.801354   279.110388    10.830896     2.061008    -0.158868
      1892.0     1.301196   292.518450   359.808487   623.548012     0.586681    98.629733    40.791063    57.838670    38.330733    38.157014     0.312588   286.008717   279.695890    11.174771     2.854344     0.057698
      1893.0     1.857285   292.827759   360.079593   623.618272     0.585425    99.219545    41.106495    58.113050    37.958268    38.158053     0.313439   285.816563   279.283876    11.501837     2.677336     0.129524
      1894.0     0.994247   293.137067   360.322780   623.851098     0.653936    98.714301    40.564710    58.149591    38.347112    38.464518     0.315550   285.975911   279.533235    11.799540     1.857006    -0.115420
      1895.0     0.043107   293.426401   359.597031   623.721172     0.627311    97.161189    39.622939    57.538249    38.299556    38.193505     0.317470   286.100811   279.753273    12.085156     2.155182     0.023876
      1896.0     2.181834   293.705777   359.413867   623.671944     0.601152    99.674300    41.563333    58.110967    38.001110    37.844359     0.320417   285.888297   279.406798    12.351924     3.902139    -0.107523
      1897.0     1.662964   293.995141   360.310842   624.125756     0.693296   100.235228    41.264474    58.970755    38.353191    39.030629     0.321428   285.960971   279.628607    12.597185     1.336869     0.223627
      1898.0     0.805915   294.294493   360.013728   624.463191     0.570731    98.760147    40.505695    58.254451    38.338081    38.724712     0.323312   285.962305   279.444735    12.814149     2.078098     0.049195
      1899.0     0.134360   294.643691   359.080148   624.657726     0.710627    96.761260    39.502858    57.258402    38.209326    38.086343     0.325058   286.108425   279.729912    13.013118     2.350096    -0.317518
      1900.0     0.717818   295.012894   358.149400   624.437846     0.714590    96.366602    39.650210    56.716392    37.830520    37.836379     0.326707   286.152448   279.875886    13.225368     2.744578     0.225738
      1901.0     2.257446   295.352135   358.563870   624.218895     0.715768    99.700293    41.525097    58.175195    38.067985    38.009127     0.325660   286.006697   279.648890    13.405761     3.101500     0.160094
      1902.0     2.204415   295.671400   359.259313   624.603276     0.711377   100.659368    41.888087    58.771281    38.327534    39.039638     0.325868   285.990951   279.486303    13.467500     2.153005     0.327723
      1903.0    -0.054881   295.990696   358.696926   624.953209     0.923888    96.241088    39.208106    57.032982    38.115450    38.124051     0.325492   285.988949   279.467785    13.522890     1.646443    -0.341331
      1904.0     0.370978   296.290048   357.178239   624.844165     0.853333    95.721191    39.389645    56.331546    37.833546    37.483930     0.325633   285.940914   279.404298    13.623034     3.424401    -0.240571
      1905.0     1.599259   296.629289   357.271069   624.612267     0.722406    97.542147    40.477528    57.064619    37.598127    37.453351     0.323783   285.890155   279.418881    13.713229     2.931348     0.087121
      1906.0     1.340194   296.998461   357.396361   624.602734     0.632231    98.569014    40.748054    57.820960    37.964491    38.278942     0.323310   285.884436   279.385686    13.808410     2.343819     0.323985
      1907.0     1.627710   297.437486   357.459007   624.820170     0.759684    98.705797    40.829701    57.876096    38.093407    38.217952     0.322677   285.874695   279.270658    13.913868     2.549102    -0.092891
      1908.0     1.109319   297.856536   357.013856   624.860391     0.730727    98.658530    40.622759    58.035771    38.339981    38.381882     0.322864   286.079958   279.531401    14.026178     2.686027     0.001681
      1909.0     1.058339   298.275615   356.591492   624.924036     0.719480    97.916931    40.373770    57.543161    38.155375    38.200145     0.322236   286.089833   279.643280    14.150271     2.595989    -0.018875
      1910.0     2.658132   298.714640   356.994401   624.815623     0.766355   101.028245    42.234413    58.793831    38.512190    38.290623     0.320832   286.083998   279.625005    14.332491     3.540881    -0.113153
      1911.0     1.830398   299.163622   357.789150   624.989690     0.748009   101.566071    42.000353    59.565718    38.972865    39.326560     0.332170   286.129229   279.693649    14.446059     1.879043     0.179627
      1912.0     1.657913   299.682485   357.477764   625.238388     0.918204    99.988345    41.309081    58.679264    38.779814    39.131752     0.332282   286.048785   279.471153    14.581151     2.488715     0.103240
      1913.0     2.422775   300.241238   357.074854   625.394491     0.931031    99.673045    41.486917    58.186128    38.248207    38.325542     0.330951   285.900212   279.240946    14.714410     3.564285    -0.078768
      1914.0     2.252731   300.750115   357.398479   625.709253     0.944226    99.999698    41.496568    58.503130    38.314623    38.715393     0.330720   285.919714   279.369066    14.851878     2.457549     0.086008
      1915.0     1.493932   301.268948   357.473523   625.908488     0.845634   100.739684    41.638178    59.101507    39.128336    39.023578     0.330339   286.082133   279.547111    14.981207     2.539556    -0.303993
      1916.0     0.435755   301.807756   356.427196   625.673574     0.906991    97.617933    39.857149    57.760784    38.541417    38.384122     0.331008   286.229627   279.909686    15.108665     2.519354     0.077619
      1917.0     3.086319   302.336577   356.196750   625.481272     1.106642   100.398555    42.051096    58.347459    38.270029    38.214383     0.329406   286.076245   279.819765    15.246617     4.067159     0.136655
      1918.0     2.193258   302.775602   357.089095   625.816921     1.083611   101.175595    41.989026    59.186569    38.764395    39.176989     0.329384   286.051904   279.571028    15.373192     1.919693     0.076945
      1919.0     1.745726   303.134787   356.539585   625.941869     0.989584    99.822246    41.370639    58.451606    38.307837    38.427117     0.329427   285.945098   279.403784    15.510418     3.493032    -0.005668
      1920.0     1.273041   303.573812   356.500149   626.151565     0.909834    99.686931    40.990795    58.696136    38.474705    38.585326     0.329685   286.094656   279.665382    15.661105     2.444906    -0.099075
      1921.0     1.680753   303.923040   356.425032   625.988072     0.991840   100.840876    41.795826    59.045050    38.679818    38.673600     0.363609   286.237574   279.912806    15.899261     3.197342     0.157275
      1922.0     2.330816   304.262281   356.488730   626.307924     0.976710   101.438574    42.368807    59.069767    38.577001    38.867487     0.364080   285.884395   279.493123    16.116232     3.437622    -0.029365
      1923.0     2.238725   304.591534   356.899604   626.712216     0.943683   101.934716    42.437009    59.497706    38.643993    39.200905     0.365602   285.818107   279.258243    16.327988     2.825230     0.152620
      1924.0     1.551312   304.950750   356.696453   627.048102     0.982108   101.713254    42.226501    59.486754    39.160470    39.182274     0.367476   286.090841   279.535913    16.517635     3.247378    -0.314082
      1925.0     0.906197   305.130342   356.347702   626.998312     0.845436   100.865458    41.676487    59.188971    38.815124    38.854889     0.367840   286.012936   279.719734    16.713818     3.170349     0.089554
      1926.0     1.096332   305.270046   356.334928   627.313507     0.923753   101.912668    42.298787    59.613881    39.120896    39.440192     0.368623   286.124334   279.781290    16.901348     2.871369     0.004101
      1927.0     2.064152   305.499515   356.500425   627.378113     0.824855   102.702296    42.935630    59.766666    38.854584    39.223829     0.369403   286.016844   279.704896    17.092424     3.546304     0.304640
      1928.0     1.753167   305.649176   356.936660   627.810736     0.901756   103.606169    43.255412    60.350757    39.288278    39.918707     0.371545   286.080701   279.665967    17.271214     2.900471     0.197806
      1929.0     0.277139   305.808824   356.401996   628.338248     0.848611   101.200020    41.916334    59.283686    39.421353    39.589450     0.370926   286.215339   279.752661    17.447506     2.861548    -0.359415
      1930.0     1.503245   305.938540   355.899721   628.272191     0.777319   102.072854    42.792818    59.280036    38.942198    38.929739     0.371982   286.063600   279.591362    17.616764     4.365354     0.053599
      1931.0     2.318786   306.138107   356.395002   628.835294     0.855090   103.730143    43.598924    60.131219    39.056186    39.649759     0.423811   285.929372   279.619739    17.950787     3.453885     0.030469
      1932.0     0.913742   306.407496   356.410103   629.201957     0.882271   101.706334    42.022331    59.684003    39.081906    39.431522     0.426264   286.123908   279.638606    18.267250     2.575707    -0.017046
      1933.0    -0.338533   306.716805   355.146324   629.338516     0.864439    98.523835    40.385630    58.138205    38.763369    38.787144     0.425823   286.230321   279.766414    18.557043     2.862264    -0.112783
      1934.0     0.367530   307.095965   353.617061   628.951429     0.917761    98.072212    40.670969    57.401242    38.621809    37.821041     0.426313   286.241408   279.916516    18.840437     4.379193    -0.413681
      1935.0     1.635518   307.544977   353.663768   628.681678     0.807308    99.985896    41.730954    58.254942    38.374407    38.440007     0.427694   286.129756   279.654481    19.126619     3.244240     0.335350
      1936.0     2.871165   308.323242   353.748338   628.835377     0.904968   101.975097    42.614785    59.360313    38.776184    39.010493     0.429316   286.205576   279.660971    19.375883     3.519722     0.080610
      1937.0     2.527071   309.071576   353.910305   628.871403     0.950387   103.299685    43.110496    60.189189    39.482405    39.691939     0.429639   286.382794   280.067757    19.595263     3.256590     0.173508
      1938.0     1.955276   309.600396   353.617243   629.044158     0.954669   102.716392    42.908428    59.807964    39.467484    39.563894     0.430383   286.324079   279.969954    19.787844     3.637596    -0.076346
      1939.0     3.385317   310.159149   354.298634   629.368911     0.907872   105.353111    44.436418    60.916692    39.414939    40.015186     0.432056   286.177314   279.715296    19.965300     3.739841     0.275495
      1940.0     2.401202   310.667995   354.486706   629.986290     0.893553   104.125590    43.613835    60.511755    39.500090    40.160064     0.435300   286.107504   279.624227    20.140717     3.265699     0.042595
      1941.0     1.732294   311.117007   354.185613   630.475610     1.023394   103.980105    43.372554    60.607551    39.812759    40.037398     0.568570   286.256751   279.866334    20.639679     3.636249    -0.264681
      1942.0     0.350326   311.476223   353.348871   630.258341     0.941095   102.459913    42.411363    60.048551    39.905461    39.488942     0.571533   286.509004   280.152222    21.155827     3.759164    -0.199251
      1943.0     1.362684   311.695735   352.863186   630.136915     0.981553   103.968104    43.490408    60.477696    39.657407    39.584378     0.573738   286.456051   280.128678    21.633801     4.391715     0.048398
      1944.0     1.584346   311.715680   353.091065   630.351336     0.861233   105.009718    44.138834    60.870884    39.458033    39.978714     0.577520   286.310736   279.798110    22.065851     3.932241     0.306261
      1945.0     0.988078   311.685748   353.319026   630.932868     0.925045   104.807444    43.889928    60.917516    39.721342    40.341959     0.579113   286.322326   279.865821    22.459684     3.320008     0.039085
      1946.0     0.625227   311.695735   352.603756   631.325445     0.697754   104.359214    43.772719    60.586494    39.785818    39.984467     0.580810   286.251841   279.706855    22.830093     4.503524    -0.193928
      1947.0     0.978631   311.795489   352.394010   631.614814     0.721899   104.394328    43.824034    60.570295    39.683550    40.139421     0.583399   286.344620   279.892080    23.172430     3.894359     0.166502
      1948.0     0.348695   311.825421   352.172588   631.912505     0.921928   104.574855    43.591733    60.983123    40.140993    40.108202     0.588022   286.438033   280.257786    23.477324     3.704953    -0.330482
      1949.0     0.308857   311.935192   351.461594   632.070150     0.875292   102.900924    42.793953    60.106971    39.478215    40.019413     0.589378   286.370662   280.037923    23.673880     3.485534     0.383553
      1950.0     2.086864   312.124772   350.955946   632.483976     0.847639   104.939685    44.484932    60.454753    39.543888    39.894168     0.591380   286.234608   279.851519    23.874393     5.096412    -0.063546
      1951.0     0.397201   312.314353   350.604322   632.867730     0.941064   103.732693    43.319509    60.413184    39.962517    40.125104     0.734287   286.392864   279.976302    24.574062     3.546029    -0.221166
      1952.0    -0.064385   312.643606   349.640205   632.732259     0.775825   103.216082    43.066198    60.149884    40.191534    40.175633     0.740218   286.534572   280.150391    25.209970     3.854683     0.119569
      1953.0     1.122585   313.032754   348.493783   632.657207     0.788802   103.853844    43.721254    60.132590    39.875377    39.872783     0.740249   286.419098   280.060209    25.858400     4.994892     0.072458
      1954.0     2.369590   313.391939   348.870188   632.820655     0.796225   106.508271    45.208984    61.299287    39.927857    40.330545     0.741736   286.303744   279.877571    26.422106     4.502034     0.239240
      1955.0     1.524797   313.711235   348.840385   633.369896     0.869311   106.644512    44.907896    61.736617    40.379454    40.738362     0.745750   286.431649   280.068290    26.934826     4.199337    -0.190333
      1956.0     0.365740   314.000599   347.836720   633.641621     0.908060   104.878436    43.959095    60.919341    40.520690    40.660599     0.751899   286.467510   280.002936    27.404774     4.302161    -0.131816
      1957.0     0.448549   314.289933   346.765663   633.778257     1.004804   104.239174    43.754483    60.484691    40.338016    40.487775     0.753411   286.578092   280.273664    27.820889     4.337765     0.013123
      1958.0     0.637722   314.639161   345.399986   633.551593     0.912336   103.968168    43.852480    60.115688    40.268333    39.979374     0.755300   286.600778   280.312663    28.195253     5.238783    -0.062295
      1959.0     2.167115   315.108117   345.358047   633.833925     1.054967   105.443055    44.741160    60.701895    39.956260    40.464051     0.756956   286.361032   279.845550    28.507858     4.319048     0.225460
      1960.0     2.182269   315.916315   344.730827   634.111265     0.958424   105.586556    44.509651    61.076905    40.262593    40.540962     0.762505   286.448061   280.015867    28.777800     4.595909     0.001029
      1961.0     2.280517   316.594796   344.595454   634.299482     1.089152   105.678956    44.713049    60.965906    40.303707    40.633659     0.549395   286.461579   280.075006    28.157103     4.214764     0.141735
      1962.0     1.535088   317.333172   343.916617   634.248047     1.030208   105.218568    44.231858    60.986710    40.591361    40.465612     0.543100   286.687032   280.441122    27.603264     4.445082    -0.074314
      1963.0     2.787377   317.941802   343.477198   634.398853     1.211662   105.614583    44.870668    60.743916    39.817120    40.164839     0.536991   286.491861   280.211146    27.139383     5.145248     0.196913
      1964.0     3.100820   318.620283   343.855220   634.703449     1.175789   107.156305    45.558578    61.597727    40.355280    40.831051     0.532768   286.374718   279.833338    26.771542     4.349505     0.171175
      1965.0     1.844713   319.109215   343.398951   634.888093     1.200829   105.377699    44.511249    60.866451    40.219723    40.160879     0.524935   286.422436   280.030732    26.444002     4.806639    -0.243488
      1966.0     4.102266   320.166857   343.608140   635.039298     1.234207   107.393237    45.719904    61.673333    40.430574    40.549067     0.517819   286.433470   280.134443    26.207127     4.961648    -0.032712
      1967.0     2.234053   320.765529   343.256505   635.414981     1.270387   105.614828    44.587150    61.027678    40.115552    40.699291     0.511749   286.451179   280.104764    26.031326     4.239494     0.208057
      1968.0     2.466940   321.673511   342.806838   635.821724     1.264880   105.601546    44.474988    61.126559    40.422116    40.732709     0.506488   286.451264   280.045322    25.924740     4.191946    -0.096150
      1969.0     2.767275   322.531585   342.045557   635.694119     1.191912   106.065439    45.008186    61.057252    40.476743    40.502786     0.498353   286.531160   280.272314    25.891270     5.266680     0.153648
      1970.0     5.766285   324.058183   342.430994   636.071475     1.376951   108.577409    46.498697    62.078712    40.580514    40.888437     0.492254   286.337027   279.918310    25.954811     5.224824    -0.069433
      1971.0     3.850372   324.676800   343.455972   636.528801     1.373972   110.587103    47.301285    63.285818    41.226705    41.950388     0.470811   286.374797   280.084448    25.974920     4.325919     0.266356
      1972.0     4.906304   326.622479   342.995090   636.925544     1.546238   107.144512    45.137150    62.007362    41.047497    41.102837     0.471593   286.508155   280.131076    25.992584     4.495195    -0.341403
      1973.0     6.703068   329.176787   342.679051   636.760668     1.686867   108.035139    45.686237    62.348902    41.182453    41.158697     0.470076   286.663332   280.505318    26.039450     4.843579     0.141120
      1974.0     4.294359   330.024904   342.541086   637.020319     1.590978   108.046742    46.160486    61.886256    40.435263    40.764637     0.467897   286.409959   280.227932    26.090450     5.533814     0.069723
      1975.0     2.959268   330.094725   343.308128   637.616811     1.549409   110.204616    47.100417    63.104200    40.797834    41.658095     0.467793   286.384698   280.065983    26.080240     4.675281     0.263769
      1976.0     2.985487   330.803169   343.239586   638.049227     1.507762   109.877657    46.578993    63.298664    41.574513    41.695445     0.468319   286.539013   280.291269    26.178207     4.952090    -0.311484
      1977.0     5.729694   332.609144   343.337707   638.270602     1.569913   109.494052    46.535120    62.958931    41.370884    41.777572     0.466001   286.533096   280.280289    26.258533     4.659427     0.185314
      1978.0     5.991591   334.265458   343.620142   638.476539     1.680763   110.206505    47.100320    63.106184    41.300104    41.574098     0.465399   286.491791   280.168586    26.369242     5.243788     0.068057
      1979.0     4.853976   335.851921   343.784466   638.924430     1.764600   108.781086    45.979677    62.801409    41.233434    41.657200     0.464112   286.565411   280.293609    26.489433     4.158153    -0.024126
      1980.0     6.722861   337.947260   343.484078   638.929189     1.893842   109.930713    46.863648    63.067065    41.418724    41.396175     0.464653   286.713853   280.558394    26.579058     5.767861    -0.027308
      1981.0     5.664588   339.304222   344.021130   639.233382     1.747675   111.774258    47.973878    63.800380    41.795341    42.339077     0.520468   286.615192   280.235502    26.914309     5.097749     0.239542
      1982.0     5.116801   339.882950   344.784205   640.005928     1.647853   113.040757    48.855149    64.185608    41.406466    42.469894     0.522892   286.341408   279.870204    27.288240     5.622180     0.290883
      1983.0     7.160772   341.509302   345.672164   641.269600     1.755209   113.238948    48.941565    64.297382    41.662872    42.873987     0.525423   286.197392   279.638940    27.732122     5.179619    -0.052557
      1984.0     6.201999   343.245456   345.791195   642.391522     1.807659   112.351834    48.063586    64.288248    42.003480    43.045141     0.529346   286.350785   280.006482    28.192959     4.899414    -0.080262
      1985.0     6.446761   344.692215   346.187426   643.094825     1.686363   113.796074    48.992139    64.803934    41.920738    42.819972     0.529997   286.259096   279.853971    28.556293     5.775937     0.195931
      1986.0     5.748103   346.129017   346.827528   644.159374     1.806527   114.293559    48.979816    65.313743    42.571837    43.604984     0.532507   286.565884   280.347443    28.927914     4.734730    -0.031403
      1987.0     5.734021   347.994856   346.439889   644.464848     2.010713   112.657160    47.978390    64.678770    42.652550    42.809264     0.535508   286.807910   280.560573    29.278442     5.556764    -0.148760
      1988.0     6.678016   350.499287   346.036811   644.553051     2.116924   112.069267    47.487819    64.581448    42.754521    42.484877     0.538860   287.014788   280.804296    29.616497     5.406021    -0.357847
      1989.0     5.847940   352.105725   345.697925   644.130636     2.127247   114.011201    48.896506    65.114694    43.046198    42.855145     0.539201   287.163912   281.099410    29.919416     6.380248     0.231362
      1990.0     6.841897   353.283095   346.941966   644.552033     2.090038   116.502450    50.500770    66.001680    42.511957    43.674091     0.541521   286.740338   280.467512    30.152149     5.582638     0.740737
      1991.0     6.762123   354.560249   348.198988   645.714046     2.049869   117.027978    50.606534    66.421444    43.021996    43.936930     0.429831   286.655225   280.269157    29.804300     5.412582    -0.247078
      1992.0     5.175723   355.438298   348.819344   646.550335     2.010274   115.712882    49.700428    66.012454    42.908343    43.825702     0.429187   286.559342   280.224181    29.483315     5.254370     0.081070
      1993.0     4.583308   356.126767   349.358907   647.347589     2.036797   115.237747    49.513195    65.724552    42.774425    43.642726     0.425340   286.607971   280.383756    29.254805     5.330906     0.071047
      1994.0     6.038108   357.453798   349.692453   647.932072     2.058787   116.313644    50.007244    66.306400    43.195174    43.597383     0.422692   286.675130   280.365480    29.054907     6.076315    -0.182273
      1995.0     7.630071   359.439365   350.848979   648.328508     2.146638   117.881386    50.615057    67.266329    43.639970    44.217138     0.420154   286.882123   280.789945    28.935581     5.241394     0.180731
      1996.0     6.774818   361.195464   351.503839   648.879906     2.182461   117.975670    50.526462    67.449208    43.839827    44.519389     0.418534   286.969592   280.835860    28.780649     5.352212     0.128165
      1997.0     6.047720   362.442686   351.722539   649.235174     2.156150   117.383778    50.465611    66.918167    43.573254    43.945570     0.414588   286.897257   280.745107    28.753677     6.301341     0.017048
      1998.0    10.347336   365.116722   353.367982   650.009644     2.335354   120.315372    52.147410    68.167962    44.093584    45.046615     0.412043   286.800601   280.608768    28.689316     5.455352     0.178561
      1999.0     7.756412   367.022481   354.243559   650.808485     2.417390   119.156177    51.066879    68.089298    44.027437    44.970053     0.410564   286.893076   280.741039    28.716539     5.221250     0.143775
      2000.0     5.583859   368.299635   354.554087   651.202068     2.302661   118.858231    50.993941    67.864290    44.619430    44.804151     0.409213   286.981493   280.793767    28.873077     5.879262    -0.208862
      2001.0     7.139952   369.846208   355.004705   651.647947     2.334537   119.201049    51.380174    67.820875    44.141635    44.359913     0.493073   286.888733   280.822353    29.341032     6.569644    -0.227601
      2002.0     8.836016   372.001381   356.282226   652.191901     2.279723   120.361497    52.119991    68.241506    44.432905    45.238088     0.398859   286.797288   280.509708    29.130510     5.604382     0.261228
      2003.0     9.424117   374.575664   357.352312   652.942518     2.365276   121.851310    52.488856    69.362455    44.797436    45.723646     0.625329   286.892138   280.840931    29.410900     5.695123     0.175594
      2004.0     8.175571   376.152139   358.240116   653.894814     2.438940   123.681003    53.645377    70.035626    45.095046    46.120730     0.657720   286.886254   280.765451    30.333521     6.636843     0.073388
      2005.0     7.196804   378.067885   359.010745   654.540204     2.547347   121.538090    51.972219    69.565871    45.370099    45.981266     0.434247   287.183180   281.192871    30.651354     5.220324    -0.034223
      2006.0     7.914277   380.163224   359.380965   654.779528     2.401580   121.320143    52.175933    69.144210    45.248825    45.353836     0.433647   287.197630   281.131539    30.460632     6.451876    -0.134312
      2007.0     8.708628   381.749687   360.963378   655.430039     2.348079   124.105145    53.868311    70.236834    45.022552    45.813230     0.418540   286.939732   280.873888    30.388241     6.472667     0.140168
      2008.0     9.721091   383.884915   363.032334   656.443392     2.417881   125.608319    54.369727    71.238592    45.540517    47.237146     0.477254   287.022871   280.792261    30.380501     5.063625     0.683276
      2009.0     6.003093   385.421501   363.879863   657.348322     2.500814   123.621278    52.723364    70.897914    46.498814    46.599841     0.527328   287.444877   281.554698    30.351175     5.275994    -0.803904
      2010.0     7.386409   387.856080   362.862149   657.294477     2.633907   121.550950    51.956967    69.593983    45.814539    45.833373     1.070137   287.493109   281.638214    32.335564     7.141307     0.072680
      2011.0    10.056349   390.071148   364.481498   657.585228     2.689912   125.412756    54.487890    70.924867    45.607029    46.521730     0.594004   287.118483   281.124062    32.598217     6.346811     0.623950
      2012.0     8.812438   392.146512   365.975185   658.508443     2.734920   126.444188    54.598367    71.845820    46.474536    47.385227     0.559259   287.356768   281.373470    32.761871     5.719454    -0.012523
      2013.0     8.881625   394.840523   365.782249   659.204343     2.681700   124.438246    53.622298    70.815948    46.341377    47.005899     0.992389   287.333080   281.356964    33.812046     6.809336    -0.031379
      2014.0     8.536769   396.666442   366.376325   659.889384     2.661253   125.893906    54.559264    71.334642    45.783689    46.583378     0.801317   287.207440   281.271848    34.705627     7.381810     0.114649
      2015.0     9.503401   399.061133   367.993733   660.700964     2.761588   126.596040    54.684883    71.911157    46.356145    47.554922     0.625384   287.347538   281.483813    34.708920     5.512553     0.387198
      2016.0    11.801076   402.224071   368.430909   661.390826     2.837991   127.060170    55.171799    71.888372    46.254011    46.913146     0.619462   287.358675   281.384939    35.206852     7.821477    -0.030727
      2017.0    10.149273   404.838243   369.699722   662.170205     3.013118   127.087629    54.973699    72.113930    46.660804    47.479756     0.620581   287.404106   281.290052    35.556683     6.225130     0.039572
      2018.0     9.037645   407.651983   369.617888   662.708416     2.948389   124.475371    53.386422    71.088949    46.530269    46.742184     0.617876   287.481205   281.536557    35.772289     6.726073    -0.326295
      2019.0    11.142081   410.425803   370.289098   663.133001     2.999496   127.336551    55.438354    71.898197    46.393857    46.819792     0.645904   287.371817   281.423566    36.006447     7.947351     0.001350
      2020.0    10.522982   413.179679   371.804484   663.673567     2.989424   128.512234    55.571310    72.940924    46.856412    47.658243     0.632377   287.496360   281.685941    36.150723     6.397681     0.261265
      2021.0    11.495735   415.913579   373.098536   664.460696     3.033984   129.705919    56.594002    73.111917    46.847435    47.951078     0.635215   287.364136   281.368881    35.769890     7.348873     0.316514
      2022.0     9.999367   418.607591   373.973702   665.717997     2.997648   128.161079    55.438104    72.722975    46.999735    48.145760     0.632545   287.526306   281.575395    35.458763     6.417178    -0.111277
      2023.0     9.770299   421.241708   374.859398   665.888820     2.971107   129.751794    56.114157    73.637637    47.808335    48.176496     0.626025   287.800271   281.920847    35.213203     7.051965     0.197338
      2024.0     9.363518   423.815991   375.470986   666.356581     2.967486   129.643113    56.149822    73.493291    48.023702    48.514085     0.617096   287.892939   282.052077    35.049644     7.024149     0.022622
      2025.0    11.447764   426.340367   377.071309   666.826150     3.003945   133.191866    58.218776    74.973090    47.833064    48.382317     0.611806   287.791166   281.996634    34.934235     8.236136     0.079684
      2026.0     9.809300   428.814836   378.793954   667.533520     3.126577   131.513094    56.790903    74.722191    48.066093    49.045400     0.589572   287.782948   282.015009    34.733814     6.022857     0.271937
      2027.0    10.000144   431.239458   379.049416   668.312956     3.080822   131.102726    57.056632    74.046094    48.051575    48.757020     0.597013   287.860118   281.958583    34.622131     8.044151    -0.073991
      2028.0    10.307456   433.614143   380.655054   668.786472     3.080321   133.669814    58.287968    75.381846    48.701852    49.468979     0.578847   287.916043   282.147465    34.550636     7.213352     0.293610
      2029.0    12.003746   435.958926   382.854247   669.780955     3.039062   136.071030    59.766785    76.304245    48.362495    49.612188     0.572203   287.570702   281.538165    34.497673     7.955404     0.255210
      2030.0    10.112854   438.253833   384.344952   671.323744     3.087244   135.141741    58.979908    76.161833    49.158295    50.508568     0.573020   287.725840   281.806970    34.554268     6.980634    -0.192516
      2031.0     9.732667   440.498832   385.333013   672.340177     3.096088   134.823212    58.809178    76.014034    49.134901    50.435030     0.660369   287.787260   281.863976    34.938850     7.386088     0.283695
      2032.0     8.990796   442.703912   385.903855   672.791474     3.106572   135.052601    58.729280    76.323320    49.856338    49.885079     0.656391   287.998917   282.269680    35.285416     8.273360    -0.422556
      2033.0    10.391969   444.839140   387.318865   673.400909     3.090600   136.308500    59.726163    76.582337    49.148172    50.128306     0.658201   287.842474   282.047956    35.668694     8.182847     0.370699
      2034.0     8.915807   446.904547   388.307198   674.562762     3.131714   133.250938    57.770760    75.480177    48.701731    49.793922     0.641765   287.828836   282.049740    35.972370     6.988505    -0.069661
      2035.0     9.697565   448.920077   389.220417   675.300327     3.035892   135.111005    59.085325    76.025680    48.990811    49.891019     0.671830   287.807094   281.831149    36.264465     8.281087     0.162643
      2036.0     7.447004   450.865725   390.130777   675.738987     2.967527   134.778117    58.243792    76.534325    50.045816    50.413762     0.716901   288.215034   282.462183    36.735081     6.919670    -0.070714
      2037.0     8.110265   452.761496   390.238126   675.900550     2.965963   133.983588    58.342102    75.641486    49.362759    49.745833     0.716263   288.126599   282.336452    37.179203     8.488920     0.221512
      2038.0     9.053616   454.587446   391.721810   676.656908     2.926008   136.504824    59.799331    76.705493    49.553635    50.253911     0.727724   288.041237   282.327072    37.566315     8.061736    -0.056082
      2039.0     9.872022   456.363489   393.553559   677.414275     2.956626   139.205057    61.321670    77.883387    50.071986    51.210660     0.718613   288.051895   282.184563    37.929493     8.279261     0.381307
      2040.0     7.720962   458.089624   394.488756   678.450513     2.858541   138.150530    60.159367    77.991164    50.733495    51.365221     0.703111   288.256377   282.575831    38.201077     7.858949    -0.404512
      2041.0     7.288638   459.755926   394.676145   678.784812     3.018059   136.127169    58.988793    77.138376    50.070441    50.399442     0.757849   288.372635   282.699161    38.411934     8.401962    -0.005298
      2042.0     8.390674   461.362364   395.984086   679.179025     2.955882   138.760447    60.912632    77.847815    50.470527    51.337040     0.760692   288.266794   282.486419    38.596245     8.267652     0.472299
      2043.0     6.239037   462.898919   396.280238   679.822977     2.788212   135.911624    58.968668    76.942956    50.419401    50.961058     0.762897   288.270613   282.535093    38.840099     7.711458    -0.102295
      2044.0     8.314038   464.365654   396.887471   680.351795     2.896262   138.310001    60.705816    77.604185    50.214414    50.628650     0.732814   288.082712   282.187439    39.026421     9.469933    -0.114581
      2045.0     6.653958   465.772524   398.463312   680.733505     2.863606   139.142372    60.445278    78.697094    51.204433    51.666115     0.745208   288.414286   282.758888    39.227474     7.203322     0.079973
      2046.0     5.604817   467.119529   397.652062   680.957843     2.824769   135.270990    59.003837    76.267154    50.538272    50.677722     0.837245   288.341049   282.620928    39.588955     9.137365    -0.084887
      2047.0     6.165801   468.396683   398.288398   681.206484     2.825658   137.548600    60.191505    77.357096    50.839911    51.413800     0.837903   288.462123   282.831633    39.934849     8.141368     0.325247
      2048.0     6.835791   469.613973   398.591393   681.650482     2.914417   137.879757    60.609840    77.269916    50.586158    51.142593     0.829174   288.265035   282.480473    40.279903     9.164252     0.112437
      2049.0     5.925365   470.771399   398.584820   682.112105     2.724853   135.145630    59.065886    76.079744    49.844354    50.127072     0.817381   288.225926   282.566266    40.618153     8.945387    -0.178905
      2050.0     7.696827   471.868960   400.368599   682.640623     2.804274   141.687231    62.708277    78.978954    51.366496    52.329627     0.804933   288.254223   282.517393    40.965324     8.594872     0.434613
      2051.0     4.786906   472.896670   400.275995   683.379664     2.706436   137.701305    60.026293    77.675013    51.208428    51.641594     0.963256   288.494341   282.819240    41.898083     8.477303    -0.305875
      2052.0     5.590154   473.894447   400.206984   683.765616     2.613561   138.857521    61.029849    77.827671    51.231351    51.695354     0.929158   288.558281   282.963113    42.661579     9.403506     0.078051
      2053.0     6.392885   474.862293   400.844897   684.111350     2.628610   139.161772    61.312559    77.849214    50.761957    50.987612     0.914091   288.300175   282.602636    43.318924     9.687033    -0.120079
      2054.0     5.154852   475.800175   401.657405   684.770669     2.610570   139.814589    61.346469    78.468120    51.548019    52.638752     0.946684   288.452231   282.776960    44.029255     7.895210     0.431414
      2055.0     3.708628   476.718144   400.967204   685.117045     2.574426   137.191075    59.801781    77.389294    51.405928    51.295354     0.935273   288.669961   283.014627    44.652729     9.196628    -0.456950
      2056.0     5.206986   477.616138   400.454936   685.355312     2.654948   137.276051    60.347103    76.928949    50.438963    50.723102     1.032481   288.420032   282.669442    45.452293    10.136269     0.045871
      2057.0     6.530136   478.474242   401.562994   685.750282     2.776361   141.641469    62.826187    78.815282    51.473755    52.349777     1.047399   288.469461   282.807488    46.145943     9.368352     0.481052
      2058.0     4.116441   479.312372   401.536440   686.708075     2.581783   138.428299    60.698533    77.729766    51.460476    52.182340     1.049079   288.530871   282.985981    46.845608     8.542747    -0.235929
      2059.0     4.518275   480.120569   400.673338   686.971165     2.486610   137.697234    60.721994    76.975240    50.910659    51.088942     1.037512   288.536621   282.846589    47.381527    10.496154    -0.084808
      2060.0     5.888423   480.898834   401.643409   687.216016     2.611201   142.724704    63.445911    79.278793    51.899945    52.626246     1.040230   288.541746   283.045543    47.839066     9.849594     0.481450
      2061.0     4.830277   481.647168   401.895583   688.106277     2.481722   141.870518    62.986034    78.884484    52.081738    53.021474     1.157993   288.495604   282.989309    48.506840     9.712387     0.049475
      2062.0     5.040650   482.375556   401.815299   688.865563     2.533509   142.659833    63.475555    79.184277    52.427025    52.687146     1.133755   288.536711   283.049650    49.089527    10.868695    -0.499165
      2063.0     4.565051   483.073982   401.817885   689.610946     2.434926   141.832978    63.066289    78.766689    52.082304    53.181785     1.170256   288.359093   282.608125    49.698181     9.881918     0.354098
      2064.0     5.051382   483.742506   401.702157   690.442515     2.421471   143.175089    63.784301    79.390788    52.247639    53.137579     1.183521   288.425598   282.737541    50.206287    10.762449     0.058371
      2065.0     3.463951   484.391056   401.208665   691.626660     2.356661   139.732709    61.987053    77.745656    51.652964    52.934184     1.216108   288.367468   282.628491    50.720703     9.546361     0.097075
      2066.0     4.288702   485.019661   400.713840   692.126071     2.420286   142.628318    63.836490    78.791828    52.627609    53.026592     1.301492   288.500782   282.863303    51.579845    11.304724    -0.100428
      2067.0     3.346148   485.618333   400.135494   692.533177     2.303612   141.977113    63.247816    78.729297    52.700461    52.902921     1.255904   288.669086   283.186702    52.276707    10.923240    -0.204646
      2068.0     4.255966   486.187043   399.921139   693.185592     2.394566   142.658764    63.918974    78.739790    52.390748    53.249807     1.264800   288.487536   282.786149    52.935596    10.883522     0.206643
      2069.0     3.036557   486.735839   399.476546   693.813784     2.385602   142.002471    63.382287    78.620183    52.805556    53.442262     1.231711   288.674750   283.140413    53.437778    10.384619     0.008514
      2070.0     2.552441   487.244685   398.509393   694.059948     2.175687   141.753664    63.368958    78.384706    52.891474    52.804131     1.251515   288.827745   283.270986    53.962379    11.531979    -0.333506
      2071.0     3.126998   487.733617   397.318742   694.339600     2.193831   140.487015    63.196906    77.290110    52.167007    52.342432     1.354138   288.612432   283.114197    54.692772    12.045125    -0.104227
      2072.0     3.885312   488.182598   397.557604   695.022572     2.324481   144.053482    65.075437    78.978045    52.965377    54.314499     1.306946   288.571679   282.829468    55.231422    10.522076     0.666150
      2073.0     1.415990   488.561759   396.113971   695.531353     2.118842   140.602931    62.613247    77.989684    52.645901    52.521953     1.292589   288.782845   283.253713    55.730598    11.534927    -0.632730
      2074.0     2.000017   488.871067   394.953815   695.596981     2.348955   140.393249    62.889957    77.503292    52.421718    52.360586     1.281270   288.807838   283.217992    56.188503    11.689527    -0.126761
      2075.0     2.708181   489.130499   394.547266   695.214281     2.220547   143.347992    64.558355    78.789637    53.108904    52.800311     1.212868   288.857146   283.459025    56.471519    12.164592     0.074107
      2076.0     2.816268   489.320079   394.417076   695.521603     2.186095   142.890322    64.319240    78.571082    52.485149    53.113478     1.176524   288.603463   283.002120    56.645351    11.335952     0.321007
      2077.0     1.525164   489.459752   393.848095   695.965905     2.247363   142.515259    63.931339    78.583920    53.181843    53.474650     1.157845   288.793300   283.341180    56.774136    11.025670    -0.151495
      2078.0     3.414257   489.529604   393.140278   696.478502     2.001171   144.664933    65.954220    78.710713    52.684031    53.483991     1.140798   288.720536   283.107096    56.898319    13.178046     0.287362
      2079.0     2.472119   489.549579   393.836765   697.151318     2.085154   147.364386    66.814040    80.550346    54.163175    54.716869     1.138314   288.915831   283.372223    57.023861    11.400685    -0.119122
      2080.0     1.754123   489.499672   392.741453   697.501508     1.980179   144.626959    65.379507    79.247452    53.319238    53.737602     1.112270   288.934505   283.379037    57.123993    12.737217     0.068173
      2081.0     2.180978   489.399888   392.488443   698.080121     2.163197   144.310984    65.494453    78.816531    53.201558    53.618324     1.064714   288.716849   283.008671    57.025188    12.129139    -0.161847
      2082.0     1.438268   489.220295   392.211839   698.442691     1.981448   145.085018    65.986635    79.098382    53.603768    54.047052     1.058780   288.823027   283.220656    56.968204    12.216188     0.080714
      2083.0     1.449349   488.960863   392.094231   698.926041     1.944254   146.400416    66.747731    79.652685    54.088253    54.821023     1.055111   288.856253   283.318643    56.945278    12.044316     0.249420
      2084.0     0.890090   488.601678   391.272498   699.240362     1.766302   145.124227    66.321135    78.803092    53.882365    53.978366     1.044854   288.810835   283.347552    56.954319    13.164502    -0.218321
      2085.0     2.151084   488.172641   391.683753   699.870730     1.865675   147.769193    67.853235    79.915958    53.788530    54.800242     1.015512   288.644694   283.004239    56.963840    12.641738     0.381344
      2086.0    -0.015954   487.643820   391.249090   700.775249     1.753292   144.247741    65.631186    78.616555    53.557362    54.275206     0.837868   288.763149   283.182754    56.574043    11.790644    -0.186675
      2087.0     0.645986   487.045148   390.740200   701.009578     1.796810   145.486587    66.656907    78.829680    53.567459    54.013628     0.834207   288.858372   283.224337    56.248493    13.152169     0.211840
      2088.0    -0.986325   486.356679   390.191954   701.096613     1.691110   145.237081    65.941062    79.296019    54.421511    53.686023     0.825844   289.075358   283.571430    55.965134    12.803285    -0.822523
      2089.0    -1.218836   485.588401   388.869347   700.604244     1.709384   141.194289    64.234482    76.959807    52.951059    52.827477     0.809703   289.046994   283.567533    55.664394    12.729612     0.368786
      2090.0     0.962025   484.740284   389.032883   700.802811     1.668334   145.404381    67.000949    78.403432    53.125768    53.750957     0.801071   288.720457   283.019784    55.460274    13.086455     0.426622
      2091.0    -1.124028   483.812358   388.852661   701.140573     1.668942   143.153557    65.155410    77.998147    53.411722    53.375615     0.657915   288.876369   283.276970    54.852222    11.960017    -0.373869
      2092.0    -0.421793   482.814581   388.441273   701.059693     1.621007   145.337397    66.608096    78.729301    53.659745    53.789067     0.655504   288.977415   283.456872    54.333046    13.230417     0.210201
      2093.0    -1.206904   481.746951   388.016527   701.196602     1.451435   144.353851    66.110162    78.243689    53.594591    53.674969     0.641051   289.015635   283.562834    53.868755    12.859939    -0.056532
      2094.0    -1.183530   480.609470   388.173533   701.371234     1.435175   144.759172    66.234131    78.525041    53.418671    53.670955     0.630055   288.982438   283.621468    53.514286    12.406170     0.077652
      2095.0     0.369717   479.392181   388.347581   701.657088     1.317154   147.936885    68.384098    79.552787    53.565910    54.258332     0.621013   288.784797   283.250640    53.292923    13.951718     0.406568
      2096.0    -0.754467   478.115027   389.000772   702.492281     1.362681   149.056621    68.710812    80.345810    54.674670    55.330499     0.532916   288.854247   283.290374    52.838089    12.727122    -0.179363
      2097.0    -2.745200   476.778008   388.572463   702.633395     1.263063   145.380068    66.326471    79.053597    54.293195    54.177982     0.526605   289.040216   283.598741    52.431644    12.576798    -0.256327
      2098.0    -1.811082   475.361181   387.413249   702.807138     1.229613   143.888775    66.263400    77.625375    53.220482    53.370629     0.510116   288.821415   283.096136    52.107105    14.051984    -0.023595
      2099.0    -2.795176   473.874472   387.078503   703.203542     1.427565   142.918536    65.506024    77.412513    53.334615    54.133182     0.506696   288.851097   283.212144    51.881214    11.707588     0.402163
      2100.0    -2.441296   472.327929   385.964744   702.837777     1.146828   142.747747    65.612443    77.135304    53.090367    52.270518     0.501161   288.950287   283.474361    51.668026    14.455684    -0.454085