        time     emission          CO2         cveg        csoil        fgco2         fgpp         fnpp           ra          frh     fvegsoil         fluc          tas     tas_land        cprod     fcvegout    fcsoilout
         1.0     6.558815   286.756545   538.735673  2715.919031     0.143198    97.126354    38.307685    58.818669    36.730861    36.753183          0.0   287.654203   282.420758          0.0     1.959440    -0.300019
         2.0     6.856773   289.624119   538.743965  2716.051355     0.495963    95.415915    37.706383    57.709532    36.019786    36.819516          0.0   287.705066   282.493645          0.0     0.878575     0.667406
         3.0     6.975575   292.520340   539.165489  2715.993662     0.741856    97.393203    38.571498    58.821705    37.153684    36.975477          0.0   287.794063   282.624838          0.0     1.174497    -0.120515
         4.0     8.206580   295.445567   540.060493  2715.712454     0.917966    98.619097    39.162644    59.456453    36.806352    37.338957          0.0   287.610709   282.459565          0.0     0.928683     0.813814
         5.0     7.854240   298.400008   540.732057  2715.787105     1.209305    97.775032    38.767571    59.007461    36.966564    37.103890          0.0   287.752149   282.576808          0.0     0.992117     0.062675
         6.0     8.743486   301.384011   541.652197  2715.408129     1.392144    99.339597    39.289711    60.049886    37.037000    37.081338          0.0   287.846495   282.846250          0.0     1.288234     0.423314
         7.0     9.310073   304.397844   542.723348  2715.610551     1.608540    99.000603    39.148520    59.852083    36.414011    37.370969          0.0   287.743294   282.655618          0.0     0.706399     0.754536
         8.0     9.824659   307.441824   543.627247  2716.086191     1.786063    99.683286    39.436856    60.246430    36.491458    37.472990          0.0   287.637583   282.497725          0.0     1.059966     0.505892
         9.0    10.396226   310.516254   544.914222  2716.438209     1.907279   101.069475    40.211552    60.857923    36.791209    37.491557          0.0   287.476106   282.198101          0.0     1.433021     0.348330
        10.0    10.510296   313.621412   546.247024  2717.036664     2.052858   102.316255    40.487486    61.828768    36.838194    38.056289          0.0   287.496059   282.259491          0.0     1.098395     0.619639
        11.0    10.134491   316.757612   547.456490  2717.553895     2.063776   102.493635    40.034113    62.459522    37.266698    37.826928          0.0   287.513979   282.223963          0.0     0.997719     0.043000
        12.0    10.443999   319.925191   548.467864  2718.043075     2.190008   102.995432    40.200092    62.795341    37.102463    38.280261          0.0   287.662124   282.477618          0.0     0.908456     0.688617
        13.0    10.940693   323.124462   549.687825  2718.457941     2.380714   102.926159    40.373173    62.552987    37.200908    37.744187          0.0   287.704511   282.573959          0.0     1.409026     0.128412
        14.0    11.147668   326.355703   551.361900  2718.698550     2.379896   103.930292    40.987809    62.942483    37.549813    37.983729          0.0   287.877488   282.606983          0.0     1.330005     0.193307
        15.0    11.259168   329.619253   553.129843  2718.933222     2.367117   103.986836    40.753895    63.232941    37.191069    38.560058          0.0   288.039714   282.951753          0.0     0.425893     1.134317
        16.0    11.520206   332.915461   554.473597  2719.656296     2.529343   105.511464    40.912787    64.598677    37.367880    38.275286          0.0   288.133249   283.069197          0.0     1.293748     0.184332
        17.0    11.859875   336.244596   555.829758  2720.242660     2.689070   105.067533    41.012356    64.055176    37.338888    38.278373          0.0   288.129182   283.137228          0.0     1.377822     0.353120
        18.0    12.360381   339.607044   557.949037  2720.527838     2.666149   107.320253    42.402938    64.917315    38.324202    38.836770          0.0   288.225029   283.479031          0.0     1.446889     0.227391
        19.0    12.790686   343.003111   560.235001  2720.819910     2.878642   107.670121    42.292084    65.378037    37.942582    39.102453          0.0   287.922648   282.961892          0.0     0.903668     0.867798
        20.0    12.508202   346.433138   562.193320  2721.402545     3.043812   107.395446    41.867273    65.528173    38.033366    38.929858          0.0   287.923737   282.868379          0.0     0.979096     0.313856
        21.0    13.139597   349.897472   563.982551  2721.997195     3.041229   109.520383    42.713389    66.806994    38.454875    39.174358          0.0   288.130543   283.255209          0.0     1.749800     0.124834
        22.0    12.953795   353.396461   565.983827  2722.659367     3.075618   107.386950    41.906953    65.479997    37.736401    39.346145          0.0   288.072536   283.122886          0.0     0.559532     0.947571
        23.0    13.679351   356.930410   567.751173  2723.335944     3.209900   108.313758    42.561153    65.752605    37.978232    38.885909          0.0   287.985312   283.005094          0.0     1.907898     0.231101
        24.0    14.306757   360.499727   570.734783  2723.766229     3.233274   111.699791    43.739274    67.960517    38.909131    39.567312          0.0   288.065874   283.184050          0.0     1.188352     0.227895
        25.0    14.346694   364.104734   573.496649  2724.378547     3.362244   111.323223    43.673763    67.649460    38.678266    39.785029          0.0   288.088199   283.218031          0.0     1.126868     0.494444
        26.0    14.501208   367.745768   576.248811  2725.077495     3.429514   111.768012    43.582741    68.185271    38.633350    39.992526          0.0   288.143595   283.218432          0.0     0.838053     0.660228
        27.0    14.209500   371.423240   578.578197  2725.999982     3.356048   112.002545    43.736612    68.265933    39.107626    40.020795          0.0   287.976379   282.851870          0.0     1.386430    -0.009318
        28.0    14.694063   375.137463   581.232175  2726.459383     3.459441   112.332839    44.171625    68.161215    39.064803    40.101998          0.0   288.020055   282.908324          0.0     1.415649     0.577794
        29.0    15.303315   378.888851   584.550508  2726.751018     3.505318   114.063123    44.953250    69.109873    39.387503    40.573506          0.0   288.101260   283.064586          0.0     1.061410     0.894368
        30.0    14.540263   382.677713   586.884928  2727.845662     3.546550   113.646159    43.806950    69.839209    39.278815    40.682829          0.0   288.149214   283.099345          0.0     0.789701     0.309370
        31.0    14.486276   386.504491   588.739216  2728.971294     3.619934   112.914305    43.668453    69.245852    39.028883    40.571881          0.0   288.442666   283.616923          0.0     1.242285     0.417366
        32.0    14.763646   390.369537   590.735671  2729.475053     3.643021   112.200586    43.989620    68.210966    39.255373    40.306149          0.0   288.478146   283.711161          0.0     1.687016     0.547018
        33.0    16.220234   394.273258   593.849582  2729.951536     3.774045   116.041666    45.777531    70.264135    40.005676    40.502423          0.0   288.193760   283.282746          0.0     2.161196     0.020264
        34.0    16.150874   398.215968   597.672568  2730.550453     3.879902   115.829979    44.823028    71.006951    39.196243    41.320639          0.0   288.342964   283.431338          0.0    -0.320596     1.525479
        35.0    15.972719   402.198144   600.015130  2731.722449     3.847106   117.246826    46.062822    71.184004    40.741478    41.386975          0.0   288.425391   283.587922          0.0     2.333284    -0.526499
        36.0    17.029607   406.220101   603.713295  2732.260601     3.957443   117.666105    46.428748    71.237357    40.221510    41.854234          0.0   288.240515   283.337482          0.0     0.876350     1.094572
        37.0    16.756314   410.282316   606.756123  2733.458710     3.913002   118.567827    46.142346    72.425481    40.369048    41.675072          0.0   288.225332   283.245575          0.0     1.424446     0.107914
        38.0    17.091834   414.385137   610.023094  2734.478720     3.964174   119.221922    46.740204    72.481718    40.356572    42.043222          0.0   288.198247   283.282406          0.0     1.430011     0.666641
        39.0    16.231704   418.529008   613.025215  2735.551725     3.965792   118.362126    46.192299    72.169827    40.842355    42.192804          0.0   288.355750   283.478892          0.0     0.997374     0.277443
        40.0    16.760559   422.714277   615.702125  2736.476463     4.014206   119.194889    46.342203    72.852687    40.963737    42.405447          0.0   288.488595   283.733752          0.0     1.259847     0.516972
        41.0    17.817750   426.941423   618.947946  2737.379748     4.079325   120.793776    47.534191    73.259585    41.065344    42.587411          0.0   288.238795   283.215684          0.0     1.700958     0.618782
        42.0    17.510371   431.210825   622.649509  2738.414457     4.182560   121.870425    47.536029    74.334396    41.399745    42.752739          0.0   288.360489   283.416687          0.0     1.081728     0.318285
        43.0    16.978148   435.522960   625.422942  2739.671804     4.087774   119.687870    46.249426    73.438444    40.532350    42.899978          0.0   288.675351   283.928376          0.0     0.576015     1.110281
        44.0    17.676080   439.878182   628.265751  2740.693936     4.270497   122.086177    47.729628    74.356548    41.785002    42.658641          0.0   288.714624   284.122306          0.0     2.228178    -0.148493
        45.0    18.795354   444.276967   632.340952  2741.154212     4.250725   123.927927    49.209426    74.718501    42.377807    43.361607          0.0   288.584693   283.870770          0.0     1.772617     0.523525
        46.0    18.563116   448.719726   636.657232  2742.027432     4.265849   124.084848    48.595936    75.488912    41.984891    43.683519          0.0   288.377970   283.467296          0.0     0.596137     0.825407
        47.0    17.770048   453.206912   639.373439  2743.853962     4.316723   123.618724    47.708784    75.909940    41.542855    43.930267          0.0   288.632465   283.922739          0.0     1.062310     0.560883
        48.0    17.971565   457.739000   642.265838  2744.984061     4.239637   124.606568    48.308330    76.298238    42.532763    43.652718          0.0   288.798023   284.213419          0.0     1.763212    -0.010144
        49.0    18.559389   462.316375   645.598209  2745.793588     4.331061   125.707516    48.986994    76.720522    42.671225    43.798420          0.0   288.664112   283.998516          0.0     1.856203     0.317668
        50.0    19.607054   466.939551   649.999115  2746.387492     4.468733   127.397127    49.903821    77.493306    42.914553    44.348432          0.0   288.592744   283.890971          0.0     1.154484     0.839975
        51.0    19.240374   471.608940   654.023553  2747.626007     4.420454   126.916859    49.093042    77.823817    42.475832    44.846690          0.0   288.540734   283.777892          0.0     0.221915     1.132343
        52.0    19.496381   476.325020   656.741496  2749.491842     4.538341   127.480426    49.508510    77.971916    42.497010    44.374688          0.0   288.432657   283.706352          0.0     2.415879     0.011844
        53.0    20.238136   481.088280   660.717279  2750.626154     4.565852   128.300847    50.329198    77.971649    42.903391    44.613143          0.0   288.535177   283.747423          0.0     1.740271     0.575440
        54.0    19.615882   485.899165   664.887007  2751.992551     4.458510   128.843519    50.141279    78.702240    43.391665    45.462770          0.0   288.689165   283.886652          0.0     0.508782     0.704709
        55.0    19.164682   490.758152   668.130664  2753.424047     4.327053   128.660284    49.994004    78.666280    43.554056    45.176704          0.0   288.954478   284.322313          0.0     1.573642     0.191152
        56.0    19.971587   495.665729   671.613246  2754.787187     4.627397   130.166690    50.638706    79.527984    43.525754    45.613076          0.0   288.889110   284.194734          0.0     1.543047     0.724182
        57.0    20.307190   500.622407   675.320610  2756.012341     4.609743   130.304345    50.901112    79.403233    43.770227    45.511374          0.0   288.938554   284.367400          0.0     1.682374     0.515994
        58.0    20.654424   505.628639   679.140907  2757.349757     4.633987   130.714522    50.916090    79.798432    43.753499    45.836494          0.0   288.861889   284.225942          0.0     1.259299     0.745579
        59.0    20.363047   510.684903   682.845605  2758.960980     4.601089   131.453738    51.379062    80.074676    44.034019    46.158423          0.0   288.837160   284.119673          0.0     1.515941     0.513182
        60.0    20.696440   515.791751   686.425576  2760.404477     4.680527   131.215451    51.194800    80.020651    43.915056    45.944795          0.0   288.919867   284.189652          0.0     1.670034     0.586243
        61.0    20.830206   520.949661   690.152439  2762.063944     4.655210   132.123668    51.051076    81.072592    44.012590    46.428142          0.0   289.097503   284.488384          0.0     0.896071     0.756085
        62.0    19.849011   526.159155   693.528532  2763.558341     4.705421   131.815534    51.309974    80.505560    44.954530    46.673536          0.0   289.291647   284.842660          0.0     1.260346     0.224610
        63.0    20.959065   531.420778   696.765133  2764.489262     4.693916   132.681785    52.788194    79.893591    45.402373    46.848967          0.0   289.106774   284.667978          0.0     2.702625     0.515672
        64.0    22.052977   536.734983   701.383091  2765.362030     4.973326   135.206527    53.583028    81.623499    45.443256    47.215388          0.0   288.617585   283.900806          0.0     1.749683     0.899365
        65.0    21.992034   542.102317   705.853246  2766.595359     5.028437   136.324104    53.346225    82.977879    45.547433    47.621820          0.0   288.737638   284.013399          0.0     1.254250     0.841058
        66.0    21.479347   547.523332   709.912980  2767.960629     4.812726   136.825714    53.312969    83.512745    46.558361    47.747730          0.0   289.020634   284.403819          0.0     1.505505    -0.175901
        67.0    21.896224   552.998575   714.153355  2769.088296     4.896110   136.461560    53.354572    83.106988    46.082626    48.201713          0.0   289.017748   284.485228          0.0     0.912484     0.991419
        68.0    22.114079   558.528567   717.685331  2770.585634     5.051305   136.793113    53.489749    83.303364    46.208952    47.920615          0.0   288.914363   284.307398          0.0     2.037158     0.214325
        69.0    22.416782   564.113857   722.168796  2771.634674     4.917312   138.130261    54.362572    83.767688    46.678180    48.307751          0.0   289.193948   284.697752          0.0     1.571356     0.580531
        70.0    23.624468   569.754992   727.591974  2772.399462     4.843485   141.476852    55.913631    85.563221    47.469692    49.000925          0.0   289.183262   284.715309          0.0     1.489528     0.766445
        71.0    23.248542   575.452531   732.587320  2774.055934     5.125700   140.602148    54.776412    85.825736    46.934814    49.502882          0.0   289.062961   284.468336          0.0     0.278185     0.911595
        72.0    22.602408   581.207083   736.831589  2775.695582     5.026492   142.035478    55.076847    86.958631    47.705020    49.277817          0.0   289.358264   284.948164          0.0     1.554761    -0.066851
        73.0    23.646741   587.019134   741.121472  2777.017184     4.921607   142.872771    56.492003    86.380768    48.349718    50.067306          0.0   289.244679   284.787346          0.0     2.134814     0.395986
        74.0    23.980963   592.889345   746.005809  2778.426656     5.008427   143.586331    56.754021    86.832310    48.247464    50.226433          0.0   288.951438   284.380203          0.0     1.643251     0.569498
        75.0    22.584916   598.818191   749.961329  2780.574255     5.094790   140.712037    53.991460    86.720576    46.790505    50.504068          0.0   289.070806   284.525982          0.0    -0.468128     1.565965
        76.0    22.892970   604.806418   752.685584  2782.506224     5.064496   142.076118    55.724470    86.351649    48.770728    49.936082          0.0   289.246202   284.785522          0.0     3.064133    -0.766616
        77.0    24.340886   610.854461   757.763809  2783.164297     5.159466   144.929922    57.331383    87.598539    48.974529    50.491706          0.0   289.197253   284.732577          0.0     1.761452     0.859106
        78.0    24.299939   616.962998   762.459390  2784.706871     5.107662   144.566548    56.777044    87.789504    48.309356    50.758290          0.0   289.097327   284.523031          0.0     1.323173     0.906359
        79.0    23.550835   623.132642   766.362830  2786.676717     5.080369   142.758545    55.210039    87.548506    47.805487    50.660349          0.0   289.267831   284.827918          0.0     0.646251     0.885015
        80.0    23.513970   629.363956   769.389469  2788.903169     5.115529   143.009358    55.834607    87.174750    48.351690    50.766520          0.0   289.365444   284.939924          0.0     2.041448     0.188378
        81.0    23.982201   635.657615   773.041201  2790.450217     5.076211   142.627314    56.214842    86.412472    48.629809    50.803876          0.0   289.269407   284.883274          0.0     1.759234     0.627020
        82.0    25.133356   642.014176   777.687981  2791.774840     5.235051   146.161857    57.700782    88.461075    49.300286    50.870615          0.0   289.254012   284.837898          0.0     2.183387     0.245707
        83.0    24.423827   648.434328   781.979121  2793.494177     5.326638   143.645882    56.348681    87.297201    48.616865    51.007040          0.0   289.193754   284.791609          0.0     1.050501     0.670838
        84.0    25.363216   654.918695   786.421304  2794.847350     5.306835   146.316033    57.617327    88.698706    49.257494    51.401356          0.0   289.292417   284.800097          0.0     1.773788     0.790689
        85.0    24.593644   661.467822   790.907626  2796.457986     5.125305   148.055124    58.644780    89.410344    50.853146    52.298808          0.0   289.440334   285.162276          0.0     1.859650    -0.164975
        86.0    25.480129   668.082530   795.692216  2797.242943     5.264807   148.307273    59.141437    89.165835    50.704622    52.469878          0.0   289.205564   284.899346          0.0     1.886970     0.980300
        87.0    25.807516   674.763375   800.654279  2798.570601     5.379869   148.633826    58.580995    90.052832    50.338803    52.360357          0.0   289.281673   284.854464          0.0     1.258574     0.693896
        88.0    25.559787   681.510982   805.151997  2800.324712     5.167472   148.591888    58.021595    90.570293    49.754445    52.706927          0.0   289.340235   284.973773          0.0     0.816949     1.198371
        89.0    25.827550   688.326096   808.912507  2802.593841     5.141801   148.901325    58.631198    90.270126    50.252044    52.746127          0.0   289.195211   284.636131          0.0     2.124561     0.224954
        90.0    26.247416   695.209348   813.355670  2804.349501     5.197565   150.539958    59.366660    91.173298    50.482902    52.882701          0.0   289.358252   284.942844          0.0     2.040797     0.644138
        91.0    25.226070   702.161484   817.633037  2806.164011     5.084201   149.017086    58.232462    90.784624    50.807775    53.171243          0.0   289.521049   285.095118          0.0     0.783851     0.548959
        92.0    25.890380   709.183066   821.324761  2808.065226     5.036974   149.518871    58.928411    90.590461    50.723761    53.112513          0.0   289.531285   285.164078          0.0     2.124174     0.487537
        93.0    26.428258   716.274909   825.616348  2809.604062     5.363412   150.585376    59.491583    91.093792    50.964757    53.221913          0.0   289.437130   285.095340          0.0     1.978083     0.718320
        94.0    26.699540   723.437642   830.384660  2810.927286     5.212107   151.718581    60.117187    91.601395    51.570529    53.522079          0.0   289.555226   285.163076          0.0     1.826796     0.628325
        95.0    27.087504   730.672012   835.243589  2812.575096     5.282303   153.059839    60.270800    92.789039    51.606500    54.294181          0.0   289.618075   285.314033          0.0     1.117690     1.039871
        96.0    26.462432   737.978719   839.282558  2814.654942     5.278875   152.158637    59.621242    92.537395    51.857897    54.252144          0.0   289.864001   285.560163          0.0     1.330129     0.314401
        97.0    27.134609   745.358507   843.653326  2816.034750     5.325650   153.181046    61.152043    92.029002    52.853879    54.505548          0.0   289.774405   285.492227          0.0     2.275727     0.271862
        98.0    27.865961   752.812141   849.059002  2817.038057     5.408218   154.986781    61.784725    93.202056    52.779317    54.880058          0.0   289.728229   285.476858          0.0     1.498991     1.097434
        99.0    26.681941   760.340244   853.278373  2819.021334     5.498367   153.630207    60.236557    93.393651    52.670767    55.403424          0.0   289.915492   285.824968          0.0     0.613761     0.749381
       100.0    28.111458   767.943636   857.244241  2820.386748     5.443577   156.170061    62.757997    93.412064    54.196943    55.391983          0.0   289.939868   285.957716          0.0     3.400146    -0.170374
       101.0    28.147203   775.623070   863.115671  2821.256673     5.363134   156.604184    62.787026    93.817157    53.819133    55.895834          0.0   289.541883   285.299973          0.0     1.019762     1.206777
       102.0    28.574679   783.379314   867.946500  2822.929142     5.547542   159.367290    62.999302    96.367987    54.019722    56.358855          0.0   289.652567   285.429078          0.0     1.809618     0.666665
       103.0    27.206863   791.213113   872.514343  2824.485785     5.169528   156.875181    62.288099    94.587082    54.760263    56.826366          0.0   289.999596   285.914653          0.0     0.893889     0.509460
       104.0    27.760674   799.125236   876.591187  2825.837843     5.326416   156.510642    62.216708    94.293934    54.469144    56.552441          0.0   289.967198   285.910931          0.0     1.587423     0.731239
       105.0    27.919605   807.116497   880.171901  2827.676576     5.402564   157.320545    62.591292    94.729253    54.530833    56.519492          0.0   289.892073   285.708063          0.0     2.491087     0.149926
       106.0    29.449806   815.187665   884.983956  2829.012564     5.618198   158.512750    62.629581    95.883169    53.918200    56.721944          0.0   289.904938   285.792011          0.0     1.095583     1.467756
       107.0    28.625791   823.339553   889.305077  2831.004322     5.300600   158.862477    63.299295    95.563182    55.290880    56.814926          0.0   290.171528   286.233909          0.0     2.163248    -0.467713
       108.0    29.479318   831.572931   894.427487  2832.110024     5.193306   160.583087    64.293711    96.289377    55.198662    57.398329          0.0   289.969501   285.993681          0.0     1.772972     1.093965
       109.0    29.453637   839.888682   899.244442  2833.790367     5.593934   160.563709    63.959700    96.604009    55.461367    57.622331          0.0   289.726944   285.560026          0.0     1.520413     0.480622
       110.0    30.105003   848.287511   904.848137  2834.693377     5.384807   163.786317    65.607957    98.178360    56.153348    58.038849          0.0   289.813918   285.771136          0.0     1.965414     0.982490
       111.0    28.581949   856.770422   909.691034  2836.245161     5.175721   161.549938    64.336163    97.213775    56.296622    58.396583          0.0   290.089525   285.905505          0.0     1.096682     0.548177
       112.0    29.246399   865.338132   913.423356  2837.744555     5.319990   160.675369    64.165530    96.509840    55.888783    58.230001          0.0   290.212621   286.243771          0.0     2.203208     0.841824
       113.0    30.178920   873.991517   918.288673  2839.296913     5.460025   164.383364    65.519938    98.863426    56.706677    58.762314          0.0   290.137632   286.189790          0.0     1.892306     0.503279
       114.0    29.771655   882.731416   922.646917  2840.739142     5.396493   162.273024    64.561879    97.711145    56.212234    59.034832          0.0   290.128308   286.026237          0.0     1.168803     1.380369
       115.0    29.301307   891.558718   926.077895  2842.891345     5.304055   161.239889    63.962895    97.276994    56.277144    58.440444          0.0   290.238782   286.244283          0.0     2.091474     0.011098
       116.0    30.586435   900.474316   930.822915  2843.772870     5.255037   164.105214    66.362825    97.742388    57.703022    59.133900          0.0   290.206916   286.132074          0.0     2.483905     0.549353
       117.0    31.078724   909.479037   936.147045  2844.954226     5.275668   166.384581    66.745946    99.638635    57.595841    59.724791          0.0   290.029653   285.985036          0.0     1.697026     0.947594
       118.0    30.582539   918.573839   940.822372  2846.570380     5.495325   165.924474    66.189025    99.735450    57.772049    60.080242          0.0   290.025657   285.985670          0.0     1.433456     0.692039
       119.0    30.111621   927.759559   944.872201  2847.887477     5.420844   165.463854    65.653894    99.809960    57.733868    59.903688          0.0   290.185060   286.185079          0.0     1.700377     0.852723
       120.0    30.237243   937.037155   948.424272  2849.771949     5.384539   164.357171    65.204211    99.152960    57.172824    59.785260          0.0   290.416771   286.558542          0.0     1.866879     0.727964
       121.0    31.693634   946.407578   953.198386  2850.438373     5.354100   166.056185    67.584958    98.471227    59.068576    59.980855          0.0   290.489216   286.720013          0.0     2.829989     0.245855
       122.0    31.816180   955.871615   958.641057  2851.448374     5.451092   166.969498    67.011090    99.958408    58.193873    60.775901          0.0   290.276210   286.371994          0.0     0.792518     1.572027
       123.0    31.322713   965.430338   962.360848  2853.677612     5.523074   166.283458    66.181627   100.101831    58.001113    60.553925          0.0   290.464380   286.510173          0.0     1.907910     0.323574
       124.0    31.491510   975.084658   966.586660  2854.912860     5.182109   166.854307    67.552823    99.301484    59.375252    60.661232          0.0   290.641033   286.950373          0.0     2.665780     0.050731
       125.0    32.389378   984.835529   972.143338  2855.310836     5.532469   168.362275    68.153144   100.209131    59.431243    61.159104          0.0   290.425379   286.571894          0.0     1.437362     1.329885
       126.0    32.489734   994.683855   977.023054  2856.349730     5.435518   169.613263    68.663201   100.950062    59.967681    61.510309          0.0   290.355573   286.443741          0.0     2.273176     0.503733
       127.0    32.784534  1004.630664   982.217168  2857.666276     5.491391   170.497323    68.135798   102.361525    59.564359    61.728255          0.0   290.576973   286.642102          0.0     1.213428     0.847351
       128.0    31.635122  1014.676982   986.435213  2859.129727     5.258325   168.218146    67.076749   101.141397    59.444024    62.294392          0.0   290.800801   286.990492          0.0     0.564312     1.386918
       129.0    32.582743  1024.823783   989.475504  2861.123044     5.410558   167.907728    67.439380   100.468349    59.374769    61.790219          0.0   290.733623   287.007519          0.0     2.608870     0.422132
       130.0    32.599697  1035.072021   993.131690  2862.841492     5.554814   168.650489    67.853725   100.796764    60.112903    62.009696          0.0   290.675489   286.851837          0.0     2.187842     0.178345
       131.0    33.673502  1045.422739   998.131602  2863.584253     5.501965   171.932809    69.353422   102.579387    60.744415    61.836036          0.0   290.693585   286.994579          0.0     2.517474     0.348860
       132.0    33.257011  1055.876964  1003.225425  2864.517141     5.379144   172.107526    69.531765   102.575760    61.503364    62.568604          0.0   290.872313   287.080123          0.0     1.869339     0.132352
       133.0    33.616706  1066.435727  1009.039577  2864.638722     5.046469   173.737963    71.234881   102.503082    62.813514    63.589790          0.0   291.120816   287.500528          0.0     1.830939     0.654696
       134.0    34.263713  1077.100061  1014.358588  2865.396126     5.538345   174.028003    70.672844   103.355159    61.799143    64.191303          0.0   290.831203   287.100586          0.0     1.162530     1.634756
       135.0    32.831021  1087.871061  1017.935685  2866.981693     5.396780   172.862236    69.644279   103.217957    61.838873    63.976376          0.0   290.928685   287.254761          0.0     2.090806     0.551936
       136.0    33.822874  1098.749772  1022.166236  2867.761190     5.289763   174.560388    70.983058   103.577329    62.955086    64.337326          0.0   291.081988   287.415906          0.0     2.415181     0.602742
       137.0    34.583645  1109.737289  1027.241730  2868.374823     5.342331   176.524098    71.820686   104.703412    63.353879    64.374827          0.0   290.951721   287.203160          0.0     2.370365     0.407315
       138.0    34.043415  1120.834643  1032.017194  2869.202499     5.533166   176.081533    70.951038   105.130495    63.000495    64.903029          0.0   290.961197   287.333679          0.0     1.272545     1.074857
       139.0    33.515046  1132.042999  1036.182032  2869.514042     5.134171   175.234502    71.504054   103.730449    64.510677    64.965073          0.0   291.156398   287.610091          0.0     2.374143     0.142854
       140.0    35.550165  1143.363465  1041.681182  2869.310315     5.433395   177.232620    72.329844   104.902776    63.786089    65.180353          0.0   291.204220   287.654664          0.0     1.650341     1.597991
       141.0    34.840000  1154.797083  1045.729001  2870.791817     5.334900   176.155404    71.502462   104.652942    63.739372    65.566140          0.0   291.159378   287.710098          0.0     1.888503     0.345265
       142.0    35.233601  1166.345070  1050.269040  2871.448556     5.613212   177.183595    72.203427   104.980168    64.070142    65.186016          0.0   290.880367   287.194131          0.0     2.477373     0.459135
       143.0    35.584389  1178.008539  1054.903775  2871.896361     5.571640   177.556825    71.907555   105.649270    63.846292    65.861431          0.0   291.084439   287.468422          0.0     1.411389     1.567335
       144.0    35.454280  1189.788601  1059.344230  2872.582147     5.372813   176.897609    72.461200   104.436409    64.965494    65.850436          0.0   291.421764   288.093457          0.0     2.170308     0.199157
       145.0    35.766981  1201.686472  1063.598330  2873.372915     5.573659   176.525364    72.104149   104.421215    64.489953    66.298335          0.0   291.290876   287.860481          0.0     1.551715     1.017613
       146.0    35.947218  1213.703278  1067.482279  2874.567239     5.481748   177.495530    71.962184   105.533345    64.153796    65.810428          0.0   291.217623   287.699801          0.0     2.267807     0.462308
       147.0    36.472898  1225.840371  1072.137297  2874.846796     5.264685   178.566880    72.997390   105.569490    65.100430    66.147288          0.0   291.483984   288.198796          0.0     2.195084     0.767301
       148.0    36.489997  1238.098737  1076.280305  2875.976855     5.315625   178.104655    72.762464   105.342191    64.859126    66.723877          0.0   291.308241   287.785839          0.0     1.895579     0.734693
       149.0    37.357169  1250.479731  1081.277206  2876.067632     5.452054   180.733961    74.416807   106.317153    66.180107    66.862878          0.0   291.340661   287.906936          0.0     2.557029     0.591994
       150.0    37.205878  1262.984602  1086.069536  2876.779269     5.501380   180.126317    73.641430   106.484887    65.920341    67.367199          0.0   291.324468   287.802482          0.0     1.481901     0.735221