        time     emission          CO2         cveg        csoil        fgco2         fgpp         fnpp           ra          frh     fvegsoil         fluc          tas     tas_land        cprod     fcvegout
      1850.0     0.097764   282.603215   425.597491   956.487163    -0.099111   121.342261    62.717726    58.624536    58.930197    60.233750     0.427809   286.467898   280.643713    38.000420     3.651816
      1851.0    -1.187154   282.467002   424.244608   957.438183    -0.158258   118.429767    61.058263    57.371505    58.550348    59.501368     0.705721   286.562581   280.738167    42.774208     2.909777
      1852.0    -0.704242   282.600416   422.706683   958.036669    -0.101895   118.346351    61.170324    57.176027    58.869903    59.468390     0.758505   286.535775   280.689546    45.547230     3.239859
      1853.0    -2.004775   283.283253   420.502455   957.829838     0.104814   113.440940    58.206434    55.234506    58.530631    58.323799     0.779761   286.671144   281.019991    47.644032     2.086862
      1854.0     1.446670   283.915479   419.539611   956.770864     0.359579   117.929597    60.940778    56.988819    58.104459    57.045485     0.795203   286.625783   280.713933    49.184322     4.858136
      1855.0    -0.845843   284.396458   418.099258   956.838093     0.165968   116.721202    59.570094    57.151108    58.579464    58.646692     0.806255   286.804156   281.175837    50.711334     2.363755
      1856.0    -0.151841   285.084845   415.954547   957.121465     0.401361   115.859381    59.328446    56.530934    57.829404    58.112776     0.813521   286.698102   281.132178    52.000763     3.360382
      1857.0     1.496900   285.488716   415.453342   956.727033     0.261872   120.226613    62.413154    57.813459    58.750944    58.356513     0.817440   286.610511   280.860024    52.882809     4.557847
      1858.0    -0.047958   285.703706   414.775530   957.085702     0.241149   117.412246    60.383457    57.028789    57.801676    58.160345     0.821080   286.533411   280.799620    53.563007     2.900924
      1859.0     1.243142   285.912166   414.483655   956.914839     0.137391   120.297054    62.450992    57.846062    58.499641    58.328777     0.820479   286.530882   280.713477    54.077370     4.414089
      1860.0     0.112338   285.678144   415.076730   957.233091     0.100880   121.874959    63.046072    58.828887    59.404863    59.723114     0.811084   286.462560   280.590457    54.580170     2.729883
      1861.0    -0.398419   285.660018   415.027846   957.291204     0.229349   118.939550    61.211631    57.727919    58.541800    58.599914     0.798409   286.585678   280.767755    54.934147     2.660601
      1862.0    -0.806234   285.901133   413.881343   957.429598     0.294829   116.494011    59.709360    56.784651    58.041302    58.179696     0.791107   286.595417   280.875814    55.093014     2.676168
      1863.0     1.121809   286.198632   413.133137   957.151970     0.329592   119.988029    62.087603    57.900426    58.696196    58.418568     0.783330   286.639399   280.998194    55.273426     4.417241
      1864.0    -0.181732   286.210590   411.813312   958.414369     0.354396   118.643363    61.135855    57.507508    58.367681    59.630080     0.779071   286.589100   280.946005    55.555393     2.825600
      1865.0     0.305356   286.325949   411.054483   958.746699     0.257827   118.956784    61.644252    57.312532    58.761929    59.094259     0.770998   286.594736   280.733742    55.587017     3.308823
      1866.0     0.354890   286.452948   411.078899   958.410569     0.099310   119.422487    61.697217    57.725270    58.544663    58.208533     0.766486   286.616714   280.747718    55.777328     3.464267
      1867.0    -0.742807   286.646811   410.475065   958.522774     0.026173   118.216446    60.872260    57.344186    58.791768    58.903974     0.761302   286.671678   281.001735    55.957150     2.572121
      1868.0     1.623926   286.718567   410.958944   958.185523     0.044564   122.907408    63.858102    59.049305    59.091032    58.753781     0.759869   286.514240   280.667406    56.235073     4.620442
      1869.0    -0.012868   286.403495   411.010394   959.218588     0.028616   122.656394    63.426562    59.229832    59.606348    60.639412     0.755489   286.592403   280.776097    56.690456     2.735701
      1870.0    -2.063854   286.610002   409.967533   959.411841     0.193475   116.371191    59.408070    56.963121    58.836140    59.029393     0.785214   286.788466   281.191953    57.046947     1.421538
      1871.0     0.378710   287.393974   408.259077   958.600921     0.300620   117.084179    60.075142    57.009037    58.446936    57.636016     0.801086   286.846780   281.308331    57.204739     4.147581
      1872.0     1.623328   287.828263   408.161112   957.757407     0.209254   120.412908    62.487797    57.925111    58.752425    57.908911     0.804960   286.549493   280.741557    57.701500     4.676851
      1873.0    -0.513846   287.794904   408.072482   958.381441     0.137863   118.414856    60.882762    57.532093    58.045793    58.669827     0.806610   286.621589   280.715547    58.224922     2.301565
      1874.0     1.602706   287.945183   407.571392   958.677985     0.114507   121.356671    63.047985    58.308686    58.568546    58.865089     0.805762   286.653546   280.872119    58.566326     4.683986
      1875.0     0.271231   287.696339   408.029566   959.203927     0.196606   122.718435    63.628333    59.090103    59.567345    60.093287     0.808486   286.611673   280.735484    59.113483     3.076872
      1876.0    -0.680961   287.684322   407.666402   959.443125     0.270033   120.184637    61.835794    58.348843    59.461751    59.700949     0.808873   286.730544   280.811825    59.397423     2.498009
      1877.0    -1.826705   288.025766   406.231991   959.474432     0.258787   116.811002    59.260596    57.550406    58.778265    58.809572     0.804097   286.915922   281.102041    59.735405     1.885435
      1878.0     1.014079   288.896381   404.594904   958.418478     0.358486   120.185449    61.384379    58.801069    59.282518    58.226565     0.799371   287.025351   281.324983    60.139660     4.794902
      1879.0     0.592082   289.241857   404.784486   957.647060     0.345054   120.145537    61.895033    58.250504    58.973768    58.202349     0.799236   286.890570   281.131290    60.364338     3.503101
      1880.0     0.328963   289.535905   404.669484   957.143206     0.332512   119.279345    61.180085    58.099260    58.475231    57.971377     0.803771   286.904708   281.273042    60.810379     3.323711
      1881.0     0.753572   289.793786   404.481348   956.759813     0.345792   121.136710    62.467741    58.668969    59.139498    58.756105     0.804330   286.820947   281.098131    61.230968     3.899772
      1882.0     0.403858   289.750784   404.527938   957.020411     0.303357   119.883132    61.742678    58.140453    58.127448    58.388047     0.806859   286.732857   280.848160    61.526409     3.308041
      1883.0     0.115850   289.875806   403.401957   957.593373     0.475315   117.497870    60.432016    57.065854    57.636380    58.209342     0.806664   286.820593   280.978504    62.169727     3.348655
      1884.0     0.337526   290.183062   401.435850   958.460192     0.582125   116.596530    60.256020    56.340510    57.832130    58.698949     0.805467   286.560153   280.575158    62.302773     3.523179
      1885.0     0.518611   290.365077   401.371655   957.970974     0.438106   118.664409    61.341622    57.322787    58.293733    57.804515     0.802195   286.574848   280.782922    62.810730     3.601301
      1886.0     0.543718   290.360391   401.140341   958.300759     0.275816   120.230924    61.998792    58.232132    58.160280    58.490064     0.802055   286.582015   280.826659    63.188805     3.740043
      1887.0     0.055378   290.429234   400.700819   958.648798     0.198031   119.146055    61.571932    57.574124    58.302550    58.650590     0.802259   286.553306   280.779322    63.399036     3.360864
      1888.0    -1.309339   290.629463   399.921105   958.853368     0.175160   117.947022    60.375906    57.571116    58.756549    58.961119     0.803687   286.759228   281.025556    63.531651     2.194500
      1889.0     0.636534   291.264297   399.228458   957.805056     0.279640   117.737209    60.751148    56.986061    58.334775    57.286463     0.799997   286.679770   280.893674    63.755688     4.157333
      1890.0     1.431032   291.637400   399.306875   956.990678     0.328675   119.362819    61.724939    57.637879    57.877009    57.062632     0.797388   286.563346   280.798581    64.248634     4.583890
      1891.0     0.904982   291.498244   400.020843   957.201242     0.146419   122.081400    63.228161    58.853239    58.735632    58.946196     0.798613   286.467982   280.470903    64.795265     3.567998
      1892.0    -1.002915   291.701939   399.184291   957.548547     0.334375   118.192604    60.399571    57.793033    58.720058    59.067363     0.796435   286.693319   280.860983    65.204750     2.168759
      1893.0     0.447457   292.080930   397.875009   957.683964     0.517994   119.566233    61.193900    58.372333    58.526299    58.661716     0.791596   286.717237   280.919947    65.536751     3.841467
      1894.0    -0.267466   292.588083   396.279872   957.825561     0.388966   115.793680    59.192653    56.601028    57.412074    57.553670     0.789268   286.751010   281.014519    65.804558     3.234120
      1895.0     0.910501   293.149710   395.116798   957.613108     0.433249   118.416952    61.112621    57.304331    58.346187    58.133734     0.788477   286.673443   280.860190    66.221107     4.141961
      1896.0     1.138441   293.364463   395.463336   957.140403     0.239024   120.739776    62.105391    58.634385    58.137145    57.664440     0.794163   286.637975   280.841392    66.806030     4.094413
      1897.0     1.640750   293.296867   396.547035   956.803990     0.323968   123.633280    64.105017    59.528263    59.216477    58.880064     0.797401   286.550096   280.709759    67.379562     4.141254
      1898.0    -0.873330   293.109631   397.008105   957.117455     0.176485   121.485926    62.036765    59.449160    59.104382    59.417846     0.798755   286.749383   281.014872    67.768684     2.157850
      1899.0     0.576140   293.474542   396.237636   956.912224     0.320626   119.744104    61.632155    58.111950    58.686002    58.480771     0.797509   286.677920   280.811567    68.190887     3.921853
      1900.0     0.349065   293.644942   395.715578   957.199833     0.264292   120.046319    61.714302    58.332017    58.326953    58.614562     0.829685   286.596623   280.643470    69.215508     3.621797
      1901.0     0.538787   293.829436   394.869248   957.569673     0.471814   118.946362    61.267901    57.678460    58.076279    58.446119     0.852364   286.580317   280.572130    69.971977     3.668113
      1902.0     1.321490   294.021553   394.757493   957.461007     0.386376   121.206884    62.962045    58.244838    58.945580    58.836914     0.859840   286.595581   280.626705    70.911339     4.236886
      1903.0    -0.505965   293.917467   393.966255   958.680750     0.500907   117.059608    60.086702    56.972905    57.231931    58.451673     0.866878   286.525223   280.468091    71.828285     2.426267
      1904.0     0.600612   294.495522   392.301081   958.650258     0.456912   116.595125    59.896749    56.698375    57.211046    57.180555     0.868379   286.611318   280.677901    72.433006     4.381368
      1905.0    -0.020746   294.849814   391.236476   958.998514     0.366706   116.957406    60.201504    56.755902    57.361343    57.709599     0.869219   286.648257   280.902597    73.205444     3.556511
      1906.0     1.899081   295.369058   391.399086   957.874543     0.348223   121.553143    62.743796    58.809347    58.434477    57.310506     0.877960   286.636621   280.871787    73.827393     5.270679
      1907.0     0.740738   295.301986   392.778658   957.301909     0.362121   123.883642    63.638599    60.245043    59.335070    58.762436     0.885895   286.581774   280.716617    75.059120     3.496591
      1908.0     1.008396   295.441475   392.904163   957.275379     0.235123   122.481113    63.166254    59.314860    58.864702    58.838173     0.889929   286.618838   280.743085    75.948730     4.202575
      1909.0     0.190594   295.502076   392.297539   958.305928     0.237622   120.491769    62.148932    58.342838    58.613880    59.644429     0.890852   286.541041   280.589335    76.754852     3.111127
      1910.0     0.050462   295.934417   391.167317   958.534400     0.385921   121.834440    62.258720    59.575720    59.685693    59.914165     0.870836   286.752954   280.981982    77.488579     3.474777
      1911.0     0.693608   296.404023   390.493767   958.278446     0.509381   122.213746    62.242126    59.971620    59.249815    58.993861     0.857701   286.771722   280.866078    78.260040     3.921815
      1912.0     1.094878   296.872814   390.152742   957.867079     0.462820   121.778180    62.548238    59.229942    59.036547    58.625180     0.859101   286.645949   280.759562    78.857597     4.264083
      1913.0     0.368093   297.231348   389.737141   957.865692     0.569486   119.205895    61.110877    58.095018    58.312819    58.311433     0.859272   286.658204   280.846797    79.339638     3.215045
      1914.0     0.682032   297.854248   388.419322   957.796751     0.653802   119.403927    60.957246    58.446681    58.536412    58.467471     0.860170   286.761138   280.960160    79.650139     3.807595
      1915.0     1.095551   298.559562   387.555808   957.050630     0.740209   119.315974    60.783457    58.532517    58.043017    57.296896     0.859248   286.814288   280.984509    80.216064     4.350075
      1916.0     1.183251   299.017060   387.771574   956.212270     0.659748   120.060789    61.881043    58.179747    58.592857    57.754497     0.863146   286.805179   281.073627    80.550117     3.910780
      1917.0     1.387419   299.288386   387.902114   955.855249     0.712406   123.565021    63.434138    60.130883    59.533249    59.176228     0.869117   286.836361   281.050866    81.283546     4.127370
      1918.0    -0.100103   299.562733   387.153595   956.456574     0.392127   120.615187    60.926391    59.688796    58.003619    58.604944     0.873373   286.951481   281.274639    82.265594     3.069966
      1919.0     1.554282   300.205096   385.710356   956.732686     0.521963   121.813284    62.458105    59.355179    58.839147    59.115259     0.874974   286.843891   281.141730    82.975250     4.786085
      1920.0     0.545078   300.498801   385.589877   956.428641     0.618228   120.126184    61.456636    58.669548    58.275871    57.971827     0.902952   286.771736   280.974202    83.743576     3.605288
      1921.0     0.965920   301.028256   384.979390   956.135043     0.470076   120.846630    61.738243    59.108387    58.321028    58.027430     0.921543   286.860810   281.078517    84.674377     4.321300
      1922.0     2.724530   301.064855   385.593761   956.119878     0.574015   125.588659    64.969603    60.619056    58.930392    58.915227     0.933398   286.622396   280.742422    85.570930     5.440004
      1923.0    -0.909305   300.910787   385.745183   956.923050     0.467622   121.974350    62.146306    59.828043    59.094268    59.897439     0.944866   286.782524   280.993436    86.533394     2.097445
      1924.0    -0.012830   301.688310   384.128521   956.639923     0.582173   119.816798    60.852274    58.964525    59.021350    58.738224     0.943734   286.964909   281.349467    87.187553     3.730711
      1925.0     2.362306   302.368451   383.529990   955.767886     0.655973   122.735370    63.071000    59.664370    58.871989    57.999952     0.941828   286.750060   280.952464    87.705803     5.669580
      1926.0     1.446293   302.383924   384.257187   955.927500     0.524801   123.701735    63.571062    60.130673    58.640351    58.799966     0.953072   286.737026   280.901072    88.684441     4.043899
      1927.0     0.724041   302.641214   383.614640   956.548791     0.376096   122.686668    62.436886    60.249782    58.445508    59.066799     0.959769   286.772152   280.943642    89.586037     4.012634
      1928.0     0.883552   302.916075   383.468453   956.780977     0.395695   125.034479    63.822062    61.212417    59.656476    59.888662     0.965858   286.850671   281.016185    90.502968     4.079587
      1929.0     1.655146   303.118183   383.354504   957.097347     0.533295   125.866231    64.382217    61.484014    59.493798    59.810168     0.969439   286.847712   281.173491    91.406769     4.685998
      1930.0    -0.643181   303.526040   382.895723   956.818801     0.778408   123.224821    62.167949    61.056871    60.248882    59.970335     0.965573   287.005631   281.377814    91.890625     2.656395
      1931.0     1.786341   304.127546   382.033429   956.279737     0.808912   123.563912    62.614687    60.949225    58.810437    58.271374     0.961815   287.000668   281.406419    92.282013     5.205607
      1932.0     0.942263   304.514179   381.008608   956.781240     0.742363   123.892773    63.123376    60.769397    59.493710    59.995212     0.967955   286.858280   281.308114    93.086311     4.152984
      1933.0     1.943626   304.699155   380.790830   957.098353     0.663241   125.063717    64.279167    60.784550    59.252761    59.569874     0.969980   286.655115   280.810890    93.767357     4.927071
      1934.0     0.780054   304.778566   380.760457   957.468216     0.592436   125.931484    64.242328    61.689156    59.987096    60.356959     0.977013   286.789144   281.089493    94.316711     3.915742
      1935.0     1.361651   305.039096   380.837477   957.279376     0.499825   125.725432    64.389310    61.336122    59.885589    59.696749     0.983252   286.746800   280.953644    94.988350     4.615541
      1936.0     0.505556   305.312984   381.042838   956.917244     0.541105   123.283271    62.875688    60.407583    59.201024    58.838892     0.990721   286.773884   281.010168    95.656319     3.831435
      1937.0     0.553394   305.679134   380.206353   957.220240     0.728909   124.285196    62.885318    61.399877    59.514001    59.816998     0.992145   286.889939   281.090555    96.282394     3.904805
      1938.0     0.086870   306.529706   378.790853   956.684063     0.832284   120.426594    60.826644    59.599950    59.209597    58.673420     0.993617   286.945612   281.257010    96.761841     3.568725
      1939.0     2.437948   307.292038   377.575741   956.542625     0.763553   124.500234    63.153236    61.346998    58.695658    58.554219     0.996658   286.890166   281.201874    97.584755     5.814129
      1940.0     1.168446   307.727866   377.202081   956.738183     0.793776   125.731813    63.689999    62.041814    59.791133    59.986691     1.000910   286.849887   281.157507    98.383560     4.076967
      1941.0     1.699429   308.294320   377.113258   956.310767     0.654615   124.724984    62.874858    61.850126    58.437644    58.010228     1.001517   286.850388   281.119757    98.922752     4.953453
      1942.0     2.861687   308.520204   377.159694   956.735137     0.666078   128.494842    65.925240    62.569602    59.689103    60.113472     1.009938   286.735489   280.885193    99.378494     5.765331
      1943.0     1.089603   308.376658   377.956895   957.513348     0.554230   128.730782    65.495601    63.235182    60.130484    60.908695     1.014103   286.907888   281.096946   100.399658     3.789705
      1944.0     1.070690   308.717153   377.447039   957.883307     0.557047   125.661198    64.065797    61.595401    59.933052    60.303011     1.017104   286.800053   280.936077   100.656288     4.272642
      1945.0     0.583407   308.958149   377.475926   957.761308     0.773746   125.196868    63.131044    62.065824    59.334847    59.212848     1.020360   286.939515   281.233434   100.998474     3.889309
      1946.0    -1.079809   309.760840   374.918793   958.436976     0.729659   121.383770    60.468950    60.914821    59.650111    60.325779     1.019923   287.129377   281.478440   101.676079     2.700304
      1947.0     3.251611   311.149733   372.943146   957.278098     1.023921   123.808822    62.708817    61.100005    58.981702    57.822823     1.021429   287.038329   281.444184   101.928047     6.861641
      1948.0     3.395960   311.226930   374.303104   957.163949     0.849214   129.001777    65.990089    63.011687    59.225836    59.111688     1.032631   286.775259   280.986067   102.539154     5.518444
      1949.0     1.335224   311.079345   374.779376   958.526044     0.728937   128.106012    65.044614    63.061397    59.489609    60.851704     1.044190   286.815886   280.989294   103.369644     3.716638
      1950.0     0.019879   311.431439   373.491769   959.531972     0.869703   125.343890    63.002520    62.341370    59.987521    60.993448     1.094944   287.068275   281.431244   104.532059     3.296678
      1951.0     1.164729   312.303272   372.627073   958.743314     0.846078   126.777370    63.752875    63.024495    60.696348    59.907690     1.124795   287.111931   281.479971   105.606232     4.709881
      1952.0     0.994968   313.536225   371.414542   957.396792     1.053946   123.916043    62.131692    61.784351    60.149438    58.802915     1.136056   287.128922   281.721504   106.782013     4.541307
      1953.0     4.774848   314.273426   371.657763   956.599668     1.003216   129.878798    65.985210    63.893588    59.026630    58.229507     1.148291   286.878662   281.321004   107.635284     7.512483
      1954.0     2.920643   313.992225   373.327934   957.628526     0.732935   132.194139    67.563116    64.631024    60.140488    61.169346     1.175612   286.720656   280.957719   108.900406     4.723599
      1955.0     1.083833   313.949861   373.500308   959.228454     0.697856   129.951640    65.880113    64.071527    60.617830    62.217758     1.196120   286.834604   281.084350   110.250793     3.489981
      1956.0     1.128145   314.647935   371.901217   959.999040     0.892304   126.548462    63.586841    62.961621    60.028023    60.798609     1.205484   286.882679   281.176872   110.849594     4.387323
      1957.0     2.026208   315.519318   370.828228   960.035241     0.902831   128.114114    64.446414    63.667700    60.315581    60.351782     1.210175   286.990998   281.252477   111.527878     5.167621
      1958.0     2.393437   316.384947   370.743843   959.699473     0.745261   129.576393    65.577390    63.999003    60.900914    60.565146     1.219184   286.983802   281.271363   112.728714     5.096629
      1959.0     2.832229   317.159761   370.242674   960.126218     0.901970   130.765810    65.866366    64.899444    60.660661    61.087406     1.232129   287.035650   281.351965   113.682281     5.280129
      1960.0     2.662386   317.830637   370.129658   960.521375     0.915336   131.829881    66.460198    65.369684    61.200969    61.596126     1.201464   287.104033   281.402396   114.643860     4.977088
      1961.0     2.627238   318.713310   369.623163   960.848746     1.076653   129.073589    65.029778    64.043811    60.375016    60.702387     1.172345   287.051073   281.403565   114.962486     4.833887
      1962.0     2.934401   319.579338   369.281572   961.092833     1.036779   129.563560    65.274082    64.289479    60.294561    60.538648     1.173769   286.916133   281.085810   115.399101     5.077025
      1963.0     2.857882   320.421146   368.600137   961.772999     1.182946   128.056002    64.637781    63.418222    59.797557    60.477723     1.181528   286.850045   281.095760   115.957947     4.841492
      1964.0     1.140390   321.643623   366.705066   962.429499     1.311508   124.428630    62.059129    62.369501    60.020649    60.677148     1.182318   286.888157   281.232449   116.163765     3.277052
      1965.0     4.189600   323.348287   365.035551   961.692007     1.482331   124.142559    62.422260    61.720299    58.449584    57.712093     1.173704   286.856322   281.191871   116.374390     6.379683
      1966.0     4.443130   324.343592   365.663921   961.436451     1.311898   129.420163    65.675277    63.744886    59.694111    59.438555     1.179264   286.867206   281.187023   117.020470     5.608351
      1967.0     4.092625   325.071980   366.265792   962.005172     1.215113   133.549801    67.242483    66.307318    60.873218    61.441939     1.189280   286.935577   281.342176   117.990662     5.198673
      1968.0     2.503325   326.187453   365.339031   962.647351     1.467897   129.265940    64.727540    64.538400    61.033535    61.675714     1.196155   286.929824   281.205023   118.994553     3.978588
      1969.0     3.934076   327.583840   365.080828   962.106788     1.319573   129.631359    65.021502    64.609857    60.358798    59.818234     1.195629   286.975390   281.271972   119.665024     5.461471
      1970.0     5.612688   328.881405   365.283624   961.738089     1.583371   132.079811    66.818678    65.261132    60.751941    60.383242     1.166487   286.834135   281.080394   119.621628     6.232640
      1971.0     4.783459   329.610591   366.552080   962.477390     1.252642   133.547457    67.085739    66.461718    60.032158    60.771459     1.154044   286.832814   281.224934   120.180954     5.045825
      1972.0     3.576152   330.634764   366.505848   963.751765     1.361403   134.455460    67.501259    66.954201    62.389079    63.663454     1.154356   286.884246   281.306301   120.596680     3.884037
      1973.0     4.356776   332.176483   365.043890   964.763803     1.400468   130.799237    65.528730    65.270507    60.817824    61.829861     1.147889   286.951968   281.255113   120.815392     5.160826
      1974.0     6.435769   333.468678   366.281073   964.385881     1.383754   138.123259    70.063780    68.059479    62.597670    62.219748     1.148118   286.967933   281.283597   121.568947     6.606850
      1975.0     4.349682   334.244416   367.644413   965.301821     1.417021   137.565387    69.002748    68.562639    62.500392    63.416331     1.156418   287.079413   281.412218   122.303558     4.223076
      1976.0     3.752801   335.805536   366.919688   965.687207     1.667408   134.162151    66.428167    67.733984    62.315891    62.701278     1.154043   287.288371   281.856698   122.688286     4.451614
      1977.0     5.243329   337.645848   365.948031   965.902564     1.584761   134.378311    67.392714    66.985597    62.494747    62.710104     1.150584   287.200766   281.596754   123.303108     5.654268
      1978.0     6.560760   339.178663   366.890483   965.448788     1.754155   138.915118    70.168767    68.746351    63.464316    63.010540     1.155183   287.038691   281.290842   123.978172     6.215775
      1979.0     5.838679   340.248634   368.365061   966.105430     1.504285   140.053305    70.133836    69.919469    62.706031    63.362673     1.159981   287.064372   281.377206   125.110901     5.296585
      1980.0     6.004661   341.655970   368.437815   967.106302     1.576981   141.050043    70.789236    70.260807    64.002456    65.003329     1.232161   287.164360   281.440628   126.441116     5.713153
      1981.0     4.505396   342.812304   369.031542   967.853944     1.659430   138.860447    69.412825    69.447622    63.598959    64.346601     1.282216   287.290540   281.624358   127.949226     4.472497
      1982.0     4.360794   344.724733   367.573649   968.471038     1.704501   135.398330    66.989867    68.408463    62.938897    63.555990     1.289190   287.511924   282.004876   129.175858     4.891769
      1983.0     6.051715   346.993052   366.070708   968.344568     1.968069   134.373064    67.097365    67.275699    62.358258    62.231788     1.291164   287.329618   281.975795   129.651154     6.368518
      1984.0     7.100884   348.451578   367.691518   967.597783     1.987017   140.405839    70.810015    69.595824    63.388165    62.641380     1.311784   287.020025   281.392930   131.087189     6.547825
      1985.0     6.173183   349.433556   369.147439   968.395440     1.700643   141.706705    70.721537    70.985168    62.696616    63.494273     1.328866   287.034100   281.452831   132.798355     5.771343
      1986.0     4.806853   350.795950   367.834807   970.684414     1.790281   138.501359    68.926397    69.574962    63.241366    65.530340     1.340718   287.101843   281.427082   134.272141     4.708690
      1987.0     4.642749   352.631756   366.694491   971.407844     1.721469   136.364444    67.156345    69.208099    62.531063    63.254492     1.345550   287.316859   281.756256   135.267120     5.042168
      1988.0     7.360529   354.738225   366.229895   971.085477     1.926088   141.198508    70.889241    70.309267    64.343190    64.020823     1.350078   287.324190   281.866884   136.314316     7.333014
      1989.0     7.321414   355.749408   368.848097   971.290854     1.877752   147.701618    73.896318    73.805301    64.884806    65.090184     1.362351   287.257487   281.748188   137.700211     6.187932
      1990.0     5.292569   356.879725   369.529319   972.891698     1.785726   143.933216    71.574182    72.359035    64.800754    66.401597     1.274367   287.425466   281.753319   137.821777     4.491363
      1991.0     5.317199   358.629871   369.048366   973.615532     1.868853   141.322880    69.862022    71.460858    64.716977    65.440812     1.207577   287.459481   281.801053   137.495102     4.902163
      1992.0     6.068444   360.600148   367.840397   974.629306     2.175462   138.557269    68.225745    70.331524    62.954996    63.968770     1.191216   287.271554   281.628003   137.631348     5.464945
      1993.0     7.619822   362.476240   367.274942   975.309667     2.251184   139.150220    70.004568    69.145653    63.197154    63.877516     1.174645   287.079831   281.407314   137.275253     6.692507
      1994.0     8.184416   363.509408   369.571404   975.645430     2.104097   146.845799    73.544882    73.300917    64.155219    64.490982     1.172833   287.045225   281.357407   137.446991     6.757439
      1995.0     5.108964   364.284949   371.337030   976.934323     1.774586   146.890785    72.656476    74.234309    65.523847    66.812740     1.174003   287.273216   281.698108   138.009460     4.078109
      1996.0     4.344112   366.073218   370.531394   977.884526     1.877377   140.444606    68.913132    71.531475    64.665752    65.615955     1.170310   287.529157   282.150347   137.778427     4.102813
      1997.0     7.982890   368.126637   370.145545   977.908135     2.151196   143.819652    71.590614    72.229037    64.474223    64.497833     1.160878   287.338405   281.949854   137.633713     7.478631
      1998.0     6.564420   369.349868   371.684953   978.601029     1.974874   147.742334    73.368803    74.373531    65.820049    66.512943     1.165422   287.282506   281.749539   138.231003     5.316452
      1999.0     6.684693   370.873314   372.029800   979.647943     1.994697   146.133934    72.318919    73.815015    65.321198    66.368111     1.162081   287.443021   281.927275   138.450424     5.605962
      2000.0     6.139780   372.427533   372.372731   980.835181     2.002517   144.652418    71.579469    73.072949    65.053459    66.240697     1.249065   287.449131   281.935048   139.530609     4.995841
      2001.0     7.586424   374.196865   373.435582   980.597626     2.238857   147.227475    72.881092    74.346384    65.859671    65.622117     1.185908   287.468420   281.943387   139.310425     6.196124
      2002.0     5.141865   375.966193   373.599996   981.248828     2.170485   143.836503    70.294268    73.542236    65.600694    66.251896     1.193949   287.696051   282.303232   139.563431     3.877957
      2003.0     6.958545   378.500716   372.337285   981.338315     2.288590   143.960132    70.507170    73.452962    65.403942    65.493429     1.364993   287.710357   282.408919   141.934158     6.276452
      2004.0    10.463061   380.646168   373.362048   981.157943     2.392011   150.878631    75.155038    75.723594    65.878482    65.698109     1.374435   287.443228   282.046576   143.401245     8.432166
      2005.0     8.444261   381.846323   375.985011   982.493355     2.125967   153.031120    75.681934    77.349187    66.186493    67.521905     1.260854   287.358997   281.879267   143.657166     5.537066
      2006.0     7.326929   383.481688   376.954862   984.209614     2.152447   149.653504    73.547688    76.105816    66.109523    67.825782     1.205791   287.391098   281.858060   143.633957     4.752055
      2007.0     6.950061   385.324531   377.850560   985.276215     2.189848   151.203112    74.057272    77.145840    67.474036    68.540636     1.220456   287.618400   282.226422   143.656204     4.620938
      2008.0     9.124983   388.040913   377.343688   985.601382     2.473515   149.684842    73.579381    76.105460    67.043135    67.368302     1.253261   287.563837   282.156587   143.881805     6.717951
      2009.0     9.558868   389.966973   378.704400   986.322390     2.416543   155.036163    76.349135    78.687028    66.964840    67.685848     1.684518   287.411171   281.971318   148.764008     7.302576
      2010.0     8.397762   391.681774   380.093836   987.877012     2.341978   157.685086    76.852552    80.832534    68.229431    69.784053     1.613416   287.559178   282.057794   150.959747     5.679062
      2011.0     7.144961   394.061080   379.120125   989.943689     2.463006   150.298113    72.383012    77.915101    66.597015    68.663691     1.427416   287.739569   282.235729   150.339996     4.693032
      2012.0    10.029427   397.064994   377.360337   991.448805     2.591627   153.133960    74.807251    78.326709    67.566408    69.071524     1.550189   287.757643   282.273649   151.820251     7.495514
      2013.0     9.887028   399.965687   377.474643   991.782570     2.683443   153.608855    75.195175    78.413681    68.068681    68.402446     1.631410   287.645348   282.136408   153.807739     6.678423
      2014.0     9.879590   402.629709   379.237195   991.438500     2.661541   157.603734    76.091597    81.512137    68.027815    67.683746     1.519866   287.772598   282.534860   154.182388     6.645299
      2015.0    10.248563   404.874450   380.439941   992.843154     2.656212   159.536213    77.350524    82.185689    68.310494    69.715148     1.392161   287.663647   282.249711   153.754044     6.432630
      2016.0     9.544139   407.291554   381.307425   993.990648     2.670824   159.224930    76.558641    82.666289    68.683871    69.831365     1.341200   287.772457   282.314272   153.681381     5.859793
      2017.0     9.595062   409.845801   382.553705   994.561282     2.752067   158.630321    76.114475    82.515846    68.728879    69.299513     1.320234   287.750994   282.236560   153.346695     5.568681
      2018.0    11.241771   412.427469   383.359440   995.553825     2.797428   160.408583    77.059979    83.348604    68.147996    69.140538     1.306207   287.782758   282.277609   153.242096     7.113706
      2019.0     8.188624   414.968462   383.194838   997.593151     2.892838   155.310273    74.216867    81.093406    68.099716    70.139043     1.293246   287.906852   282.600824   153.761810     4.242426
      2020.0    11.097495   417.970956   383.644040   997.861021     2.803145   159.009962    76.405271    82.604691    68.414210    68.682081     1.256928   287.914683   282.588988   153.313202     7.273989
      2021.0    10.478993   420.591903   384.710198   998.761625     2.876314   160.075364    77.034945    83.040418    69.051662    69.952266     1.230162   287.888443   282.458170   153.399399     6.016521
      2022.0    11.335342   422.961904   386.559184   999.754521     2.822858   164.991023    79.383289    85.607733    69.851689    70.844585     1.224755   287.797875   282.313248   153.467300     6.689718
      2023.0    10.986926   425.148813   388.404593  1001.073933     2.817027   165.572957    79.404290    86.168667    69.800677    71.120089     1.226348   287.737496   282.295577   154.162476     6.438792
      2024.0    10.064216   427.296984   389.705164  1002.971653     2.760948   166.611399    79.421767    87.189632    70.499557    72.397276     1.226240   287.845487   282.397118   154.854202     5.723919
      2025.0     9.923676   429.561360   390.621101  1005.082833     2.794555   166.463714    79.054486    87.409228    70.288594    72.399774     1.217415   287.873780   282.496147   155.355011     5.738775
      2026.0     9.531649   432.313613   390.788668  1006.332581     2.939436   163.685494    77.851539    85.833955    70.656677    71.906424     1.210419   288.021972   282.643669   155.848022     5.777548
      2027.0    10.832862   435.686899   390.912814  1006.418107     2.816942   166.207647    77.759917    88.447730    70.615676    70.701202     1.198709   288.290780   283.257631   155.636749     6.934569
      2028.0    12.301916   438.572928   391.647225  1007.739465     3.122546   169.825842    80.905621    88.920221    71.429746    72.751104     1.193018   288.033536   282.833321   156.048370     7.420106
      2029.0    11.669514   440.823017   394.002598  1009.087424     2.847575   172.806533    82.056104    90.750429    71.622744    72.970703     1.191722   287.898269   282.577733   156.763214     6.730027
      2030.0     9.927770   443.265664   395.314994  1010.808343     2.889357   169.214402    79.393137    89.821265    70.996479    72.717398     1.190373   288.015840   282.754852   157.463867     5.363343
      2031.0    10.831570   446.263219   395.391720  1011.946044     3.002162   166.182143    78.945711    87.236432    71.060970    72.198671     1.181243   288.056095   282.709654   156.792542     6.670315
      2032.0     9.878153   449.204718   396.452717  1012.653632     3.017188   168.524478    78.409884    90.114594    71.316907    72.024494     1.176260   288.304318   283.036664   156.783020     5.324393
      2033.0    10.493437   453.089024   394.884317  1013.423087     3.200023   162.193588    75.701734    86.491855    70.164521    70.933977     1.158533   288.441438   283.485962   157.130829     6.336156
      2034.0    12.651564   456.624795   395.741401  1013.143019     3.390244   167.472397    79.263585    88.208813    71.319755    71.039687     1.152664   288.167448   283.033154   157.253540     7.366814
      2035.0    11.984434   459.411916   397.721266  1013.774633     3.218697   170.625690    80.188460    90.437231    70.971246    71.602860     1.158563   288.244968   283.050351   157.758896     6.605735
      2036.0    12.237961   462.317374   398.930594  1014.865626     3.166336   172.157890    81.281237    90.876653    71.913773    73.004767     1.156906   288.215496   283.085535   158.088837     7.067142
      2037.0    10.782934   465.035456   400.513255  1015.801204     3.209648   172.324804    80.701461    91.623343    72.543641    73.479218     1.153923   288.228461   283.141261   158.465668     5.639582
      2038.0    11.579036   467.962034   401.478087  1016.814160     3.079296   173.011091    80.887811    92.123280    72.172195    73.185151     1.153848   288.311135   283.116199   158.828674     6.737828
      2039.0    11.536794   470.886242   401.883348  1018.475240     3.097324   173.108368    81.225382    91.882986    72.481431    74.142512     1.151124   288.255480   283.014692   159.275558     6.677609
      2040.0    11.963541   473.555737   403.649521  1019.660080     3.205295   175.496457    82.142274    93.354183    72.426384    73.611223     1.140199   288.199649   282.896914   159.858459     6.764879
      2041.0    10.554218   476.401985   403.686936  1021.797510     3.045097   171.323005    80.079235    91.243770    72.163857    74.301287     1.125148   288.357647   283.145525   159.485397     5.740534
      2042.0    10.967546   479.700620   403.868305  1022.562150     3.307220   170.380646    79.983120    90.397527    72.949621    73.714261     1.114327   288.381242   283.249486   159.701996     6.087490
      2043.0    13.633782   482.734882   405.724796  1022.542321     3.254064   176.881266    83.150495    93.730771    72.706147    72.686318     1.111209   288.244100   283.029475   159.633530     8.607686
      2044.0    11.456673   485.135739   408.365422  1024.008368     3.047190   177.856312    82.863224    94.993088    73.035717    74.501764     1.117894   288.273103   283.172114   160.314041     5.720834
      2045.0    10.368481   487.857566   409.564151  1025.273063     3.171963   178.781361    82.361307    96.420054    74.334721    75.599416     1.113791   288.373529   283.219487   160.971786     5.563162
      2046.0    12.305363   490.881883   410.543853  1026.091135     3.147990   176.985658    82.687689    94.297969    73.555294    74.373365     1.111235   288.314596   283.165527   160.870758     7.334622
      2047.0    11.560360   493.654899   412.251597  1027.203637     3.161191   178.126938    83.292613    94.834325    74.277808    75.390310     1.113806   288.253964   282.974979   161.105865     6.194559
      2048.0    10.811628   496.712810   412.770358  1028.525590     3.183386   176.560620    81.232688    95.327932    73.476907    74.798860     1.114736   288.508516   283.362508   161.196396     5.915066
      2049.0    12.242642   500.195709   412.752713  1029.380534     3.351349   175.008960    81.495063    93.513898    73.570160    74.425104     1.108089   288.561341   283.592401   161.004318     7.087604
      2050.0    12.685602   503.441656   414.110600  1029.691338     3.410892   178.070618    82.991309    95.079308    74.079984    74.390788     1.088526   288.402078   283.314678   161.086548     7.242635
      2051.0    13.339556   505.835233   417.174201  1030.571665     3.365111   184.658072    85.570951    99.087121    73.991368    74.871696     1.084328   288.211638   282.945525   161.776123     7.635654
      2052.0     9.737628   508.412827   417.677891  1032.990289     3.071044   179.910531    82.113325    97.797206    74.140989    76.559613     1.088448   288.443489   283.299874   162.512238     5.050023
      2053.0    11.208457   511.350889   418.405483  1034.305209     3.261591   179.703745    82.481340    97.222405    74.211585    75.526506     1.076717   288.502501   283.437214   162.205551     6.227242
      2054.0    13.335368   514.328660   419.530794  1035.343599     3.257251   183.094864    84.819388    98.275476    74.504137    75.542527     1.069374   288.425961   283.312055   162.080124     8.151551
      2055.0    10.280981   517.100054   420.266105  1036.976870     3.413389   180.535620    82.252756    98.282865    74.589509    76.222780     1.065731   288.593511   283.608339   162.678284     5.294664
      2056.0    11.463874   520.048012   421.789570  1037.260191     3.262693   183.584214    83.779265    99.804949    75.136064    75.419385     1.068253   288.676314   283.671327   162.800400     6.836416
      2057.0    11.050108   523.078246   421.171590  1039.812285     3.191698   179.827865    81.821156    98.006709    73.685044    76.237138     1.059574   288.713095   283.660555   163.466858     6.201998
      2058.0    14.504545   526.360184   421.884180  1040.181004     3.479072   186.049425    86.721465    99.327960    75.913473    76.282193     1.055364   288.526758   283.564789   164.312195     9.726683
      2059.0    11.111575   528.226659   426.046825  1041.212831     3.173497   189.297411    86.338871   102.958541    75.285565    76.317393     1.063983   288.461010   283.415551   165.175385     5.858833
      2060.0    10.476201   530.705013   427.342606  1042.772639     3.136247   190.221388    86.046220   104.175168    77.043983    78.603791     1.083322   288.676389   283.721129   165.545944     6.146648
      2061.0    11.399042   533.498513   428.661533  1043.289609     3.310987   189.121864    86.072599   103.049265    77.080522    77.597492     1.089516   288.622680   283.620148   165.713425     7.156181
      2062.0    11.738939   536.120640   430.136795  1044.307861     3.133870   189.359652    86.839555   102.520097    77.038632    78.056884     1.084485   288.562602   283.441402   165.403198     7.307408
      2063.0    10.869529   538.506924   431.162676  1046.337572     3.072424   187.835349    85.570342   102.265007    75.732185    77.761896     1.082400   288.550485   283.354019   166.167633     6.782565
      2064.0    11.557243   540.867539   432.748378  1047.828335     3.211764   191.044372    86.992351   104.052021    76.523775    78.014537     1.080353   288.479433   283.349373   166.714600     7.392112
      2065.0     9.782323   543.369420   433.391448  1049.451031     3.064423   188.881776    85.405075   103.476701    76.981698    78.604394     1.075924   288.617855   283.413918   166.942978     6.157610
      2066.0    10.600600   546.243452   433.944413  1050.166935     3.307206   186.130315    84.707642   101.422673    76.681595    77.397499     1.079866   288.763785   283.722768   166.994919     6.757178
      2067.0    10.300852   549.089315   434.166998  1051.044934     3.261619   185.068696    83.700975   101.367721    76.037672    76.915671     1.076666   288.740482   283.616958   167.072281     6.562719
      2068.0    12.144795   551.744180   436.293277  1050.945813     3.247917   191.995519    87.039330   104.956189    76.868467    76.769346     1.070630   288.661714   283.599756   167.270050     8.143705
      2069.0    12.189822   553.772347   438.047264  1052.643416     3.152714   194.725987    88.700271   106.025716    76.918382    78.615985     1.062191   288.574074   283.492925   167.948654     8.330298
      2070.0     8.535564   555.466461   439.508265  1055.261293     3.037891   191.008710    85.825846   105.182864    76.907513    79.525390     1.080030   288.645410   283.497798   168.508575     4.839455
      2071.0     9.188847   558.091867   438.908612  1056.913873     2.974211   187.281641    84.343554   102.938087    76.652222    78.304802     1.087057   288.884840   284.068793   168.326782     6.638405
      2072.0    10.085767   560.824300   439.677272  1056.940368     3.105386   191.626033    86.531404   105.094629    78.294148    78.320643     1.086152   288.807521   283.796615   168.308365     7.442101
      2073.0     8.883652   563.257563   440.785743  1057.324861     2.988490   188.168824    83.997298   104.171526    76.415816    76.800309     1.082089   288.923148   283.997401   168.458603     6.088518
      2074.0     9.720909   566.277047   439.743068  1058.222544     3.253986   183.086955    82.240635   100.846319    75.242469    76.140152     1.073708   288.975345   284.149023   168.577332     7.143159
      2075.0    11.077041   568.962704   439.875018  1058.676453     3.367911   187.624790    84.768442   102.856349    75.873819    76.327728     1.068063   288.797984   283.794445   168.523544     8.308762
      2076.0    10.070393   570.866595   442.637880  1058.651600     3.067888   193.812233    87.274996   106.537237    77.564293    77.539440     1.072509   288.763049   283.770514   168.318253     6.972695
      2077.0     9.872880   572.406277   444.216692  1060.371651     2.905260   194.367186    87.448027   106.919159    76.715216    78.435267     1.071199   288.709019   283.722838   168.730286     7.433948
      2078.0     8.880372   573.590831   446.158313  1062.347333     2.723446   199.898635    89.224587   110.674048    78.593697    80.569379     1.072420   288.777196   283.697111   169.528671     6.713586
      2079.0     7.995301   575.109234   447.389837  1063.693457     2.912644   197.384329    88.370148   109.014181    79.387097    80.733220     1.069548   288.831905   283.874060   169.825211     6.405404
      2080.0     8.506948   576.600389   449.688425  1063.695403     2.777927   199.433939    88.725708   110.708231    79.170692    79.172638     1.055702   288.858380   283.864577   169.748901     7.254482
      2081.0     8.103857   578.027142   450.541679  1065.224438     2.877948   194.562689    86.939346   107.623343    77.875225    79.404261     1.039561   288.892410   283.856336   169.448837     6.681831
      2082.0     7.125601   579.544280   451.068607  1066.547049     2.775719   196.763470    86.835464   109.928006    78.767944    80.090555     1.031600   289.076579   284.287154   168.865677     6.217981
      2083.0     6.876745   581.621141   450.271196  1067.222501     2.932199   190.006877    84.623843   105.383034    78.179102    78.854555     1.023340   289.111223   284.320948   168.701584     6.566699
      2084.0     9.038193   583.478471   451.297302  1066.832284     2.928148   195.788630    87.743166   108.045464    78.718952    78.328735     1.020361   288.988352   284.078632   169.076935     8.388325
      2085.0     7.658329   584.301659   454.371301  1067.274768     2.739874   199.238291    88.448375   110.789916    78.460344    78.902828     1.016753   288.933654   284.040839   169.244125     6.471548
      2086.0     6.967784   585.464851   455.071001  1068.467995     2.703266   194.908738    87.073652   107.835086    78.472778    79.666006     1.013148   288.879685   283.923875   168.728165     6.707947
      2087.0     7.313639   586.189433   457.653078  1068.735725     2.534401   200.940694    89.284788   111.655906    79.226911    79.494641     1.012509   288.842036   283.800551   168.924988     7.208070
      2088.0     4.732508   586.857909   457.771328  1070.942096     2.687118   193.519617    85.163934   108.355683    77.531543    79.737914     1.010156   289.071713   284.233308   168.982468     5.307770
      2089.0     5.254486   588.275152   456.425386  1072.168018     2.578467   190.657898    83.910291   106.747606    77.415306    78.641228     0.999926   289.141919   284.236109   168.845001     6.615006
      2090.0     9.079982   589.396079   458.068786  1071.525665     2.843194   200.025211    90.215692   109.809519    79.432591    78.790238     0.980343   288.920989   284.028589   168.283768     9.782054
      2091.0     6.465394   589.154786   461.697577  1072.546137     2.493813   204.064965    90.189528   113.875437    78.822823    79.843295     0.971441   288.956911   284.084001   168.231247     6.717442
      2092.0     4.039837   589.212759   462.075828  1075.159506     2.456792   199.206596    88.341528   110.865067    80.148199    82.761568     0.968479   288.865654   283.814161   168.230042     5.201710
      2093.0     4.656967   589.629471   463.126857  1075.915798     2.304395   197.955391    87.122235   110.833156    78.694592    79.450883     0.962832   288.872036   283.800794   167.918976     6.620323
      2094.0     4.041225   590.116748   462.114795  1078.369474     2.185813   193.647591    84.749206   108.898385    77.057587    79.511263     0.958170   289.112487   284.114770   168.058365     6.250005
      2095.0     5.812405   591.006637   461.466099  1079.582310     2.361880   195.415273    86.491543   108.923730    77.990256    79.203092     0.950311   289.124302   284.281413   167.929169     7.937146
      2096.0     5.158823   591.667003   462.228713  1079.911030     2.367738   194.170233    87.165160   107.005073    78.935349    79.264069     0.946395   288.931894   283.941195   167.604813     7.138477
      2097.0     5.103595   591.832145   464.799324  1079.679196     2.281371   198.894939    88.739941   110.154999    79.495647    79.263812     0.941245   289.033592   284.128737   167.384338     6.905517
      2098.0     4.137267   591.883688   466.862711  1079.945700     2.275775   198.000121    87.884844   110.115277    79.430656    79.697161     0.937569   289.098320   284.249193   167.577255     6.124297
      2099.0     4.490411   592.169895   467.433766  1080.738832     2.232195   195.632026    86.602711   109.029315    78.315032    79.108164     0.932529   289.005710   283.953455   167.064667     6.923492
      2100.0     4.720957   592.125970   469.057555  1081.457073     2.334331   199.353875    88.716604   110.637272    79.717038    80.435279     0.534445   289.038819   284.179628   163.762375     6.657536
      2101.0     4.199097   591.730474   472.019453  1081.866614     2.197057   200.040903    88.474521   111.566382    79.477571    79.887111     0.265803   288.926667   284.005854   159.994019     5.625511
      2102.0     3.948033   591.454050   473.839338  1082.803772     2.070619   199.527393    87.733003   111.794390    79.035514    79.972672     0.198500   289.008776   284.146382   157.381332     5.940446
      2103.0     4.717780   591.116322   475.825084  1083.684621     2.242006   199.166537    87.926699   111.239838    78.640778    79.521627     0.159574   288.996545   284.041838   154.889267     6.419326
      2104.0     2.088866   590.679605   477.244831  1085.122163     2.058329   196.402243    86.180580   110.221663    79.318565    80.756106     0.130357   289.106995   284.095125   153.136108     4.004726
      2105.0     3.275347   591.065677   477.022348  1085.679679     2.013927   192.958056    85.408094   107.549963    79.066493    79.624010     0.106582   289.294005   284.468161   151.600769     6.006568
      2106.0     5.023832   591.444646   478.477517  1085.060188     2.404806   193.561795    86.148542   107.413253    78.459168    77.839677     0.087948   289.018461   284.135540   150.461929     6.853696
      2107.0     4.318498   591.031446   481.908605  1084.734338     2.041500   198.896950    88.020539   110.876411    79.217357    78.891507     0.073073   288.935645   283.951109   149.537155     5.697944
      2108.0     4.858849   590.706388   483.935283  1085.559329     2.038365   196.318293    87.228057   109.090236    77.888659    78.713650     0.061337   288.893450   283.919886   148.631500     6.487728
      2109.0     3.321314   589.994981   485.265832  1088.108691     1.952321   197.145939    87.354915   109.791024    78.586100    81.135462     0.051646   289.023648   284.167513   147.913239     4.888904
      2110.0     4.172743   589.621217   486.230164  1089.565817     1.983776   197.522936    88.137659   109.385277    79.358034    80.815159     0.044022   288.884964   283.807131   147.493271     6.358168
      2111.0     2.830271   589.001677   488.650795  1090.383996     1.737706   198.981201    88.451403   110.529798    80.228022    81.046201     0.037899   288.975043   284.028768   147.564514     4.984571
      2112.0     3.264425   588.888397   489.746578  1091.012852     1.877498   194.835157    85.903339   108.931818    78.540521    79.169377     0.033052   289.009992   284.013552   146.852753     5.638179
      2113.0     3.099232   588.754878   490.320470  1092.596285     1.822752   196.025508    86.446466   109.579042    79.075812    80.659245     0.028976   289.061585   284.074665   146.681625     5.213330
      2114.0     1.597814   589.362909   489.408806  1093.142490     1.929031   187.998537    82.805559   105.192979    78.487158    79.033364     0.025751   289.244534   284.505175   146.000092     4.683859
      2115.0     7.477723   589.765416   491.838644  1091.662318     1.973811   200.986093    90.067889   110.918204    79.577718    78.097546     0.023127   289.030810   284.178650   145.551788     9.540504
      2116.0     3.743329   588.959009   495.477204  1092.496279     1.798636   203.265291    90.878566   112.386725    81.362129    82.196090     0.021037   288.943960   284.017411   146.159439     5.043916
      2117.0     2.882481   588.162389   498.126348  1093.762533     1.595745   203.801506    89.645774   114.155732    80.672410    81.938664     0.019215   289.118583   284.127490   146.536194     5.057965
      2118.0     1.167140   588.095471   498.471965  1094.803683     1.869059   195.701553    85.767674   109.933879    80.280019    81.321170     0.017757   289.334859   284.571022   146.076660     4.100888
      2119.0     3.444267   588.659786   498.426203  1094.479234     1.953314   193.728581    84.964953   108.763628    78.752541    78.428091     0.016542   289.483563   284.819407   145.259048     6.582623
      2120.0     3.934667   589.587132   497.562545  1094.297263     2.099249   193.837289    87.249051   106.588238    81.544918    81.362948     0.015563   289.437185   284.848074   144.939117     6.749761
      2121.0     6.770054   589.266104   502.513538  1092.602636     2.042078   203.902367    91.830965   112.071401    80.796127    79.101500     0.014654   288.940946   283.889195   144.893143     7.778473
      2122.0     4.106290   587.876567   506.128061  1094.912055     1.684293   207.710086    91.242458   116.467627    80.050168    82.359586     0.013915   289.016779   283.975872   145.236893     5.268349
      2123.0     1.091819   587.073444   505.584850  1098.717991     1.607772   199.059554    87.023760   112.035794    79.944162    83.750098     0.013275   289.167832   284.233715   145.525284     3.816872
      2124.0     3.458253   587.106205   506.425937  1098.788416     1.752601   202.413753    89.874150   112.539603    82.263096    82.333521     0.012751   289.230880   284.500029   145.010345     6.699543
      2125.0     3.401804   586.615671   508.959519  1098.993310     1.671684   203.436223    89.956022   113.480201    81.227116    81.432010     0.012223   289.098781   284.251514   144.970047     5.990430
      2126.0     1.350514   586.562948   508.425853  1100.882584     1.647763   195.770612    85.406219   110.364393    79.483646    81.372921     0.011783   289.265313   284.519899   145.170151     4.566964
      2127.0     4.092431   586.960716   507.639450  1101.854089     1.738461   197.053408    88.204496   108.848912    80.837467    81.808973     0.011387   289.183608   284.195950   144.819244     7.181926
      2128.0     4.261583   587.032312   509.355200  1101.853086     1.776665   197.153885    88.139426   109.014459    79.965735    79.964732     0.011055   289.007653   284.118970   144.746063     6.458943
      2129.0     1.926314   586.832512   509.926513  1103.419910     1.658479   194.699771    85.974465   108.725306    79.478811    81.045634     0.010693   289.208665   284.403498   144.613983     4.357517
      2130.0     3.035198   587.036474   510.693468  1103.606848     1.634568   197.245124    88.149490   109.095634    81.334517    81.521455     0.010385   289.301836   284.379233   143.986084     5.861081
      2131.0     5.055350   587.194331   511.456654  1104.019954     1.788794   200.012658    90.339011   109.673647    81.579090    81.992196     0.010097   289.075472   284.130593   143.637360     7.583629
      2132.0     3.061451   586.624089   513.858845  1104.981885     1.547628   201.583121    89.999852   111.583269    81.573465    82.535396     0.009854   289.009388   283.940214   143.831635     5.062264
      2133.0     3.279569   586.202703   515.650929  1105.841078     1.647637   202.661135    89.237571   113.423564    80.793249    81.652442     0.009570   289.152993   284.282883   144.271393     5.793045
      2134.0     1.573145   585.946560   515.694643  1107.588482     1.572885   200.592622    87.751905   112.840717    81.246634    82.994038     0.009327   289.340746   284.549496   144.671509     4.714153
      2135.0     2.689738   586.450062   514.714090  1108.131517     1.652823   195.324658    87.320958   108.003700    81.550834    82.093869     0.009094   289.308838   284.538167   144.872513     6.207642
      2136.0     4.686574   586.608721   515.951127  1108.000167     1.789663   197.307987    88.814078   108.493909    80.412199    80.280848     0.008895   288.965228   283.982810   144.016418     7.296193
      2137.0     3.605579   586.079249   518.330546  1108.925630     1.626412   199.626621    89.161355   110.465266    80.070062    80.995525     0.008656   288.935370   283.843380   143.600021     5.786412
      2138.0     1.277140   585.850639   518.580502  1110.392749     1.611860   194.897813    86.289690   108.608123    80.265068    81.732188     0.008449   289.058906   284.145014   143.661972     4.307547
      2139.0     3.156240   585.881913   519.384245  1110.632530     1.718829   197.864823    87.438794   110.426030    80.303377    80.543157     0.008248   289.063566   283.939967   143.586609     6.091893
      2140.0     3.798979   585.741572   520.189128  1111.530243     1.643106   200.792864    89.293185   111.499679    81.030969    81.928682     0.008076   289.092618   284.135543   143.539795     6.559620
      2141.0     2.394028   585.388826   521.717798  1112.347078     1.577939   199.510115    88.609487   110.900628    81.048262    81.865097     0.007865   289.121263   284.232584   143.712296     5.215721
      2142.0     1.928070   585.286412   522.277766  1113.097583     1.576157   197.609157    87.404413   110.204744    81.174618    81.925124     0.007682   289.248160   284.379132   143.071182     4.919320
      2143.0     3.095956   586.039465   520.805271  1113.433977     1.643836   191.228814    85.709801   105.519013    80.038718    80.375111     0.007504   289.210329   284.251755   142.737900     6.807184
      2144.0     3.493248   586.087391   522.212919  1113.348826     1.779899   197.548026    88.812677   108.735350    81.543168    81.458017     0.007350   289.020846   284.165427   142.361969     5.947011
      2145.0     4.595330   585.503645   525.110316  1113.792520     1.508545   204.676796    91.104729   113.572067    81.082883    81.526577     0.007161   288.947081   283.989604   142.307007     6.680755
      2146.0     1.791034   584.836721   526.718465  1115.433359     1.319192   204.194953    89.913961   114.280992    81.922499    83.563338     0.006997   289.034624   284.043615   142.897156     4.742476
      2147.0     2.288941   584.729159   526.721082  1116.542193     1.554353   200.145313    88.456133   111.689180    81.501266    82.610100     0.006836   289.077412   284.110114   142.596176     5.843416
      2148.0     2.405337   584.627988   526.659302  1117.567438     1.618164   196.165482    87.612649   108.552833    80.802489    81.827734     0.006698   289.162474   284.179726   142.319550     5.846695
      2149.0     0.974594   584.845289   526.048376  1118.632495     1.521849   195.689647    86.792220   108.897427    81.804667    82.869724     0.006526   289.467739   284.762973   142.330460     4.533422
      2150.0     3.959275   585.627455   525.545945  1118.094657     1.656775   196.887070    88.629421   108.257648    82.104832    81.566993     0.006377   289.300575   284.498756   142.140289     7.564859
      2151.0     4.484791   585.266170   529.078903  1117.297646     1.607418   205.273565    92.105630   113.167935    82.483451    81.686439     0.006231   289.029370   284.164045   142.515839     6.886233
      2152.0     1.760181   584.698104   530.258123  1118.767050     1.477329   200.351650    88.808852   111.542798    81.428465    82.897869     0.006106   289.130931   284.090221   142.415909     4.731763
      2153.0     2.518144   584.562258   530.162736  1120.066471     1.641892   200.462730    89.304503   111.158226    82.196779    83.496200     0.005950   289.152737   284.108932   142.002792     5.903690
      2154.0     1.357933   584.522906   530.158393  1120.842132     1.636731   195.099548    86.289341   108.810207    80.672834    81.448495     0.005814   289.279911   284.434749   141.874771     4.845189
      2155.0     2.325472   584.775841   529.024968  1121.993982     1.509248   195.342060    87.293373   108.048687    81.337424    82.489274     0.005682   289.335874   284.438198   141.979996     5.937524
      2156.0     2.738480   585.087175   529.329082  1121.949053     1.598630   193.678561    87.285638   106.392923    80.910474    80.865546     0.005567   289.340426   284.428299   141.582687     6.115978
      2157.0     3.011693   585.337331   529.845584  1121.760890     1.692043   196.974380    88.080998   108.893381    81.396012    81.207849     0.005425   289.311654   284.548809   141.259933     6.356648
      2158.0     3.154442   585.188713   531.007753  1122.171709     1.498060   198.906465    88.857488   110.048977    81.017946    81.428765     0.005302   289.271066   284.431846   141.330322     6.266553
      2159.0     3.002745   584.742653   532.518124  1123.094191     1.500654   202.216696    90.722506   111.494190    82.547021    83.469503     0.005181   289.163571   284.286676   141.353363     5.742633
      2160.0     1.351440   584.475034   532.746633  1124.301701     1.525690   198.482654    88.114457   110.368197    81.719792    82.927302     0.005077   289.296101   284.380512   141.570236     4.958645
      2161.0     3.379843   584.423271   533.391882  1124.523348     1.409313   202.014879    90.641022   111.373857    82.723925    82.945573     0.004947   289.217604   284.262642   141.900742     7.050200
      2162.0     1.227543   584.179822   534.457587  1124.901951     1.527835   196.227490    87.403046   108.824444    81.490532    81.869134     0.004835   289.239055   284.315438   141.685532     4.468208
      2163.0     4.160135   584.105778   535.252831  1125.100050     1.442339   202.943267    90.780379   112.162889    82.118419    82.316518     0.004724   289.181041   284.251892   140.729736     7.668616
      2164.0     1.473536   583.588197   536.327724  1126.401046     1.462582   197.936116    88.245611   109.690505    81.319179    82.620174     0.004629   289.150142   284.192430   141.126816     4.550544
      2165.0     1.471810   583.698316   535.915865  1126.938910     1.540921   194.108773    86.463816   107.644956    81.064504    81.602368     0.004512   289.241703   284.361868   140.919525     5.273306
      2166.0     2.257015   583.812756   536.522237  1126.635939     1.552833   198.937214    88.878984   110.058230    82.640482    82.337511     0.004409   289.277678   284.444707   140.696106     5.935101
      2167.0     2.768205   583.730357   537.099176  1126.899717     1.567867   197.982133    88.599415   109.382718    81.513835    81.777613     0.004309   289.311983   284.457947   140.943146     6.244864
      2168.0     2.983419   583.668478   538.400876  1126.661047     1.444531   203.304465    91.605149   111.699315    84.199030    83.960361     0.004222   289.223320   284.338149   141.390900     6.343088
      2169.0     1.436358   583.023886   540.574543  1127.057443     1.329390   199.276286    88.596362   110.679923    81.410745    81.807140     0.004114   289.178581   284.229968   141.543533     4.615555
      2170.0     2.023391   582.852481   539.562594  1128.974942     1.392010   195.106266    87.990401   107.115865    81.136669    83.054168     0.004021   289.154229   284.197841   141.241516     5.948182
      2171.0     2.239987   582.606562   540.090435  1129.864674     1.549097   199.061934    89.029185   110.032749    82.012817    82.902550     0.003929   289.222290   284.473112   140.844437     5.598794
      2172.0     1.657881   582.723051   540.254346  1129.605868     1.601236   196.116432    88.171679   107.944753    82.596703    82.337896     0.003850   289.154887   284.322476   140.456070     5.669872
      2173.0     2.287189   582.478020   541.622845  1129.379101     1.604724   200.290140    88.346671   111.943469    81.367578    81.140812     0.003752   289.201154   284.475665   140.484711     5.837360
      2174.0     1.718528   582.363511   541.819332  1130.014459     1.391114   198.793277    88.012970   110.780307    81.663798    82.299155     0.003667   289.347234   284.590075   141.177063     5.517327
      2175.0     1.963142   582.459006   540.563902  1131.267211     1.475340   194.929797    87.375508   107.554289    81.161695    82.414448     0.003583   289.346386   284.659945   140.953903     6.216491
      2176.0     2.693554   582.548532   542.156807  1130.154909     1.428453   199.123889    89.627614   109.496275    82.770524    81.658223     0.003511   289.212523   284.380780   140.769104     6.376486
      2177.0     3.984267   581.877289   544.948612  1130.090043     1.380758   204.087777    91.711871   112.375907    82.051139    81.986273     0.003422   289.092313   284.174114   140.821152     6.933793
      2178.0    -0.987593   581.317612   544.209138  1132.633812     1.333629   194.138552    86.082571   108.055981    81.368645    83.912413     0.003344   289.276814   284.421467   140.911057     2.909632
      2179.0     1.383144   581.650651   543.550932  1132.519264     1.319568   194.682964    86.630978   108.051986    81.682335    81.567787     0.003268   289.423368   284.596017   140.242111     5.721397
      2180.0     2.314097   581.987774   542.271829  1133.017450     1.624554   193.210944    87.019512   106.191432    81.503921    82.002107     0.003202   289.413005   284.593982   140.106339     6.296509
      2181.0     4.215747   581.878786   544.428231  1132.007721     1.495963   202.549049    91.460640   111.088409    82.734097    81.724367     0.003120   289.165968   284.315994   140.444778     7.579870
      2182.0     1.795166   581.048991   546.819015  1132.569632     1.323865   202.050694    90.484195   111.566499    82.567998    83.129909     0.003049   289.116760   284.084698   140.703918     4.963501
      2183.0     0.125528   580.509049   546.646865  1134.319518     1.380775   195.114748    86.490607   108.624141    80.923819    82.673705     0.002980   289.388298   284.585722   140.392960     3.989053
      2184.0     1.586004   580.744540   544.752920  1135.288353     1.535213   194.072614    86.961030   107.111584    81.516138    82.484973     0.002920   289.379365   284.638690   140.375427     6.370003
      2185.0     3.046078   580.583835   545.715683  1135.020561     1.487513   200.422388    90.748719   109.673669    83.027766    82.759975     0.002846   289.258955   284.551088   140.437637     7.025981
      2186.0     3.589542   579.683638   548.567705  1135.350109     1.316025   205.905953    93.166527   112.739426    83.206760    83.536308     0.002781   289.069791   284.229889   140.809174     6.778197
      2187.0    -0.530127   578.865979   549.024411  1137.050385     1.326238   199.495340    88.882564   110.612776    83.267707    84.967983     0.002718   289.163690   284.322549   141.062134     3.457875
      2188.0     1.402226   578.622861   549.082506  1137.532840     1.279533   199.299014    88.914275   110.384739    82.489486    82.971941     0.002663   289.162600   284.282526   140.144165     5.884239
      2189.0     2.158039   578.402198   549.494457  1137.777368     1.172699   198.079617    89.376931   108.702686    82.183575    82.428103     0.002595   289.095131   284.204667   140.182053     6.536877
      2190.0     0.791697   578.203797   549.802399  1138.074498     1.245416   196.394026    88.172472   108.221554    82.521118    82.818248     0.002536   289.131678   284.281893   139.540131     5.046282
      2191.0     2.204570   577.872266   551.223828  1138.034687     1.152758   198.727101    89.293558   109.433542    81.974763    81.934951     0.002478   289.160337   284.278655   139.493256     5.937179
      2192.0     1.217803   577.637418   551.093825  1138.996397     1.292790   196.908738    88.038535   108.870204    81.967589    82.929300     0.002428   289.147705   284.142436   139.809097     5.239238
      2193.0     1.251404   577.413746   551.164036  1139.645260     1.251099   194.744103    87.216538   107.527565    80.946421    81.595285     0.002367   289.329004   284.571793   139.642197     5.551043
      2194.0     2.562127   577.152346   552.643210  1139.015971     1.258384   201.281104    91.550815   109.730289    84.050818    83.421529     0.002313   289.225092   284.323171   139.287292     6.650113
      2195.0     1.442829   576.700957   554.163776  1138.798065     1.230275   198.603039    88.798585   109.804453    81.862921    81.645015     0.002260   289.238983   284.455024   139.241364     5.633004
      2196.0     1.982591   576.122534   555.014420  1139.787407     1.271646   202.030942    90.868020   111.162922    83.085732    84.075075     0.002215   289.218218   284.342992   139.284302     5.942301
      2197.0    -0.571298   575.604629   554.760658  1141.273486     1.155427   197.025549    87.426625   109.598923    82.271756    83.757835     0.002158   289.412823   284.662001   139.704849     3.922553
      2198.0     1.582535   575.853311   553.094084  1141.741734     1.376942   192.409914    86.736117   105.673797    81.349523    81.817770     0.002109   289.391067   284.696287   139.562820     6.584920
      2199.0     3.575772   575.560417   554.305794  1141.745516     1.311024   201.771097    91.511685   110.259412    82.699374    82.703157     0.002061   289.114738   284.222488   139.458817     7.596818
      2200.0     0.849579   574.562744   556.683068  1142.170650     1.085570   203.868257    91.232121   112.636137    83.517891    83.943025     0.002014   289.105537   284.070474   140.035126     4.911822
      2201.0     1.892224   573.778915   557.488942  1143.459025     1.184938   203.491341    91.090414   112.400927    82.961525    84.249901     0.001968   289.219538   284.149685   140.449921     6.034641
      2202.0    -1.527139   573.513555   555.954830  1145.070688     1.072071   194.750783    86.710607   108.040176    82.799029    84.410691     0.001924   289.565291   284.861426   140.260056     3.834028
      2203.0     0.831177   574.217405   553.690223  1144.849268     1.309760   189.676809    85.900210   103.776599    82.104738    81.883318     0.001880   289.318966   284.442846   140.000580     6.281498
      2204.0     4.138081   574.153077   556.285110  1142.742981     1.262228   201.583624    92.368463   109.215162    83.576722    81.470436     0.001842   289.039600   284.042252   139.504593     8.303141
      2205.0     2.580238   572.885698   559.288588  1143.922899     1.097366   206.706982    93.468583   113.238399    83.460276    84.640194     0.001795   289.064296   283.988568   139.792694     5.824911
      2206.0    -0.790680   571.920541   560.165524  1145.305976     1.087795   198.026995    88.757080   109.269915    82.947456    84.330534     0.001754   289.148016   284.128025   140.107819     3.549610
      2207.0    -0.317885   571.826993   558.758927  1146.014732     1.252917   191.622215    85.410621   106.211595    81.164049    81.872804     0.001714   289.263384   284.391509   139.245132     4.944414
      2208.0     1.484918   571.863496   557.456556  1146.797218     1.162339   192.165284    86.651834   105.513449    80.824202    81.606688     0.001680   289.229445   284.418673   139.172287     6.347518
      2209.0     1.779870   571.951021   557.515034  1146.245561     1.350840   193.232270    87.838871   105.393398    82.042436    81.490780     0.001637   289.129187   284.235230   138.853760     6.289614
      2210.0     0.368197   571.689251   558.355230  1146.057514     1.187536   192.546103    86.297975   106.248128    80.982120    80.794072     0.001600   289.260023   284.450330   139.207138     4.663706
      2211.0     0.680806   571.858385   557.190967  1146.310668     1.281976   191.518400    85.822809   105.695591    81.168167    81.421321     0.001563   289.411072   284.621656   138.897797     5.565752
      2212.0     1.769487   571.777295   556.864416  1146.905984     1.126915   193.895432    87.785008   106.110423    81.313430    81.908746     0.001532   289.327604   284.488075   138.986160     6.202813
      2213.0     2.479201   571.326465   558.114302  1147.036968     1.111636   198.569117    90.084357   108.484760    81.888372    82.019356     0.001493   289.142106   284.266357   139.242752     6.815115
      2214.0     0.853804   570.551710   559.242372  1147.921442     1.049821   196.335618    88.890679   107.444939    81.679656    82.564130     0.001459   289.165261   284.367924   139.482574     5.198480
      2215.0     1.223455   570.035793   560.914181  1147.258168     1.069083   199.613081    89.854898   109.758183    83.133157    82.469883     0.001426   289.157027   284.258522   138.676300     5.713206
      2216.0    -0.624716   569.506925   560.628924  1148.307833     1.217639   194.763482    86.585348   108.178134    81.621496    82.671162     0.001397   289.307633   284.520272   138.924393     4.199443
      2217.0     0.774197   569.639195   559.264500  1148.419862     1.199374   195.149671    87.594188   107.555483    82.651324    82.763353     0.001361   289.353406   284.498092   138.659073     6.195260
      2218.0     0.795029   569.388164   559.335811  1148.797357     1.105779   195.576927    88.052992   107.523935    82.270909    82.648405     0.001330   289.331953   284.490051   138.919403     5.333276
      2219.0     1.045406   569.183797   559.569888  1148.718266     1.053720   196.318002    88.299657   108.018345    82.121845    82.042754     0.001300   289.365887   284.618972   138.901611     6.022826
      2220.0     2.159459   568.660418   560.835516  1148.789612     1.120017   200.786728    91.380594   109.406134    83.559166    83.630513     0.001274   289.159545   284.295752   138.912094     6.484453
      2221.0     1.234892   567.898549   562.084484  1149.212637     1.080600   198.547054    89.678266   108.868788    82.213923    82.636947     0.001242   289.159511   284.226068   138.954102     5.792351
      2222.0     0.079903   567.009676   562.794235  1150.320362     0.954595   196.179559    88.184037   107.995521    81.332395    82.440120     0.001213   289.326464   284.521494   139.047104     5.034167
      2223.0     1.112856   566.727714   561.857536  1151.054948     1.307141   194.970320    89.594537   105.375783    83.445702    84.180288     0.001186   289.212647   284.406803   138.675354     6.350948
      2224.0     0.533624   565.981159   563.472273  1150.864914     1.013077   198.906451    89.247708   109.658743    82.460327    82.270294     0.001162   289.132644   284.254350   138.479019     5.362677
      2225.0     1.169082   565.184937   564.847312  1150.975871     0.959279   199.847359    90.845959   109.001400    83.203025    83.313982     0.001132   289.121955   284.124500   138.386185     6.156938
      2226.0    -0.761888   564.504284   565.108885  1151.905042     0.894462   196.479243    88.079469   108.399774    82.541416    83.470586     0.001106   289.333124   284.493917   138.593307     4.347310
      2227.0    -0.936708   564.473697   563.063005  1152.823308     0.993604   191.485238    85.951430   105.533809    82.299580    83.217847     0.001081   289.465526   284.746176   138.531952     4.779462
      2228.0     1.842938   564.795751   562.632949  1151.920455     1.099146   193.560250    88.031283   105.528967    82.330484    81.427630     0.001060   289.328669   284.583631   137.784744     7.033709
      2229.0     2.671244   564.270505   564.541510  1151.294436     1.109953   198.392710    90.508503   107.884207    82.337808    81.711789     0.001033   289.160331   284.259604   137.525269     6.888153
      2230.0     0.740301   563.044103   566.564212  1152.112193     1.007418   204.172767    92.067917   112.104850    84.123905    84.941662     0.001009   289.253923   284.381568   138.463974     5.103554
      2231.0    -0.041156   562.033865   567.099498  1153.437488     1.034409   199.045603    89.940354   109.105249    83.148930    84.474225     0.000986   289.243017   284.318491   139.014313     4.930843
      2232.0    -0.554795   561.550342   566.137553  1154.349668     0.888911   195.549963    88.326630   107.223333    83.066487    83.978667     0.000966   289.261722   284.444284   139.170609     5.309907
      2233.0     0.846169   561.014968   567.029132  1154.005984     1.119714   198.053708    89.721638   108.332071    83.284377    82.940692     0.000942   289.219376   284.398441   138.908585     5.889367
      2234.0    -0.943424   560.729855   565.444995  1155.240710     1.019120   187.658768    85.614031   102.044736    81.465642    82.700368     0.000920   289.238675   284.303207   138.551071     4.497799
      2235.0     2.265535   560.437673   566.477421  1154.420051     0.840875   198.155519    90.763860   107.391659    83.096189    82.275530     0.000899   289.138088   284.245548   138.027252     7.455904
      2236.0     1.456798   559.592927   568.035640  1154.836024     0.835570   200.785304    91.155394   109.629910    82.889441    83.305414     0.000881   289.003161   283.989320   138.430847     6.291761
      2237.0    -0.399514   558.373365   569.449511  1155.909571     0.834950   200.095970    90.052998   110.042972    82.965587    84.039134     0.000859   289.167036   284.224665   139.066193     4.599993
      2238.0    -0.733254   557.653108   569.110933  1156.928467     0.943113   195.005192    87.523860   107.481331    81.798107    82.817003     0.000839   289.242293   284.394230   139.013641     5.045436
      2239.0    -0.737744   557.483339   567.324760  1157.752163     0.962241   189.902323    85.717583   104.184739    81.318253    82.141949     0.000820   289.329664   284.514590   138.355530     5.361807
      2240.0     0.272783   557.679317   565.489002  1158.054739     0.976424   190.207882    86.903894   103.303988    82.554496    82.857072     0.000804   289.408759   284.707179   137.833908     5.882580
      2241.0     2.012230   557.141490   567.429494  1157.164120     1.085708   198.379162    91.016729   107.362433    83.367132    82.476513     0.000783   289.114023   284.169818   137.866776     6.599724
      2242.0     0.456083   556.181562   568.468778  1157.793395     0.930466   198.392093    89.534193   108.857900    82.482996    83.112271     0.000765   289.142142   284.128424   138.320862     5.382639
      2243.0    -1.297580   555.678436   567.766526  1158.626491     0.938093   192.913202    86.722974   106.190228    82.346061    83.179158     0.000748   289.174861   284.091777   138.596680     4.246068
      2244.0     1.278806   555.318796   567.952546  1158.201222     0.833676   195.739362    89.272140   106.467223    82.548259    82.122990     0.000733   289.178566   284.138669   138.066147     6.963129
      2245.0    -0.628188   554.668702   568.207475  1159.112981     0.790115   193.976927    87.460544   106.516382    81.774074    82.685833     0.000714   289.334229   284.588324   138.410980     4.519782
      2246.0     0.264264   554.432948   567.290288  1159.334340     0.944558   192.481433    87.495803   104.985630    81.867808    82.089166     0.000698   289.227532   284.449380   138.350174     6.323824
      2247.0     1.578815   553.821383   568.397347  1159.132371     0.746972   195.409661    89.610397   105.799264    81.862835    81.660866     0.000682   289.007323   283.976029   137.934631     6.842471
      2248.0     0.038516   552.807456   570.310977  1159.139455     0.768792   202.453798    91.458069   110.995729    84.320774    84.327858     0.000668   289.118223   284.307806   138.272339     5.216581
      2249.0    -0.626558   551.871169   570.537357  1160.267628     0.861681   195.538832    88.177616   107.361216    81.895655    83.023829     0.000651   289.142695   284.165303   138.269958     4.927407
      2250.0    -0.018676   551.206422   570.073156  1161.251587     0.603060   196.493452    89.437007   107.056445    83.000087    83.984046     0.000636   289.317816   284.371400   137.681076     5.917162
      2251.0    -1.257468   550.795838   569.484027  1161.667578     0.785688   189.158824    86.015010   103.143814    81.698890    82.114880     0.000622   289.274121   284.282372   137.789215     4.489258
      2252.0     0.220864   550.877360   568.705337  1160.994576     0.855671   189.112604    86.527457   102.585147    81.910675    81.237673     0.000609   289.264145   284.454007   137.083740     6.068475
      2253.0     2.821669   550.216419   570.114021  1160.684044     0.951869   197.100114    91.131304   105.968810    82.307342    81.996810     0.000594   289.025792   284.022466   137.353622     7.725809
      2254.0    -1.330063   548.817138   572.301030  1161.362616     0.708026   198.991412    90.121151   108.870261    83.628495    84.307066     0.000580   289.113490   284.145471   138.157700     3.627075
      2255.0     1.765039   548.017202   572.531197  1162.171447     0.813208   197.485135    90.201520   107.283615    81.920106    82.728937     0.000567   289.034310   283.980258   138.102325     7.242417
      2256.0    -3.021519   547.072123   571.925496  1163.719218     0.743448   190.634993    85.870483   104.764510    81.997900    83.545670     0.000556   289.216801   284.377318   138.088882     2.930513
      2257.0    -0.942238   547.031958   570.641690  1163.564392     0.845264   188.219757    85.675702   102.544055    81.842734    81.687908     0.000542   289.281095   284.452761   137.194733     5.271600
      2258.0     0.608131   546.944437   570.358402  1162.856220     0.797506   190.463631    86.691851   103.771780    81.433854    80.725681     0.000529   289.315240   284.492618   137.124786     6.249457
      2259.0     0.253510   546.958117   569.800991  1162.386885     0.968240   190.164521    87.500524   102.663997    82.704882    82.235547     0.000517   289.181669   284.315904   137.429474     5.822389
      2260.0     1.948664   546.191454   572.546639  1161.316590     0.638608   196.955769    91.172415   105.783354    82.834997    81.764702     0.000507   288.972658   283.912651   137.217651     6.662065
      2261.0    -0.357062   545.290215   573.138953  1162.420842     0.756830   193.338587    87.311181   106.027406    80.735773    81.840025     0.000494   289.065119   284.207715   137.010330     4.878842
      2262.0    -0.100370   544.420249   572.959668  1163.820280     0.788719   195.272825    88.603500   106.669325    82.126258    83.525696     0.000483   289.191012   284.246241   137.001450     5.257089
      2263.0    -0.659924   543.960527   571.567285  1164.851055     0.771991   190.350072    86.717024   103.633048    81.662508    82.693282     0.000472   289.126729   284.150719   137.406494     5.416124
      2264.0    -0.252862   543.552547   571.420041  1164.980503     0.752764   191.748479    88.096893   103.651586    82.652567    82.782014     0.000462   289.231502   284.309316   137.864105     5.462122
      2265.0    -0.859386   543.452714   571.428614  1163.994717     0.766438   189.132984    86.090761   103.042223    82.086806    81.101020     0.000450   289.200579   284.281549   137.348434     4.981168
      2266.0     1.383663   543.096997   572.865302  1162.842490     0.680003   194.772648    89.081255   105.691394    82.080171    80.927945     0.000440   289.076242   284.060682   137.156097     6.716622
      2267.0    -0.403682   542.301586   573.612455  1163.568983     0.605043   194.014491    88.129104   105.885387    82.114312    82.840805     0.000430   289.087704   284.089207   137.038437     4.541146
      2268.0     0.232545   542.059509   573.109170  1163.690916     0.672303   193.078770    88.252650   104.826120    82.750243    82.872177     0.000422   289.161863   284.260089   136.927917     5.883759
      2269.0     0.093196   541.437523   573.984422  1163.644055     0.714431   192.496631    87.797333   104.699298    81.720067    81.673206     0.000411   289.143368   284.102026   137.650803     5.248875
      2270.0    -0.517576   541.072764   573.621572  1163.942584     0.717134   190.669818    87.105800   103.564018    82.117137    82.415666     0.000401   289.236360   284.299630   137.355347     5.052985
      2271.0     0.736007   540.610158   574.736833  1163.163550     0.693763   195.982997    89.987394   105.995603    83.576872    82.797838     0.000392   289.174056   284.292139   137.320618     6.074295
      2272.0     0.772401   539.772246   575.787525  1163.670101     0.752872   196.648222    89.561227   107.086995    82.056745    82.563297     0.000384   289.070387   284.138140   137.268890     5.947237
      2273.0    -0.590333   538.842518   575.606913  1165.385687     0.605413   192.251363    87.718054   104.533309    81.336991    83.052577     0.000375   289.091405   284.090818   137.455444     4.846090
      2274.0     0.337272   538.408212   575.925034  1165.001890     0.742560   196.466542    90.245155   106.221387    84.279693    83.895896     0.000366   289.143373   284.239076   137.481110     6.031138
      2275.0     0.468008   537.433313   577.830489  1164.714828     0.568027   197.431165    90.333917   107.097248    82.925987    82.638925     0.000358   289.044771   283.994822   137.697754     5.789537
      2276.0    -0.457958   536.549943   578.147593  1165.696063     0.657383   193.383047    87.906473   105.476574    81.381099    82.362334     0.000351   289.129509   284.199430   137.670868     5.227035
      2277.0    -1.463826   536.117251   576.609973  1167.132424     0.769244   189.774183    86.671115   103.103068    82.509197    83.945557     0.000342   289.175040   284.191106   136.649750     4.263177
      2278.0     0.330547   536.056875   576.825746  1165.857961     0.666411   191.438752    87.645986   103.792766    82.607909    81.333446     0.000334   289.227831   284.356502   136.251465     6.096767
      2279.0     0.826349   535.776896   577.224408  1165.634261     0.553696   190.806903    87.636937   103.169966    81.284916    81.061217     0.000326   289.143759   284.257258   136.287186     6.177058
      2280.0    -0.324946   535.154626   577.827167  1165.955205     0.613942   192.608909    88.330695   104.278214    82.598893    82.919838     0.000320   289.002508   284.020617   136.614548     4.808099
      2281.0     2.340311   534.128454   580.135917  1165.853813     0.645491   200.913560    92.439457   108.474103    83.073532    82.972139     0.000312   288.907165   283.936501   136.834824     7.158568
      2282.0    -1.050578   533.023499   580.083593  1168.125953     0.525469   193.989940    88.748293   105.241648    82.392799    84.664939     0.000304   289.034600   284.053386   137.336502     4.135677
      2283.0    -0.443764   532.212404   580.110351  1169.030602     0.579395   195.734690    89.093957   106.640733    82.612665    83.517315     0.000298   289.118025   284.138315   137.417450     5.549884
      2284.0    -0.067874   531.652558   579.801797  1169.493847     0.619128   193.576690    89.599664   103.977026    83.677672    84.140917     0.000292   289.046776   284.017680   137.571808     5.767301
      2285.0    -0.912686   531.126037   579.989554  1169.407874     0.909873   190.883970    87.935862   102.948108    83.163767    83.077794     0.000284   289.019475   283.994472   137.607834     4.670311
      2286.0     1.538415   530.622453   580.897148  1168.816799     0.649964   194.534741    89.622586   104.912155    82.186142    81.595067     0.000278   288.940896   283.786472   137.143295     7.119925
      2287.0    -1.844802   529.782917   581.434086  1169.764363     0.457589   191.934473    86.903960   105.030513    81.916062    82.863626     0.000271   289.134221   284.130612   137.118530     3.503396
      2288.0     0.130870   529.721292   579.960843  1170.281542     0.733586   190.350383    87.574474   102.775909    82.576571    83.093749     0.000266   289.155691   284.210164   136.764297     5.953968
      2289.0     0.770456   529.100655   580.792021  1170.380055     0.717883   195.885954    90.343708   105.542246    83.367462    83.465976     0.000259   289.117749   284.175377   136.836502     6.046554
      2290.0    -0.378252   528.451300   581.170611  1170.765183     0.593324   192.476184    88.929963   103.546221    83.050567    83.435695     0.000253   289.089765   284.100007   137.080353     5.115678
      2291.0    -0.262650   528.198055   581.692224  1170.031007     0.474168   191.164245    87.989733   103.174512    82.646568    81.912392     0.000247   289.101780   284.282988   136.983673     5.555728
      2292.0     2.308416   527.549457   583.164901  1169.873792     0.565674   198.508815    91.379706   107.129110    82.681135    82.523920     0.000242   288.884544   283.886980   136.392715     7.383109
      2293.0    -2.419455   526.697573   583.040335  1171.345400     0.583421   191.306356    86.947442   104.358914    82.693899    84.165507     0.000236   289.083795   284.172883   137.005814     2.906501
      2294.0     0.126373   526.541773   581.570609  1172.069653     0.654359   189.729136    86.775011   102.954125    81.592318    82.316571     0.000231   289.187371   284.139406   136.485596     5.928165
      2295.0    -1.170340   526.628863   580.361000  1172.026819     0.648796   185.948035    85.628079   100.319956    82.296966    82.254131     0.000226   289.218921   284.335871   135.977066     4.583556
      2296.0     2.171057   526.391189   581.818524  1170.693400     0.527737   194.943531    90.387500   104.556030    82.811215    81.477796     0.000221   289.065973   283.901236   135.880188     7.452181
      2297.0    -0.523072   525.666932   582.077641  1171.965416     0.553183   190.362402    87.645523   102.716880    81.813989    83.086005     0.000216   289.142750   284.052871   136.066528     4.300401
      2298.0     0.051525   525.236683   582.484057  1171.781907     0.628606   194.095148    89.386082   104.709066    83.905294    83.721786     0.000211   289.237070   284.214555   135.857864     5.257880
      2299.0     0.179441   524.768862   583.197687  1171.422510     0.748358   191.442704    88.037334   103.405370    82.266829    81.907431     0.000206   289.089844   284.029873   136.718597     5.416273