        time     emission          CO2         cveg        csoil        fgco2         fgpp         fnpp           ra          frh     fvegsoil         fluc          tas     tas_land        cprod     fcvegout    fcsoilout
      1850.0    -0.408440   283.924099   538.622347  1487.691279     0.088897   109.348699    58.089204    51.259499    57.151478    56.630094          0.0   288.112287   283.765935    43.064129     1.794154     1.060516
      1851.0    -2.302888   284.055655   537.662365  1486.436866    -0.044323   108.535338    57.198092    51.337233    57.909701    56.384223          0.0   288.272794   284.030453    48.878685     1.773865    -0.271064
      1852.0    -1.277160   284.196859   536.077449  1485.509939     0.033959   108.056329    57.274602    50.781715    56.992111    56.414542          0.0   288.190852   283.953257    52.951172     2.444989     0.349357
      1853.0    -0.174361   284.328470   535.090342  1485.034290     0.115513   107.824734    57.408071    50.416712    56.049031    55.987770          0.0   288.012591   283.684435    55.935097     2.407358     0.414389
      1854.0     0.195059   284.443485   534.546390  1485.176242     0.189922   108.131489    57.611684    50.519801    55.894746    55.873894          0.0   288.027219   283.682724    58.147305     2.281746    -0.162804
      1855.0    -1.039802   284.545383   534.017469  1484.747194     0.220112   108.123261    57.372737    50.750517    56.875645    56.071769          0.0   288.262262   284.007669    59.824810     1.829897    -0.374829
      1856.0    -0.488432   284.660380   533.441168  1483.962236     0.292048   108.538575    57.659162    50.879395    56.694552    55.986763          0.0   288.238845   284.034212    61.111259     2.248719     0.077169
      1857.0    -0.858719   284.805221   533.014041  1483.145556     0.233650   108.367997    57.454675    50.913343    56.856431    55.907667          0.0   288.294418   284.098109    62.242012     1.974115    -0.132085
      1858.0    -1.397289   284.969616   531.928202  1482.229440     0.256060   106.838714    56.579497    50.259188    56.574070    55.719467          0.0   288.215444   283.987733    63.206844     1.945896     0.061513
      1859.0    -0.182718   285.147175   531.179014  1481.581729     0.406934   107.408408    57.160445    50.247953    56.115060    55.608710          0.0   288.190785   283.860354    64.004364     2.300934     0.141360
      1860.0    -0.085476   285.337671   531.015868  1480.897770     0.256197   109.167508    57.966575    51.200949    56.768509    55.921560          0.0   288.299352   283.973239    63.775501     2.208146    -0.162990
      1861.0    -0.942470   285.525216   530.842989  1479.895064     0.289461   107.235529    56.854197    50.381331    56.560432    55.460336          0.0   288.238409   284.061198    63.847622     1.566741    -0.097391
      1862.0     0.705144   285.699443   530.763130  1479.132576     0.440807   108.379010    57.858897    50.520086    56.046913    55.486122          0.0   288.189089   284.010533    64.004379     2.452662     0.201697
      1863.0    -0.071745   285.870378   530.813282  1478.525191     0.363799   107.404131    57.121771    50.282345    56.003207    55.523230          0.0   288.174427   283.885449    64.268883     1.548405     0.127408
      1864.0     0.048542   286.041152   530.430353  1478.167587     0.361110   107.992666    57.360787    50.631916    56.115930    55.692402          0.0   288.278021   283.951765    64.539154     2.051277    -0.065924
      1865.0    -1.420650   286.212278   530.335265  1476.827012     0.286461   108.658491    57.408972    51.249511    57.560408    55.539962          0.0   288.486535   284.454779    64.913101     1.964106    -0.679871
      1866.0    -0.579208   286.383229   530.394795  1475.066037     0.223791   108.874976    57.864374    51.010563    57.108247    55.677054          0.0   288.285753   284.142667    65.307823     2.127830     0.329782
      1867.0     0.929151   286.547569   530.511336  1474.462777     0.179645   108.186261    57.952534    50.233751    55.629306    55.751727          0.0   288.017900   283.771411    65.691750     2.084243     0.725681
      1868.0     1.456536   286.695320   531.300391  1474.569905     0.277261   109.607250    58.700925    50.906323    55.908386    55.881302          0.0   288.155888   283.745956    66.024521     2.030571    -0.134212
      1869.0     0.856971   286.826929   532.081839  1474.340524     0.264617   109.500028    58.500527    50.999502    56.263028    55.987026          0.0   288.237152   284.028105    66.411880     1.732052    -0.046621
      1870.0     0.047491   286.955156   531.632685  1474.325543     0.245620   107.708542    57.345892    50.362655    55.719906    55.870773          0.0   288.214053   283.894399    68.815544     1.924267     0.165848
      1871.0    -0.267632   287.096560   531.223326  1474.011394     0.272672   109.307436    58.141877    51.165550    56.840299    55.963359          0.0   288.378231   284.060020    70.498199     2.587886    -0.562792
      1872.0    -1.290248   287.264103   530.798101  1472.701544     0.340947   108.911088    57.569048    51.342019    57.378737    55.890549          0.0   288.529243   284.379871    71.890869     2.103745    -0.178337
      1873.0    -0.335890   287.454992   529.948640  1471.858968     0.327047   107.268259    57.110720    50.157528    55.980021    55.664267          0.0   288.237400   284.097386    73.173439     2.295925     0.526821
      1874.0     0.872774   287.662144   529.592946  1471.933546     0.332304   108.112092    57.805106    50.306989    55.483506    55.818424          0.0   288.186903   283.850098    74.278320     2.342373     0.260340
      1875.0     0.712714   287.885721   529.684996  1471.788790     0.488063   109.705675    58.408119    51.297555    56.414940    55.744181          0.0   288.450124   284.200721    75.329315     2.571888    -0.526003
      1876.0    -1.892718   288.115604   529.053552  1470.577820     0.467660   108.031271    56.938354    51.092960    57.517441    55.842845          0.0   288.598935   284.451411    76.287956     1.726911    -0.463625
      1877.0    -0.914979   288.349266   528.016150  1469.141578     0.369150   107.645660    57.038097    50.607550    56.535948    55.463712          0.0   288.381755   284.244605    77.218658     2.611799     0.364006
      1878.0     1.072985   288.585960   527.591336  1468.697605     0.375775   108.732988    58.101047    50.631954    55.603647    55.734766          0.0   288.193441   283.904814    78.129669     2.791083     0.575091
      1879.0     1.557573   288.822658   527.732159  1468.927452     0.400865   109.125091    58.406550    50.718542    55.436286    55.754182          0.0   288.183147   283.914434    78.947334     2.511543     0.088049
      1880.0     0.057684   289.069001   527.588589  1468.997359     0.300282   108.176109    57.594926    50.581174    56.058140    55.840062          0.0   288.175941   283.851161    79.302696     1.898444    -0.287984
      1881.0     1.817234   289.335585   527.901812  1468.772534     0.361114   110.326004    59.075920    51.250082    55.870657    55.830321          0.0   288.213036   283.956071    79.975418     2.932378     0.184489
      1882.0     0.881272   289.605130   528.438346  1468.631194     0.479100   109.791767    58.456737    51.335028    56.293999    55.959676          0.0   288.353379   284.247590    80.677094     1.960530    -0.192984
      1883.0     0.883054   289.858218   528.218717  1468.317745     0.372908   109.224735    58.164880    51.059869    55.839019    55.836404          0.0   288.231039   284.033041    81.439835     2.548090     0.310835
      1884.0     2.758615   290.114421   528.223711  1469.428610     0.623990   108.613467    58.304678    50.308801    54.343538    56.097768          0.0   287.883874   283.486649    82.132690     2.201905     0.643364
      1885.0     1.862238   290.394171   527.826993  1470.742106     0.610817   108.062117    57.902656    50.159466    54.868964    55.775110          0.0   287.836012   283.456869    82.815536     2.524259    -0.407349
      1886.0     2.069529   290.693372   527.578107  1471.624363     0.595428   108.429125    58.045554    50.383552    54.815539    55.753251          0.0   287.952751   283.507975    83.505920     2.541209     0.055454
      1887.0     1.648599   291.012301   527.773327  1472.060536     0.606495   109.714480    58.549948    51.164538    55.778841    55.721104          0.0   288.145306   283.924047    84.212181     2.633619    -0.493911
      1888.0     0.067850   291.353888   527.411495  1471.811726     0.550685   108.892006    57.777605    51.114399    56.562327    56.175235          0.0   288.205121   283.946031    84.854713     1.964202    -0.138282
      1889.0     1.630204   291.702688   526.993363  1471.822897     0.416471   108.918863    58.333815    50.585066    55.427469    55.756571          0.0   288.007146   283.799344    85.554276     2.995358     0.317932
      1890.0     1.770408   292.051191   527.002790  1472.288207     0.498600   108.333968    58.024486    50.309489    54.976289    55.589792          0.0   287.896585   283.422942    87.065880     2.425259     0.148192
      1891.0     1.508067   292.406237   526.501011  1472.946833     0.471373   108.013101    57.704750    50.308347    54.867737    55.595493          0.0   287.923798   283.412688    88.365891     2.611040     0.069131
      1892.0     1.206556   292.747734   526.203383  1473.240445     0.597132   109.955595    58.541715    51.413896    56.080787    55.901070          0.0   288.164851   283.814791    89.380333     2.938256    -0.473330
      1893.0    -0.345304   293.066911   525.849184  1472.563401     0.494044   108.228109    57.459404    50.768721    56.388793    55.612265          0.0   288.203544   283.935069    90.318802     2.201322    -0.099484
      1894.0     0.925187   293.372630   525.264140  1472.317326     0.374433   108.016721    57.799489    50.217260    55.288941    55.525879          0.0   287.949221   283.636728    91.229378     2.858627     0.483013
      1895.0     1.620926   293.665168   525.085309  1472.929081     0.334455   108.642351    58.318171    50.324172    55.016564    55.642326          0.0   287.954344   283.611806    92.191147     2.854684     0.014008
      1896.0     1.211207   293.947603   524.765935  1473.459213     0.522460   108.491401    58.012256    50.479146    55.265630    55.668742          0.0   288.024116   283.631360    93.028709     2.662887    -0.127021
      1897.0     0.157071   294.237217   524.031790  1473.584216     0.489343   108.151579    57.482510    50.669050    55.766777    55.486817          0.0   288.259572   284.045173    93.820282     2.729858    -0.404963
      1898.0     0.185814   294.549594   524.138018  1472.627522     0.448582   110.230745    58.677375    51.553375    56.923950    55.671930          0.0   288.345758   284.130069    94.566429     2.899212    -0.295325
      1899.0     0.474910   294.894853   524.064374  1471.718888     0.384778   109.053697    58.245390    50.808296    56.188737    55.635812          0.0   288.206016   283.957951    95.373055     2.683233     0.355708
      1900.0     0.970692   295.249868   523.658291  1471.665705     0.512710   108.190198    57.862836    50.327317    55.410116    55.505800          0.0   288.135555   283.748247    96.553864     2.763165     0.148867
      1901.0     0.923526   295.588432   523.348388  1471.504739     0.790494   109.043928    58.115502    50.928458    55.922613    55.561451          0.0   288.302362   283.986057    97.658356     2.863921    -0.200196
      1902.0    -1.575761   295.913872   522.607379  1470.112180     0.618843   108.023826    57.031418    50.992423    57.120699    55.180655          0.0   288.454435   284.371423    98.591125     2.591757    -0.547484
      1903.0     2.218921   296.232741   522.196189  1469.461198     0.814402   108.614253    58.320601    50.293657    54.778377    55.278411          0.0   287.980417   283.566719    99.478004     3.453374     1.151018
      1904.0     1.778982   296.548011   522.180355  1470.137707     0.719771   108.506755    58.122670    50.384068    54.887008    55.431368          0.0   288.049717   283.599125   100.359795     2.707152    -0.132149
      1905.0     1.075576   296.883742   521.646101  1470.562746     0.603086   108.264080    57.850050    50.414023    55.229761    55.477666          0.0   288.110779   283.767066   101.289948     2.906645    -0.177134
      1906.0     0.922086   297.261900   521.249903  1470.508789     0.565357   108.575667    58.022814    50.552808    55.588797    55.316564          0.0   288.149775   283.860882   102.167740     3.102492    -0.218277
      1907.0     0.689360   297.676186   521.106321  1470.210401     0.650224   109.049166    58.054624    50.994528    55.992655    55.552608          0.0   288.274355   284.030352   103.065094     2.645612    -0.141659
      1908.0    -0.010442   298.099812   520.419153  1469.419236     0.547544   108.842050    58.021372    50.820679    56.554355    55.506241          0.0   288.239290   283.915766   103.841057     3.202298    -0.256948
      1909.0     1.018158   298.524336   519.824268  1468.873862     0.566518   108.055552    57.846847    50.208711    55.357898    55.429164          0.0   288.117926   283.832332   104.713219     3.012561     0.616641
      1910.0     1.494753   298.961615   519.645677  1468.935933     0.598107   108.681446    58.232361    50.449076    55.359707    55.229698          0.0   288.175283   283.849301   104.917007     3.181264    -0.192080
      1911.0     0.270225   299.428517   519.489940  1468.358840     0.777399   109.013054    57.982781    51.030264    56.563291    55.361801          0.0   288.424866   284.132061   105.432617     2.776725    -0.624397
      1912.0    -0.854953   299.940917   518.746027  1466.837232     0.724322   108.023908    57.136422    50.887484    56.870209    55.537279          0.0   288.457622   284.300104   105.915855     2.343058     0.188678
      1913.0     1.363828   300.477311   517.334763  1466.277026     0.758299   106.857983    57.161729    49.696262    54.757315    54.912244          0.0   288.019598   283.701234   106.495903     3.660741     0.715135
      1914.0     2.897015   300.999982   517.593219  1466.575145     0.972153   108.846984    58.583158    50.263819    54.830218    55.050573          0.0   288.056548   283.688608   106.945992     3.274136    -0.077764
      1915.0     2.866298   301.522724   518.561221  1466.386608     0.766884   111.173135    59.624828    51.548311    55.677292    55.224344          0.0   288.329204   284.110460   107.548622     3.432478    -0.264411
      1916.0    -0.288350   302.054736   519.142989  1465.355805     0.844999   109.625033    58.026125    51.598905    57.304876    55.494967          0.0   288.529200   284.446204   108.210449     1.949394    -0.779106
      1917.0    -0.818436   302.564743   518.103886  1463.386444     0.818150   107.660151    57.043862    50.616296    56.772611    55.034345          0.0   288.449682   284.367100   108.879417     3.048613     0.231095
      1918.0     1.501740   303.008359   517.231239  1462.625569     0.750997   107.831986    57.849198    49.982793    55.040451    55.030633          0.0   288.077235   283.673676   109.484406     3.691206     0.751057
      1919.0     2.542389   303.406129   517.439903  1462.960333     0.838906   108.815957    58.446643    50.369292    54.575194    55.069194          0.0   288.115345   283.715674   110.081253     3.168807     0.159237
      1920.0     2.220690   303.800215   517.741132  1463.201226     0.906632   109.956608    58.857143    51.099471    55.253935    55.408850          0.0   288.292366   283.965008   111.792076     3.147057    -0.085978
      1921.0     0.877344   304.172005   518.000489  1462.878060     0.910707   109.921584    58.556603    51.365007    56.227077    55.288228          0.0   288.462122   284.283736   113.107056     3.008992    -0.615682
      1922.0    -0.581405   304.513866   517.237746  1461.682428     0.817403   107.836673    57.220796    50.615878    56.169270    54.970069          0.0   288.343409   284.230208   114.245071     3.013469    -0.003569
      1923.0     1.693701   304.852479   516.924924  1461.226878     0.841672   108.707319    58.348340    50.358979    55.025431    55.073996          0.0   288.096895   283.811941   115.154686     3.587166     0.504116
      1924.0     1.664687   305.157786   516.483708  1461.458462     0.891608   108.379312    58.126778    50.252557    54.795543    55.201633          0.0   288.090226   283.654150   115.907211     3.366337     0.174505
      1925.0     1.592658   305.374807   516.699035  1461.650552     0.676854   109.405352    58.634080    50.771281    54.969250    55.129487          0.0   288.145292   283.831349   116.613564     3.289256    -0.031852
      1926.0     1.171367   305.545781   516.869723  1461.595218     0.739614   110.178638    59.018267    51.160369    55.718624    55.340843          0.0   288.234878   283.970620   117.384476     3.506738    -0.322447
      1927.0     1.064192   305.729908   517.671722  1460.843728     0.713987   111.286728    59.587618    51.699091    56.374620    55.311154          0.0   288.390857   284.121964   118.217499     3.474484    -0.311977
      1928.0    -0.996522   305.903908   517.417328  1460.017996     0.578371   108.317522    57.459644    50.857888    56.123689    55.426924          0.0   288.433800   284.252220   118.979134     2.287105     0.128967
      1929.0     0.492030   306.055264   516.991069  1459.208391     0.551842   110.211163    58.946091    51.265090    56.031824    55.304378          0.0   288.353580   284.202761   119.818069     4.067953     0.082159
      1930.0     0.579435   306.209821   516.773608  1458.832541     0.586930   108.822914    58.327252    50.495689    55.275294    55.308291          0.0   288.194752   283.874122   121.518066     3.236396     0.408847
      1931.0     1.055321   306.410510   516.289883  1458.945416     0.745062   109.056204    58.404497    50.651712    55.087682    55.222162          0.0   288.288696   283.917735   122.979614     3.666055     0.021604
      1932.0     0.738785   306.673322   516.362954  1458.673276     0.638586   110.571835    59.203933    51.367918    56.184632    55.410325          0.0   288.400974   284.154297   124.295456     3.720522    -0.502167
      1933.0     0.773796   306.989329   516.235546  1458.020686     0.657453   109.630278    58.737982    50.892316    55.795787    55.202523          0.0   288.371661   284.208394   125.567833     3.662847     0.059326
      1934.0     1.138568   307.367550   516.141014  1457.608191     0.797224   109.607597    58.741191    50.866424    55.686407    55.433767          0.0   288.389252   284.186085   126.642860     3.401938     0.159855
      1935.0     0.903311   307.880821   516.059722  1456.995024     0.768440   110.189351    58.812985    51.376369    56.227734    55.327710          0.0   288.468904   284.279443   127.665573     3.566564    -0.286857
      1936.0     2.529484   308.570741   515.870801  1456.462980     0.821137   110.354400    59.279486    51.074933    55.462853    55.532208          0.0   288.258282   284.058716   128.658234     3.936180     0.601399
      1937.0     3.528450   309.274751   516.258061  1456.772102     0.788027   110.824467    59.811503    51.012952    54.977381    55.493045          0.0   288.190350   283.945125   129.663025     3.931210     0.206542
      1938.0     1.786232   309.866295   516.633073  1457.151077     0.847553   109.839113    58.882293    50.956826    55.588218    55.318191          0.0   288.403971   284.189040   130.660675     3.189085    -0.649002
      1939.0     1.412826   310.402106   516.483736  1456.618346     0.780703   110.521895    59.100363    51.421551    55.980274    55.471095          0.0   288.482938   284.205461   131.505737     3.778585     0.023553
      1940.0     0.019440   310.904491   515.753956  1455.810183     0.841148   110.157877    58.487762    51.670123    56.623216    55.540693          0.0   288.620260   284.537423   133.535049     3.676842    -0.274361
      1941.0    -0.061964   311.348633   514.791179  1454.801938     0.839421   109.039583    58.052073    50.987486    56.089312    55.250877          0.0   288.485820   284.280099   135.401489     3.763997     0.169809
      1942.0     0.955517   311.696842   513.553594  1454.524021     0.747167   108.409590    58.199308    50.210277    54.891141    55.122705          0.0   288.284468   284.118314   136.920685     4.314193     0.509481
      1943.0     2.144037   311.903593   513.280488  1454.969237     0.911838   109.774554    59.229159    50.545387    54.571428    55.289112          0.0   288.154844   283.839840   138.230896     4.213163     0.272469
      1944.0     1.578818   311.962486   513.539048  1455.323696     1.000069   112.043020    60.157208    51.885782    55.803443    55.462220          0.0   288.512107   284.361620   139.393219     4.436457    -0.695682
      1945.0    -2.804829   311.952604   513.186203  1453.977484     0.868494   108.544444    57.409175    51.135285    57.138108    55.209530          0.0   288.596465   284.553915   140.625336     2.552475    -0.582366
      1946.0     0.324897   311.972472   511.811896  1452.951671     0.814595   109.569429    58.833724    50.735707    55.417115    55.205450          0.0   288.343423   284.217349   141.771942     5.002577     0.814149
      1947.0     1.516738   312.031675   511.937691  1452.894141     0.681159   110.619203    59.716486    50.902740    55.038595    55.270407          0.0   288.209512   283.985920   142.821533     4.320262     0.289342
      1948.0     1.959228   312.100651   512.256423  1453.381984     0.777171   110.879620    59.855871    51.023747    54.820756    55.403188          0.0   288.281424   284.000602   143.809891     4.133953     0.094590
      1949.0     0.900718   312.212672   512.655049  1453.579263     0.729901   111.299552    59.715400    51.584178    55.764755    55.453040          0.0   288.438749   284.184730   144.921692     3.863709    -0.508995
      1950.0    -1.233668   312.383706   511.933273  1452.554105     0.686922   110.051925    58.633666    51.418276    56.652675    55.266175          0.0   288.561631   284.427958   148.672043     4.089249    -0.361343
      1951.0     1.305395   312.607396   510.933191  1452.206782     0.495236   110.180727    59.394477    50.786262    54.695480    55.384020          0.0   288.243672   283.908078   151.643585     5.010527     1.035863
      1952.0     1.201834   312.916274   510.461926  1452.880192     0.537853   110.423485    59.423386    51.000089    54.994021    55.369605          0.0   288.239961   283.747778   153.935089     4.525056    -0.297826
      1953.0    -0.284821   313.284869   509.356028  1452.814018     0.573552   109.285461    58.446827    50.838599    55.619022    55.233522          0.0   288.457323   284.281686   156.195389     4.319238    -0.319325
      1954.0     0.243457   313.643127   507.732589  1452.774832     0.578473   108.659611    58.373919    50.285651    54.950086    55.148496          0.0   288.292208   284.007952   158.242630     4.848903     0.237596
      1955.0     1.270185   313.965214   507.186557  1452.980373     0.542881   110.224866    59.414978    50.809907    54.811600    55.039334          0.0   288.295068   284.030697   160.059219     4.921657     0.022193
      1956.0     0.781386   314.260757   507.202402  1452.620216     0.604310   112.373404    60.381310    51.992121    56.209456    55.230192          0.0   288.542059   284.453907   161.855942     5.135246    -0.619107
      1957.0    -1.186436   314.566860   506.084392  1451.581246     0.748754   108.392823    57.788192    50.604655    55.717588    55.115198          0.0   288.474172   284.271352   163.656250     3.790980     0.436579
      1958.0     1.471559   314.931953   505.083662  1451.464189     0.726562   110.326782    59.601855    50.724931    54.927814    55.007957          0.0   288.283546   284.070368   165.426605     5.594624     0.197200
      1959.0     1.357293   315.455166   504.465721  1451.694538     0.792609   109.403112    58.957268    50.445851    54.773313    55.097475          0.0   288.327164   283.989025   166.983688     4.477727     0.093814
      1960.0     1.895399   316.144993   504.328869  1451.769562     0.912795   110.676853    59.453589    51.223298    55.602109    55.231237          0.0   288.537742   284.296864   163.121384     4.359171    -0.445896
      1961.0     0.540123   316.872210   504.398082  1450.519834     0.916960   110.548632    59.039706    51.508942    56.711080    55.072945          0.0   288.658917   284.631385   161.269073     3.897531    -0.388406
      1962.0     3.219637   317.565787   504.194019  1450.147380     0.838036   109.979514    59.439946    50.539573    54.291960    55.168499          0.0   288.241529   283.928606   160.324585     4.475506     1.248993
      1963.0     5.227678   318.223189   504.728378  1451.496066     0.949228   111.543955    60.747393    50.796553    53.627662    55.260642          0.0   288.043798   283.600904   159.922058     4.952401     0.284294
      1964.0     5.186603   318.833938   506.009841  1453.235859     1.084307   112.115892    60.967619    51.148268    53.891067    55.572178          0.0   287.997550   283.534357   160.036682     4.113983    -0.058683
      1965.0     3.840643   319.512163   506.753603  1454.592307     0.963583   112.140487    60.555267    51.585272    54.831665    55.746034          0.0   288.205787   283.835100   160.560959     4.065419    -0.442079
      1966.0     1.840843   320.314443   506.844678  1454.631094     0.977873   111.350831    59.680442    51.670383    56.192072    55.616300          0.0   288.429190   284.309385   161.444565     3.973072    -0.614559
      1967.0     3.311943   321.106531   506.379511  1454.797786     1.043119   110.317366    59.519527    50.797810    54.585077    55.429265          0.0   288.170418   283.849271   162.231339     4.555458     0.677495
      1968.0     5.124003   321.924493   506.789151  1455.927876     1.042637   112.265584    60.960814    51.304778    54.241222    55.802237          0.0   288.105452   283.700633   162.948181     4.748928     0.430926
      1969.0     4.746295   322.968202   507.353225  1457.263256     1.100834   111.906712    60.484875    51.421818    54.664355    55.650658          0.0   288.305005   283.963381   163.859787     4.270162    -0.349077
      1970.0     3.177511   324.102103   507.480466  1457.533557     1.250395   111.812124    59.962600    51.849514    56.062298    55.738633          0.0   288.465320   284.288016   164.326828     4.096736    -0.593966
      1971.0     5.371660   325.279472   507.627326  1457.858780     1.148520   112.555169    60.985953    51.569206    54.856038    55.867993          0.0   288.219161   283.878060   165.073196     4.971110     0.686733
      1972.0     6.679102   327.044627   508.025933  1459.070915     1.440789   111.976918    60.591545    51.385365    54.672934    55.810041          0.0   288.197795   283.822830   165.777786     4.382905    -0.075028
      1973.0     7.281993   329.021499   508.450380  1460.051806     1.592161   112.818847    60.995959    51.822903    55.063072    55.885103          0.0   288.353363   284.090617   166.568893     4.686394    -0.158860
      1974.0     4.369995   330.100359   508.603883  1460.860337     1.524699   112.072810    60.396264    51.676549    55.367692    56.104548          0.0   288.396568   283.987456   167.466782     4.138211    -0.071675
      1975.0     2.437419   330.527582   508.739303  1461.184186     1.541614   113.428719    60.945070    52.483638    56.464771    56.313183          0.0   288.534784   284.275237   168.224808     4.496478    -0.475438
      1976.0     3.669378   331.353326   508.562545  1460.861538     1.429869   113.189865    61.085497    52.104350    56.069231    56.196756          0.0   288.419438   284.197402   169.115768     5.065517     0.450173
      1977.0     7.517367   332.848157   509.651276  1461.802332     1.447036   114.461981    62.350288    52.111705    54.919060    56.298413          0.0   288.196570   283.803155   169.966904     4.963132     0.438558
      1978.0     7.298006   334.524526   510.937976  1463.048572     1.563720   114.271563    62.030728    52.240840    55.290946    56.341807          0.0   288.280930   283.864962   170.934814     4.402216    -0.195379
      1979.0     7.052351   336.260785   511.648900  1464.143694     1.685555   113.766468    61.531545    52.234935    55.261367    56.479163          0.0   288.370123   283.983058   171.877716     4.341446     0.122675
      1980.0     6.924053   338.043820   512.057777  1464.873316     1.891160   115.826486    62.442019    53.384478    56.424915    56.656473          0.0   288.547094   284.214095   174.513077     5.376658    -0.498064
      1981.0     3.876921   339.391816   512.189594  1464.655667     1.836984   113.768862    60.984898    52.783958    56.976914    56.588770          0.0   288.644078   284.572284   176.684204     4.264318    -0.170496
      1982.0     5.747934   340.427633   512.069035  1465.144531     1.659668   114.148895    61.966526    52.182325    55.222469    56.393316          0.0   288.299061   283.964142   178.274460     5.693812     0.681984
      1983.0     8.917930   341.819503   513.542862  1466.721772     1.936554   116.661993    63.788536    52.873447    54.874825    56.648390          0.0   288.213862   283.789327   179.741257     5.666329     0.196323
      1984.0     7.463410   343.454813   514.798648  1468.266477     2.002155   115.741016    62.742554    52.998471    55.807878    57.089191          0.0   288.369239   283.900135   181.243500     4.397569    -0.263392
      1985.0     6.981203   344.974930   515.953460  1468.863498     1.975481   118.510508    64.106260    54.404270    57.364163    57.291061          0.0   288.680260   284.551804   182.609680     5.660364    -0.670123
      1986.0     5.727234   346.527073   517.093553  1468.447314     1.950440   116.756582    62.881750    53.874817    57.386840    57.111683          0.0   288.683814   284.767795   184.110687     4.629990     0.141027
      1987.0     9.309640   348.448096   518.242614  1469.140158     1.911758   117.966187    64.344994    53.621179    55.966388    57.418791          0.0   288.380818   284.173203   185.613388     5.777156     0.759558
      1988.0    10.201213   350.566106   519.918906  1470.730900     2.147066   118.811022    64.811505    53.999535    56.135079    57.833445          0.0   288.395421   284.147603   187.153214     5.301750     0.107624
      1989.0     8.859321   352.292683   521.521567  1472.513406     2.131820   118.382851    64.398184    53.984668    56.194507    58.011399          0.0   288.530904   284.358736   188.606659     4.784122     0.034387
      1990.0     7.353092   353.604018   523.284063  1473.698690     2.172031   120.373181    65.227103    55.146062    57.834585    58.284988          0.0   288.703602   284.610479   187.759613     5.179636    -0.734881
      1991.0     4.618374   354.757585   524.553504  1473.346750     2.099069   118.675777    63.817600    54.858202    58.764769    58.299452          0.0   288.866086   284.892291   187.665421     4.248682    -0.113378
      1992.0     7.785092   355.686476   524.837507  1474.690874     2.203421   117.832016    64.216269    53.615783    55.636085    58.519355          0.0   288.204936   283.835994   187.479950     5.412874     1.539146
      1993.0     8.741018   356.585256   526.456638  1477.731073     2.002659   119.188815    65.216892    53.971934    55.439793    58.392085          0.0   288.126415   283.767853   187.467270     5.205666    -0.087907
      1994.0     9.216498   357.918072   528.333676  1480.521323     1.931355   120.253667    65.657418    54.596278    56.266414    58.846500          0.0   288.350417   284.022592   187.548874     4.933850    -0.210165
      1995.0     8.986842   359.680626   530.351243  1482.329606     2.052126   121.534684    66.053752    55.480926    57.915168    58.929590          0.0   288.578716   284.369216   187.855301     5.106600    -0.793861
      1996.0     8.466784   361.368024   532.435448  1483.244936     2.044195   122.705220    66.505669    56.199579    58.702447    59.506279          0.0   288.702110   284.574127   188.166092     4.915157    -0.111498
      1997.0     6.110377   363.103045   533.849780  1483.309090     2.073172   120.709271    64.897439    55.811816    59.578021    59.113992          0.0   288.814939   284.849241   188.707047     4.369130    -0.528182
      1998.0     9.349848   365.230773   534.310749  1484.112479     2.125073   119.879216    65.146594    54.732666    57.480046    59.371399          0.0   288.434982   284.238897   189.051498     5.314183     1.087963
      1999.0    10.362764   367.172111   535.836115  1486.079315     2.125192   121.831586    66.510379    55.321234    57.422553    59.614307          0.0   288.434243   284.291556   189.548141     5.370679     0.224918
      2000.0     8.121521   368.672630   537.166180  1487.823703     2.122941   122.753495    66.807309    55.946214    58.680699    59.782634          0.0   288.610613   284.480131   193.849167     5.694581    -0.642453
      2001.0     6.948258   370.308916   538.973728  1488.371880     2.146934   122.338086    66.073093    56.264993    59.723102    59.827418          0.0   288.828860   284.851789   192.420883     4.438127    -0.443862
      2002.0     8.977474   372.420578   539.713336  1488.817594     2.329165   122.502353    66.425451    56.076903    59.010710    59.799149          0.0   288.764589   284.725111   195.178925     5.886692     0.342725
      2003.0     9.795249   374.638955   540.735917  1489.991383     2.451074   123.256619    66.931264    56.325347    58.683325    60.096458          0.0   288.759132   284.634277   200.797485     5.812234     0.239344
      2004.0     6.655314   376.546460   541.656966  1490.393444     2.372923   123.665431    66.549219    57.116251    60.812951    60.260040          0.0   289.017708   284.979709   201.854309     5.368091    -0.954972
      2005.0     6.836375   378.425956   543.050938  1489.345995     2.353467   123.958413    66.825538    57.132860    61.070183    60.086935          0.0   289.037586   285.180947   200.298843     5.344646     0.064202
      2006.0    10.601940   380.352056   544.990912  1489.723359     2.370647   124.767683    68.181583    56.586107    58.823182    60.379549          0.0   288.652738   284.634841   199.604446     5.862053     1.179003
      2007.0    10.301099   382.206205   546.906780  1491.846993     2.529408   123.307742    67.312430    55.995314    58.115131    60.345652          0.0   288.628114   284.467467   201.197144     5.050908     0.106886
      2008.0     9.931880   384.051806   548.634958  1493.701307     2.572175   125.045263    68.165462    56.879794    59.307675    60.847354          0.0   288.799775   284.657272   202.346313     5.589937    -0.314634
      2009.0     9.215981   385.964036   549.401972  1495.044128     2.457535   125.864088    68.465876    57.398247    59.673665    60.863884          0.0   288.910430   284.841915   211.550598     6.834944    -0.152602
      2010.0     7.726554   388.121348   550.920630  1495.441123     2.598132   125.428075    67.612734    57.815348    61.274118    61.004500          0.0   289.154267   285.249236   211.707550     5.089570    -0.666613
      2011.0     9.599243   390.359714   551.287919  1496.038021     2.684720   124.897937    67.784434    57.113534    59.785158    61.302033          0.0   288.929980   284.962928   213.469543     6.115081     0.919977
      2012.0    10.401864   392.626120   551.710806  1497.612344     2.720023   125.611224    68.427883    57.183288    59.619061    61.388380          0.0   288.855023   284.834857   215.675705     6.616669     0.194996
      2013.0    10.895581   394.952523   552.655830  1499.643874     2.784649   126.546927    69.103616    57.443307    59.841552    61.651223          0.0   288.951678   284.931061   219.072113     6.507373    -0.221859
      2014.0    10.370588   396.993064   554.859816  1501.090706     2.720123   128.310988    69.824453    58.486566    60.581129    61.754154          0.0   289.100214   285.050944   218.873840     5.866283    -0.273807
      2015.0     8.460289   399.061133   556.617459  1501.424591     2.739023   128.123264    69.213442    58.909839    62.124457    62.032517          0.0   289.267315   285.538769   217.390442     5.423266    -0.425826
      2016.0    11.461569   402.224071   557.434376  1502.250616     2.748664   126.151538    68.587292    57.564268    60.815709    62.127582          0.0   288.947598   285.043921   217.258606     5.642769     0.485848
      2017.0    12.877992   404.888150   558.789865  1503.970746     2.870378   127.582716    69.876632    57.706100    59.767140    62.095761          0.0   288.771066   284.574282   217.292389     6.425366     0.608491
      2018.0    13.357526   407.851550   560.972162  1506.177138     2.982279   128.952055    70.418021    58.534027    60.560245    62.686360          0.0   288.929880   284.843051   217.679520     5.549371    -0.080276
      2019.0    11.385783   410.874815   562.781469  1507.594524     3.130319   129.661926    70.186500    59.475424    62.557163    62.821114          0.0   289.326872   285.528448   218.311310     5.556081    -1.153436
      2020.0     9.051355   413.967932   563.340096  1507.036076     3.051429   128.225376    68.901228    59.324175    63.514827    62.790450          0.0   289.403426   285.553795   220.535065     5.552125    -0.165929
      2021.0    12.965610   417.130869   563.962488  1507.480798     3.010759   129.977757    70.834542    59.143231    61.604992    62.928591          0.0   289.221183   285.288077   222.300400     7.283542     0.878878
      2022.0    14.207885   420.393591   565.727096  1509.204665     3.068812   130.389500    71.242713    59.146771    60.968846    63.317362          0.0   289.096917   285.126969   224.298065     6.160758     0.624649
      2023.0    13.645070   423.776071   567.389434  1511.252298     3.166035   131.323694    71.510919    59.812775    61.918475    63.258234          0.0   289.265239   285.405186   228.353058     6.590347    -0.707873
      2024.0    12.259914   427.268293   568.630961  1512.136339     3.156654   131.053883    71.072536    59.981356    63.012044    63.672718          0.0   289.340467   285.478211   231.104523     6.158282    -0.223367
      2025.0    13.460954   430.870255   569.529309  1513.346040     3.230762   130.769138    71.053582    59.715523    62.068688    63.677879          0.0   289.274527   285.277833   233.451752     6.477390     0.399490
      2026.0    12.563647   434.581988   570.822130  1513.985197     3.359284   132.955191    71.976760    60.978411    64.205550    63.862721          0.0   289.622073   285.925132   235.524963     6.821238    -0.981987
      2027.0    11.993888   438.403493   571.354488  1513.729467     3.620434   130.317786    70.333219    59.984613    63.605479    63.732186          0.0   289.577243   285.903638   237.186249     6.068630     0.382437
      2028.0    14.365630   442.324752   572.115509  1514.319484     3.568612   132.302695    72.042186    60.260512    63.070971    63.916501          0.0   289.351237   285.520288   238.517090     7.364660     0.255513
      2029.0    15.740020   446.365739   574.070743  1515.344205     3.808884   133.419219    72.776245    60.642978    62.928747    64.111740          0.0   289.404423   285.610830   239.740921     6.709267     0.158272
      2030.0    15.197563   450.506540   576.021376  1516.376963     3.848614   133.734364    72.638962    61.095417    63.788426    64.458523          0.0   289.582661   285.856561   238.236298     6.229790    -0.362660
      2031.0    12.548661   454.767039   577.232945  1516.204070     3.850795   132.472882    71.161684    61.311244    65.208107    64.489981          0.0   289.867506   286.284978   238.210022     5.460087    -0.545232
      2032.0    15.418378   459.137309   578.077016  1516.227363     3.828584   133.729845    72.603438    61.126403    63.961477    64.736634          0.0   289.625468   285.878065   238.444382     7.022738     0.751864
      2033.0    16.685317   463.647253   579.700590  1517.122952     3.848897   134.226202    73.205076    61.021109    63.633462    64.837319          0.0   289.473279   285.755036   238.781769     6.744199     0.308267
      2034.0    18.127180   468.286912   582.169006  1518.664545     3.842298   136.163214    74.346041    61.817183    63.570465    65.240843          0.0   289.471103   285.640085   239.471832     6.636773     0.128785
      2035.0    16.641433   473.056287   584.689505  1519.791909     3.871484   137.089104    74.127307    62.961772    65.113772    65.534721          0.0   289.833224   286.111173   240.392792     6.072111    -0.706416
      2036.0    15.610979   477.955379   586.414277  1519.494045     4.016630   136.697312    73.735956    62.961405    66.139643    65.805744          0.0   289.841581   286.259585   241.223389     6.205391    -0.036035
      2037.0    17.693750   482.994173   587.890922  1520.194882     4.111945   135.719012    73.860251    61.858790    64.596017    65.795963          0.0   289.654273   285.940566   241.865051     6.587616     0.499109
      2038.0    19.891389   488.162654   590.163100  1521.714702     4.228592   138.587417    75.710287    62.877110    64.639283    66.395199          0.0   289.622498   285.899902   242.433914     7.042929     0.236095
      2039.0    19.658028   493.470837   592.904233  1523.590606     4.208590   138.893961    75.579473    63.314467    65.016395    66.737390          0.0   289.843493   286.345544   242.971741     6.100971    -0.154909
      2040.0    17.914305   498.908707   595.335247  1524.082829     4.454877   139.379653    75.296999    64.082642    67.057625    66.636640          0.0   290.021822   286.509206   242.519989     6.229357    -0.913207
      2041.0    21.347077   504.486279   598.630267  1524.158510     4.417553   142.194375    77.703120    64.491240    66.302048    67.092093          0.0   289.873085   286.337674   242.659409     7.316021     0.714364
      2042.0    22.680615   510.203555   602.531491  1525.634999     4.474846   142.448458    77.977040    64.471456    65.579458    67.679665          0.0   289.790981   286.059123   243.113586     6.396112     0.623718
      2043.0    21.684456   516.080449   606.176165  1527.652268     4.353578   142.448811    77.533041    64.915784    66.336167    67.938212          0.0   290.004185   286.283790   243.657822     5.950142    -0.415224
      2044.0    18.707639   522.107064   608.983619  1527.935978     4.314652   143.768968    77.194954    66.573978    69.215478    68.492208          0.0   290.419327   287.018792   244.300201     5.895328    -1.006979
      2045.0    21.023677   528.283310   611.409313  1527.657969     4.531290   143.564400    77.818205    65.746206    68.043897    68.520669          0.0   290.154310   286.706007   245.155930     6.871831     0.754780
      2046.0    25.261340   534.619173   614.917677  1529.310212     4.602278   145.609055    79.906763    65.702271    66.256863    68.800631          0.0   289.871895   286.313545   246.290970     7.597789     0.891524
      2047.0    25.789372   541.104727   619.166750  1532.278704     4.693906   146.165580    80.071723    66.093856    66.257395    69.448899          0.0   289.974141   286.320112   247.571533     6.373753     0.223012
      2048.0    23.212150   547.759886   622.920075  1534.623934     4.696478   147.438702    79.876191    67.562487    68.966944    70.166971          0.0   290.382470   286.839882   248.626190     5.955920    -1.145203
      2049.0    20.265022   554.564736   624.886842  1535.014065     4.669185   144.082338    77.248015    66.834328    69.588778    69.724889          0.0   290.568753   287.208775   249.469513     5.556353    -0.254019
      2050.0    22.700248   561.529264   626.437077  1535.484112     4.750368   145.184437    78.606700    66.577785    69.082140    69.908853          0.0   290.226713   286.708872   248.298737     7.147565     0.356666
      2051.0    25.528135   568.663337   629.134267  1537.281815     4.844628   145.828900    79.439842    66.389077    67.559927    70.064228          0.0   290.184036   286.734771   247.867401     6.678405     0.706598
      2052.0    25.741047   575.977063   632.369578  1539.788594     4.923335   147.534261    80.102328    67.431930    68.468184    70.778086          0.0   290.340968   286.905134   247.606644     6.088934    -0.196878
      2053.0    24.460557   583.480370   635.496795  1540.885615     5.018800   149.480375    80.587824    68.892538    70.768088    70.826392          0.0   290.637040   287.286486   247.403076     6.634228    -1.038717
      2054.0    23.816270   591.193170   638.598131  1540.476479     5.016108   148.884799    80.179804    68.705018    71.428969    71.153517          0.0   290.756545   287.530103   247.586914     5.924928     0.133684
      2055.0    27.607370   599.095551   641.439325  1541.714185     5.131132   149.520449    81.365530    68.154951    69.340243    71.477100          0.0   290.400689   286.928639   247.812103     7.047203     0.899151
      2056.0    28.490899   607.197500   645.313384  1543.935910     4.986209   151.083471    82.218159    68.865296    69.575194    71.826610          0.0   290.495085   287.007158   247.970642     6.517506     0.029691
      2057.0    26.814647   615.499016   648.625950  1545.725272     5.055249   151.085165    81.533301    69.551913    71.075626    72.399783          0.0   290.799099   287.536374   248.207001     5.820903    -0.465204
      2058.0    25.640407   624.000100   651.525135  1545.909227     5.099447   151.896465    81.647429    70.249029    72.812398    72.334821          0.0   290.952460   287.806783   248.655685     6.413429    -0.661532
      2059.0    28.826795   632.700691   654.612009  1546.670235     5.219136   151.951049    82.311218    69.639841    70.799321    72.760845          0.0   290.686409   287.435522   249.379868     6.463488     1.200517
      2060.0    30.444364   641.610837   658.040345  1548.953555     5.371406   153.640259    83.454139    70.186120    70.945472    73.421707          0.0   290.630400   287.165530   249.302307     6.604096     0.192915
      2061.0    30.189175   650.720551   661.724623  1551.186945     5.410111   154.261683    83.548793    70.712867    71.766156    73.505414          0.0   290.844892   287.639347   249.593430     6.359123    -0.494132
      2062.0    29.532401   660.039820   665.410271  1552.257955     5.608593   155.576593    83.885884    71.690680    73.391292    74.018169          0.0   291.009965   287.842185   249.963074     6.182096    -0.444133
      2063.0    29.860222   669.548608   668.196925  1553.054728     5.664342   153.971141    83.274520    70.696653    72.902245    73.922333          0.0   290.837314   287.620695   250.399750     6.565501     0.223315
      2064.0    32.398992   679.276939   671.371816  1555.054929     5.677602   155.018146    84.214950    70.803246    71.768183    74.499544          0.0   290.730333   287.394964   250.650818     6.540465     0.731160
      2065.0    32.255816   689.204837   675.227046  1557.443269     5.596319   157.168342    85.072514    72.095825    73.146107    74.812446          0.0   290.949703   287.699432   250.782150     6.404842    -0.722000
      2066.0    31.492689   699.342291   679.108980  1557.811302     5.635381   159.501394    86.077598    73.423819    75.397125    75.300305          0.0   291.115939   287.984574   250.913605     6.895335    -0.464852
      2067.0    35.242995   709.689239   683.718014  1559.091718     5.796720   159.916032    87.076696    72.839329    73.207638    75.648338          0.0   290.857345   287.602432   251.587006     6.819332     1.160284
      2068.0    36.326982   720.245681   688.305527  1561.904607     5.825637   160.773199    87.614506    73.158677    73.092753    76.206548          0.0   290.787157   287.381343   252.283600     6.820461     0.300905
      2069.0    35.966813   731.021727   693.227843  1565.287490     5.679621   161.083279    87.324480    73.758809    73.487388    76.732716          0.0   291.068686   287.711188   252.902267     5.669438    -0.137554
      2070.0    32.120137   742.007207   696.503988  1566.711794     5.625456   160.843992    86.339749    74.504251    76.766729    76.838939          0.0   291.426951   288.464823   253.049820     6.224658    -1.352094
      2071.0    35.043006   753.212290   699.801948  1567.489560     5.765938   161.337558    87.165822    74.171742    75.276834    76.925907          0.0   291.201625   288.005064   253.229538     6.941949     0.871307
      2072.0    37.362425   764.616879   704.042994  1570.014449     5.782047   163.480224    88.710856    74.769406    74.904594    77.709762          0.0   291.140979   287.859855   253.646378     6.760010     0.280278
      2073.0    37.904292   776.201062   708.858199  1572.605920     5.767762   164.619005    89.257234    75.361783    75.314025    78.129936          0.0   291.263529   287.947487   253.679230     6.312080     0.224440
      2074.0    35.478944   787.964837   713.131346  1574.330028     5.946614   165.374265    88.867914    76.506378    77.863289    78.507062          0.0   291.605549   288.646225   254.448883     6.087678    -1.080335
      2075.0    36.378389   799.908266   717.137973  1574.884578     5.833469   166.767343    89.979095    76.788262    78.322189    79.025618          0.0   291.531772   288.488900   255.075729     6.946836     0.148878
      2076.0    40.488066   812.041214   721.949238  1576.986906     6.149196   168.477550    91.692665    76.784890    76.595372    79.806421          0.0   291.253561   288.096680   255.821259     7.074974     1.108721
      2077.0    39.906640   824.353815   726.465860  1580.442676     6.042164   167.176388    90.741428    76.434959    76.508419    79.799390          0.0   291.355531   288.247151   256.485321     6.425416    -0.164799
      2078.0    39.860442   836.865923   731.234368  1583.254785     5.935637   169.765026    91.955406    77.809622    78.065835    80.385487          0.0   291.593218   288.516161   257.157806     6.801410    -0.492456
      2079.0    36.994033   849.557685   735.856479  1584.195630     5.884458   170.149852    91.324060    78.825788    80.613876    80.717896          0.0   291.889945   289.070411   257.791809     5.984057    -0.836826
      2080.0    39.241082   862.448954   739.808866  1585.145356     6.035278   170.634521    91.978227    78.656343    79.568235    81.206705          0.0   291.762913   288.823683   258.307251     6.819087     0.688744
      2081.0    42.553214   875.529802   744.165357  1587.591290     6.307821   171.923268    93.228168    78.695151    78.183243    81.489281          0.0   291.488165   288.353633   258.889557     7.382345     0.860105
      2082.0    41.336430   888.730440   748.859863  1590.928350     5.981300   171.709737    92.927908    78.781836    79.012502    82.104654          0.0   291.664326   288.540087   259.494507     6.128740    -0.244909
      2083.0    39.537076   901.970907   753.618785  1592.959027     5.657879   174.957189    93.993407    80.963795    81.633625    82.734751          0.0   292.045912   289.109548   259.954041     6.499720    -0.929551
      2084.0    36.877524   915.261311   756.563057  1593.453447     5.892403   172.134868    92.202144    79.932783    82.845801    82.849293          0.0   292.007587   289.099729   260.091614     6.408520    -0.490929
      2085.0    41.791572   928.601591   760.159416  1594.934871     6.106401   172.889449    93.677543    79.211914    79.743304    82.876046          0.0   291.586583   288.482469   260.272156     7.205131     1.651318
      2086.0    44.362790   941.991809   764.966364  1598.532538     6.189442   175.989173    95.767388    80.221825    79.445757    83.351044          0.0   291.627587   288.570680   260.525391     7.609357     0.307619
      2087.0    42.363061   955.441831   770.139142  1602.724589     5.991765   175.359118    94.733810    80.625278    80.333364    84.203819          0.0   291.828138   288.810042   260.857025     5.357242    -0.321596
      2088.0    37.639291   968.941729   773.516103  1604.820569     5.739737   175.816120    93.884280    81.932043    84.048085    84.748536          0.0   292.247348   289.480554   261.039490     5.758579    -1.395528
      2089.0    38.728825   982.491565   775.206820  1605.883813     6.028105   173.727799    93.316239    80.411507    82.834401    84.338221          0.0   292.013138   289.172979   260.921539     7.287353     0.440575
      2090.0    41.459998   996.101265   779.327270  1607.589229     5.971140   177.309577    95.810392    81.499213    82.695682    84.551285          0.0   292.028470   289.094431   260.610046     7.138628     0.150188
      2091.0    39.885459  1009.750854   783.789378  1609.233170     5.808048   178.769191    95.897272    82.871868    84.304441    85.420925          0.0   292.371751   289.598015   260.240784     6.014291    -0.527457
      2092.0    35.887225  1023.420358   786.661968  1609.113500     5.620597   176.950505    94.236778    82.713719    86.528537    85.624927          0.0   292.508206   289.703060   259.593872     5.739269    -0.783940
      2093.0    41.587713  1037.089983   790.080480  1609.429726     5.906060   179.903369    97.213507    82.689908    84.153961    85.774710          0.0   292.168512   289.448526   258.779236     8.020238     1.304524
      2094.0    42.739989  1050.759486   795.365341  1611.613506     5.842727   180.495970    97.654424    82.841517    83.375112    86.070142          0.0   292.133901   289.225082   258.424835     6.299450     0.511249
      2095.0    41.646436  1064.429111   800.413693  1614.244706     5.804602   182.318705    97.943315    84.375389    84.740821    86.831327          0.0   292.495144   289.757022   258.046021     6.063637    -0.540694
      2096.0    36.924565  1078.098615   803.668505  1615.032498     5.740255   180.363909    95.868919    84.495015    87.339575    87.211494          0.0   292.761413   290.134293   257.482452     5.402589    -0.915873
      2097.0    38.076162  1091.768118   806.214396  1614.907487     5.787141   180.347914    96.335236    84.012707    86.750811    86.827416          0.0   292.637676   290.055686   256.831543     6.961901     0.201616
      2098.0    40.199610  1105.437743   809.931244  1615.878922     5.803581   181.308637    97.348872    83.959711    85.667594    87.226835          0.0   292.473922   289.767747   256.415619     6.405244     0.587806
      2099.0    41.328710  1119.007493   814.003995  1618.010895     5.631194   183.149873    98.494517    84.655366    85.316400    87.792602          0.0   292.557126   289.735612   255.965714     6.629153     0.344230
      2100.0    36.913731  1132.676997   817.518258  1618.852774     5.703622   181.916288    96.798808    85.117463    88.328780    87.784394          0.0   292.857523   290.285969   255.729599     5.500168    -1.386265
      2101.0    37.962302  1146.346622   820.642721  1618.324514     5.657729   183.095982    97.839665    85.256313    88.299791    88.146773          0.0   292.777679   290.238029   255.212479     6.568433     0.375242
      2102.0    41.355338  1159.916372   824.132889  1619.354607     5.914609   184.570091    99.411827    85.158275    86.510069    88.579342          0.0   292.532449   289.853932   255.160568     7.342307     1.039179
      2103.0    41.861841  1173.386368   828.969032  1621.877060     5.839448   186.233305   100.367391    85.865870    86.665140    89.481775          0.0   292.571461   289.813508   255.185852     6.049517     0.294182
      2104.0    38.004266  1186.856365   832.678881  1624.145122     5.644161   184.678003    98.514556    86.163496    88.480118    89.726574          0.0   292.887754   290.399921   254.957611     5.078085    -1.021606
      2105.0    34.721096  1200.326361   834.383066  1624.183873     5.465971   182.548042    96.842713    85.705269    89.946810    89.398824          0.0   292.988260   290.532049   254.634689     5.739763    -0.586737
      2106.0    40.867836  1213.696605   836.713210  1624.962137     5.957999   185.778170   100.064397    85.713745    87.311306    89.716009          0.0   292.647531   289.938550   254.363403     8.018272     1.626439
      2107.0    40.751679  1226.966973   841.236329  1627.871241     5.780969   186.879465   100.497395    86.382043    87.470889    90.002380          0.0   292.720679   289.992836   254.194962     5.971923    -0.377613
      2108.0    35.866782  1240.237462   844.897052  1629.072817     5.473903   186.787442    99.182792    87.604610    90.717359    90.680217          0.0   293.140595   290.654185   254.076874     4.841891    -1.238717
      2109.0    35.623278  1253.408077   845.992107  1628.830603     5.570562   184.467562    98.290095    86.177476    89.965612    90.195596          0.0   292.973507   290.409821   254.011353     6.999435     0.472198
      2110.0    39.065361  1266.479060   848.829047  1630.099347     5.819757   186.951545   100.352870    86.598713    88.602933    90.637532          0.0   292.841818   290.218336   254.194077     6.878360     0.765855
      2111.0    37.194053  1279.549921   852.473317  1631.927582     5.478499   188.028440   100.367910    87.660572    90.128912    91.235427          0.0   293.083998   290.531436   254.484665     5.488171    -0.721720
      2112.0    31.619631  1292.620782   853.558967  1631.318161     5.424765   185.067767    97.781137    87.286626    93.053106    91.104769          0.0   293.320478   291.004821   254.564880     5.590721    -1.338916
      2113.0    36.856777  1305.591890   854.936135  1630.865486     5.567965   187.030034    99.873215    87.156804    89.859207    90.725642          0.0   293.112615   290.498899   254.549332     7.770420     1.319110
      2114.0    34.017149  1318.463245   857.393161  1631.324059     5.370737   187.084873    99.293765    87.791101    91.686618    91.534914          0.0   293.312465   290.820835   254.815231     5.301832    -0.610277
      2115.0    32.572251  1331.234724   858.173712  1630.295764     5.374638   186.460248    99.001386    87.458868    92.619206    91.347187          0.0   293.278155   290.853725   255.074783     6.873642    -0.243723
      2116.0    37.359506  1344.006325   860.733728  1630.366833     5.710458   189.556916   101.623076    87.933876    90.761287    91.808892          0.0   293.072567   290.571193   255.288452     7.254132     0.976535
      2117.0    36.719418  1356.777926   864.438951  1631.462309     5.446074   190.085629   101.607768    88.477920    91.125772    92.087707          0.0   293.247561   290.760455   255.573212     5.814778    -0.133540
      2118.0    33.821230  1369.349898   866.877438  1631.736365     5.229171   190.293649   100.999237    89.294423    92.762571    92.414708          0.0   293.488407   291.002296   255.882462     6.146031    -0.621919
      2119.0    31.646612  1381.921871   868.328964  1630.876586     5.302046   187.866112    99.382434    88.483712    93.398677    92.170401          0.0   293.595380   291.314983   256.015045     5.760473    -0.368497
      2120.0    33.256913  1394.493843   868.669278  1630.307508     5.592117   187.593311    99.557939    88.035383    92.238803    92.433192          0.0   293.416857   291.041434   256.009521     6.784422     0.763467
      2121.0    36.144797  1406.866309   870.866967  1631.273303     5.374727   190.303290   101.835071    88.468470    90.985098    92.508800          0.0   293.322895   290.921995   256.210480     7.128331     0.557908
      2122.0    33.392953  1419.238774   873.525886  1631.949718     5.281801   190.973186   101.530791    89.442370    93.326299    92.747251          0.0   293.557242   291.244138   256.536316     6.124647    -1.255462
      2123.0    29.533134  1431.611240   874.890177  1630.252496     5.033420   188.939027    99.659102    89.279935    95.064027    92.634329          0.0   293.780516   291.601159   256.726990     5.660472    -0.732476
      2124.0    33.548287  1443.784077   875.596678  1629.278880     5.560371   189.399961   100.994142    88.405816    92.482364    93.110442          0.0   293.421879   290.943727   256.679352     7.177202     1.601694
      2125.0    36.086551  1455.956914   878.608823  1630.438875     5.343419   192.481971   103.071955    89.410024    91.829298    93.218386          0.0   293.436763   290.892977   256.587585     6.841415     0.229093
      2126.0    30.026156  1468.030120   880.900187  1630.479761     4.894793   190.792900   100.904147    89.888719    95.060245    93.494132          0.0   293.809742   291.466976   256.616272     5.118685    -1.606999
      2127.0    31.902905  1480.003450   882.045681  1628.407319     5.363037   192.700217   102.472927    90.227299    94.955011    93.583374          0.0   293.752602   291.474118   257.221710     7.744049     0.700806
      2128.0    34.387842  1491.976780   884.577683  1628.578708     5.451493   192.535774   102.910027    89.625813    92.952695    93.790760          0.0   293.543487   291.156179   257.738647     6.587198     0.666675
      2129.0    33.373325  1503.850235   887.935067  1629.251924     5.285731   194.813811   103.526483    91.287366    94.203901    94.396718          0.0   293.834465   291.572191   258.270020     5.772343    -0.480399
      2130.0    25.927938  1515.624059   887.763831  1627.704797     5.025562   187.483629    98.510081    88.973550    96.174255    93.683620          0.0   294.011169   291.822645   258.509399     4.997695    -0.943508
      2131.0    33.601201  1527.298007   887.895207  1626.997349     5.367593   193.321851   103.243062    90.078807    93.371588    93.927846          0.0   293.686295   291.233245   258.480835     9.183823     1.263705
      2132.0    31.487365  1538.872324   890.508472  1627.508823     5.060994   192.878332   102.540633    90.337696    94.218558    94.386053          0.0   293.846104   291.490206   258.893555     5.541318    -0.343980
      2133.0    25.557193  1550.446519   891.003628  1625.912987     4.820725   190.263026    99.817466    90.445548    97.210165    94.236144          0.0   294.222968   292.142929   259.014221     5.086177    -1.378185
      2134.0    30.218435  1561.920960   890.654438  1623.907306     5.305153   191.746688   101.854603    89.892129    94.861889    93.941746          0.0   293.914097   291.586375   259.069672     8.262003     1.085539
      2135.0    30.720936  1573.295649   892.631801  1623.427425     5.326050   192.497416   102.145725    90.351690    94.436555    94.222519          0.0   293.944354   291.666225   259.338776     5.945844     0.265845
      2136.0    23.648667  1584.570461   892.128608  1621.849563     4.914706   188.268298    98.460629    89.807690    97.192646    94.194995          0.0   294.266873   292.189034   259.449188     4.768805    -1.419789
      2137.0    29.999085  1595.745643   891.398891  1620.204599     4.983986   192.041833   101.882125    90.159762    94.140993    94.211156          0.0   294.067072   291.716921   259.452087     8.400632     1.715127
      2138.0    30.865563  1606.820949   893.679853  1620.233214     4.853538   195.673978   104.095863    91.578155    95.116033    94.951675          0.0   294.175150   291.879113   259.829346     6.863186    -0.192974
      2139.0    24.570519  1617.896255   894.364261  1618.666651     4.651211   190.819019   100.263715    90.555295    97.380424    94.479393          0.0   294.352876   292.200756   260.045380     5.099923    -1.334468
      2140.0    30.416322  1628.871808   894.869205  1617.191421     4.869728   194.759512   103.565188    91.194386    94.835728    94.797052          0.0   294.107689   291.730471   259.994995     8.263130     1.436554
      2141.0    24.579324  1639.747607   896.359463  1616.128413     4.731469   191.978368   100.829364    91.149014    97.611529    94.670556          0.0   294.446828   292.456131   259.990601     4.668541    -1.877964
      2142.0    24.224347  1650.523531   894.903025  1612.860682     4.971955   189.200508    99.457341    89.743154    96.660722    94.070185          0.0   294.312893   292.191800   259.638824     6.843606     0.677194
      2143.0    29.595536  1661.199824   895.510290  1612.097958     4.895179   192.304039   102.128959    90.175101    93.685074    94.109849          0.0   294.099923   291.859274   259.250488     7.411824     1.187500
      2144.0    25.774346  1671.776241   896.473691  1611.905301     4.564077   191.955741   100.956826    90.998915    95.776488    94.738538          0.0   294.419263   292.280711   259.038513     5.254887    -0.845292
      2145.0    23.168931  1682.252905   895.295581  1609.481479     4.850855   190.374536    99.896436    90.478094    97.437065    94.165609          0.0   294.447918   292.332364   258.706146     6.908944    -0.847635
      2146.0    29.698290  1692.729569   896.283948  1607.767383     5.294591   193.584672   103.068780    90.515866    94.518205    94.419648          0.0   294.069381   291.750196   258.551941     7.660790     1.615539
      2147.0    28.717870  1703.006727   899.009445  1607.923576     4.857863   194.371598   103.105801    91.265850    94.679215    94.754151          0.0   294.279371   292.082687   258.430084     5.626100    -0.081257
      2148.0    23.219812  1713.283762   899.717710  1606.591655     4.577489   192.969242   101.084562    91.884694    97.862319    95.200772          0.0   294.688340   292.675895   258.313782     5.175511    -1.329626
      2149.0    23.748078  1723.361291   898.648000  1603.658048     4.905780   191.392997   100.866511    90.526491    97.050604    94.355309          0.0   294.523936   292.435361   258.104370     7.580908     0.238311
      2150.0    28.133775  1733.438941   899.724655  1602.482936     4.925169   193.367654   102.837438    90.530305    94.647023    94.759722          0.0   294.306952   291.981881   258.092804     7.000972     1.287810
      2151.0    24.380571  1743.416716   900.920147  1601.987000     4.448115   192.571331   101.495582    91.075730    96.384512    94.920691          0.0   294.631536   292.476793   257.939240     5.379418    -0.967884
      2152.0    22.018403  1753.294616   900.440292  1599.526245     4.690897   192.033302   100.721667    91.311601    97.997284    94.719102          0.0   294.775022   292.778963   257.671844     6.482454    -0.817428
      2153.0    26.794480  1762.973132   901.426421  1597.567856     4.843574   194.099956   103.112946    90.987031    95.347733    94.801022          0.0   294.506140   292.272805   257.634216     7.325773     1.411679
      2154.0    24.444001  1772.651525   903.230255  1596.960943     4.388020   194.312367   102.466087    91.846282    96.584581    95.222139          0.0   294.744672   292.664870   257.775360     5.440112    -0.755530
      2155.0    19.538241  1782.230165   902.316951  1593.730504     4.497255   190.136479    99.519645    90.616888    98.462936    94.552311          0.0   294.941755   293.031399   257.589600     5.880584    -0.680186
      2156.0    25.141770  1791.709051   902.826207  1591.397699     4.816641   194.166611   102.682010    91.484560    96.127656    94.735887          0.0   294.709723   292.598614   257.261963     7.436908     0.941038
      2157.0    21.773808  1801.088184   902.985128  1589.754947     4.659236   191.318670   100.403878    90.914837    96.882458    94.851960          0.0   294.915319   292.954437   256.966797     5.392953    -0.387746
      2158.0    21.042106  1810.367564   902.543361  1587.256784     4.614541   191.172283   100.394925    90.777360    97.362588    94.626051          0.0   294.890277   292.951789   256.613312     6.210640    -0.238374
      2159.0    23.198345  1819.447315   902.250862  1585.426608     4.752112   191.842337   101.156454    90.685900    95.705805    94.583370          0.0   294.775440   292.691545   256.133759     6.865567     0.707739
      2160.0    20.321521  1828.527066   902.365395  1583.379792     4.393150   191.989237   100.522972    91.466498    97.594514    94.571199          0.0   294.999572   293.157347   255.636154     5.837007    -0.976498
      2161.0    21.605262  1837.507064   901.853888  1580.265199     4.818563   191.070545   100.681509    90.389048    96.710910    94.265215          0.0   294.858511   292.877908   255.171783     6.927789     0.668899
      2162.0    24.475462  1846.387308   902.848987  1579.198982     4.506767   193.374805   102.473041    90.901817    95.095374    94.637130          0.0   294.795812   292.718436   255.094925     6.840759     0.607973
      2163.0    19.992270  1855.067924   903.935951  1577.437962     4.284947   192.279864   100.765312    91.514552    97.227183    94.744328          0.0   295.158421   293.314532   254.948349     4.934019    -0.721834
      2164.0    20.184101  1863.748661   902.989314  1575.354540     4.762579   190.831451    99.994351    90.837120    96.753437    94.575895          0.0   295.085539   293.193404   254.555756     6.365072    -0.094120
      2165.0    21.346582  1872.229770   903.131222  1573.374737     4.641472   192.188711   101.104152    91.084498    96.194217    94.659526          0.0   295.111759   293.193936   254.055237     6.302778     0.445112
      2166.0    18.535430  1880.710879   901.810578  1571.060985     4.670446   188.959379    98.989471    89.969911    96.919138    94.098150          0.0   295.078933   293.167779   253.788055     6.211961    -0.507236
      2167.0    23.123093  1888.992360   902.478277  1569.166136     4.747599   193.175369   102.359700    90.815658    95.359538    94.291152          0.0   294.886868   292.798941   253.526154     7.400860     0.826463
      2168.0    18.980727  1897.273962   903.265201  1567.874938     4.357942   191.648006   100.429876    91.218131    97.169512    94.699421          0.0   295.222743   293.340243   253.315903     4.943530    -1.178893
      2169.0    15.795829  1905.355935   902.030050  1564.267960     4.152931   189.297238    98.769095    90.528162    98.082488    94.010918          0.0   295.415043   293.689753   253.055588     5.993308    -0.464592
      2170.0    19.529200  1913.338156   901.339498  1561.321056     4.581357   190.615973   100.247965    90.368020    96.064889    93.976415          0.0   295.187584   293.372491   252.767883     6.962090     0.858430
      2171.0    19.037630  1921.320376   902.172862  1558.840744     4.411307   191.811380   100.622400    91.188990    96.770093    93.927593          0.0   295.318742   293.504884   252.452972     5.861433    -0.362189
      2172.0    15.915620  1929.103089   901.246201  1555.293626     4.352548   189.959789    99.181448    90.778340    97.954709    94.248085          0.0   295.507516   293.790649   252.200409     5.860025    -0.159505
      2173.0    19.090000  1936.785927   900.824135  1552.660856     4.804614   190.212745    99.840610    90.372120    95.722567    93.893538          0.0   295.265567   293.580736   251.754303     6.369153     0.803741
      2174.0    18.867678  1944.369012   901.076436  1550.961433     4.402142   191.231271   100.287445    90.943884    95.787699    93.787552          0.0   295.359306   293.623785   251.374390     6.247534    -0.300724
      2175.0    14.108433  1951.852344   899.471435  1548.039863     4.406503   186.817838    97.111504    89.706348    97.185901    93.768069          0.0   295.540863   293.870622   250.880203     4.948423    -0.496262
      2176.0    17.915529  1959.235922   898.309971  1545.260810     4.607765   189.906573    99.664143    90.242439    95.924111    93.464149          0.0   295.413569   293.629233   250.298920     7.361449     0.319092
      2177.0    15.288123  1966.519746   897.242867  1542.522227     4.262765   187.595336    97.761663    89.833665    96.130160    93.398907          0.0   295.574192   293.854213   249.722992     5.429868     0.007330
      2178.0    14.098200  1973.603942   895.086971  1539.455612     4.406158   185.656473    96.749873    88.906610    96.048836    92.653876          0.0   295.437528   293.611378   249.113571     6.251884    -0.328345
      2179.0    17.065549  1980.688139   894.195423  1537.409454     4.057984   187.474737    98.317839    89.156900    94.323289    92.946412          0.0   295.400338   293.531908   248.525391     6.262973     0.669281
      2180.0    14.740104  1987.672581   894.079754  1534.410154     3.989289   190.114866    99.294703    90.820195    97.341446    93.222274          0.0   295.643287   293.832344   247.923965     6.188066    -1.119871
      2181.0    17.471793  1994.457517   894.350303  1531.134778     4.377260   189.585916    99.743358    89.842554    95.041381    93.059584          0.0   295.444884   293.690422   247.542282     6.413230     1.293578
      2182.0    16.179120  2001.242331   894.465391  1529.586248     4.261960   187.999570    98.507522    89.492041    94.958402    93.199783          0.0   295.503986   293.664442   247.547638     5.192657    -0.210088
      2183.0    13.145845  2007.827760   893.468727  1526.583948     3.841776   188.341992    98.234275    90.107770    96.901391    92.910127          0.0   295.712344   294.011105   247.189423     6.320760    -0.988965
      2184.0    13.930221  2014.313314   893.110169  1522.817032     4.259538   188.342910    98.474686    89.868273    96.559030    93.039094          0.0   295.652996   294.029467   246.682159     5.794101     0.246980
      2185.0    17.378618  2020.698993   893.749054  1519.992085     4.427699   190.253148   100.174166    90.078975    94.803858    92.904549          0.0   295.499354   293.857598   246.211884     6.630739     0.925638
      2186.0    14.606047  2027.084793   893.175577  1517.973636     4.179265   187.460736    97.983939    89.476820    95.149031    92.691273          0.0   295.647665   293.980363   245.830963     5.866120    -0.439309
      2187.0    13.623871  2033.271087   893.118409  1515.617546     3.967128   187.139158    97.647485    89.491692    95.154538    92.876618          0.0   295.708989   294.030065   245.550323     4.828016     0.078169
      2188.0    14.077571  2039.257752   892.378706  1512.842236     4.065060   188.654176    98.823768    89.830393    95.541122    92.693790          0.0   295.724208   294.025596   245.213943     6.869695    -0.072021
      2189.0    15.116908  2045.244417   891.534909  1511.164958     4.381599   185.656461    97.598181    88.058336    93.642386    92.597989          0.0   295.549638   293.667978   244.688385     5.843933     0.632882
      2190.0    12.847345  2051.131207   891.072561  1509.320441     3.944208   187.292199    97.875796    89.416426    95.547609    93.003741          0.0   295.796564   294.077241   244.205490     5.334381    -0.699351
      2191.0    13.348276  2056.818491   889.778773  1506.154519     4.438072   187.000611    98.100817    88.899815    95.342477    92.159204          0.0   295.740102   294.024369   243.856552     7.235380    -0.017351
      2192.0    17.252551  2062.506017   890.753203  1504.741175     4.368779   189.431671    99.943514    89.488111    93.176123    92.926898          0.0   295.556967   293.686746   243.783859     6.042232     1.164120
      2193.0    12.490023  2067.993794   890.645215  1503.646910     4.081985   186.275614    97.232521    89.043104    94.528929    92.587629          0.0   295.794961   294.107195   243.752335     4.752868    -0.847034
      2194.0    11.451488  2073.481570   888.736164  1501.322232     4.208050   184.104704    96.008758    88.095988    94.491032    91.956115          0.0   295.673084   293.964452   243.438675     5.961652    -0.210239
      2195.0    14.475418  2078.769596   887.595382  1500.158192     4.268585   185.960741    97.576080    88.384696    92.692232    92.192918          0.0   295.611574   293.888131   242.977997     6.523909     0.664726
      2196.0    10.245796  2083.958234   886.728433  1497.984199     3.820203   185.642299    96.707539    88.934814    95.367788    92.173282          0.0   295.922230   294.267006   242.637131     5.401151    -1.020512
      2197.0    13.518150  2089.046753   886.598513  1495.440945     4.164212   187.868872    98.486533    89.382363    94.043834    91.944633          0.0   295.890188   294.175601   242.249008     6.671796     0.444053
      2198.0    10.004444  2094.035641   886.102187  1492.504814     3.792246   184.683477    96.208130    88.475360    94.689422    91.430222          0.0   295.907610   294.288349   242.011230     5.274220    -0.323069
      2199.0    12.704338  2098.825022   885.326466  1490.558305     4.186726   185.385301    97.106476    88.278837    92.875038    91.528484          0.0   295.730348   293.963465   241.679794     6.353701     0.599955
      2200.0    10.737972  2103.614403   885.068335  1488.243699     4.002333   186.275447    97.048906    89.226545    94.600231    91.697597          0.0   296.017488   294.446816   241.422653     5.609435    -0.588028
      2201.0    10.282268  2108.303908   884.121855  1485.206201     4.078819   185.184230    96.720658    88.463559    94.588259    91.613271          0.0   295.906706   294.271399   241.216202     6.053880     0.062510
      2202.0    14.666701  2112.793907   884.952519  1483.396274     4.196354   188.610773    99.294577    89.316212    92.476074    91.793772          0.0   295.801877   294.172742   241.035782     6.670125     1.127624
      2203.0     9.579429  2117.184031   885.366275  1481.920525     3.692980   186.578955    97.272200    89.306766    94.822844    92.161654          0.0   296.092366   294.523140   240.883789     4.696780    -1.185441
      2204.0     9.824158  2121.574398   884.296719  1479.008881     3.987779   185.522564    96.827430    88.695159    94.406674    91.646610          0.0   296.011404   294.420863   240.749924     6.250351     0.151580
      2205.0    12.887952  2125.765015   884.462659  1477.618442     4.016952   186.732431    97.809556    88.922899    91.947977    91.818975          0.0   295.889410   294.295718   240.661392     5.824616     1.261438
      2206.0     9.484890  2129.856000   883.526449  1476.639322     3.890527   185.498198    96.673924    88.824302    93.872964    91.797921          0.0   296.104989   294.576581   240.611084     5.812185    -1.095923
      2207.0     8.452475  2133.847110   882.442161  1474.170406     4.099694   183.591169    95.582785    88.008383    93.837329    91.261018          0.0   296.101110   294.545709   240.219299     5.406057    -0.107395
      2208.0     8.084801  2137.738345   881.270504  1471.568059     3.905414   184.550621    96.157777    88.392861    94.382099    91.451413          0.0   296.079427   294.591141   239.700790     5.878005    -0.328340
      2209.0     9.968283  2141.529948   880.300855  1469.128761     3.925104   184.755790    96.779197    87.976624    92.969782    91.247276          0.0   296.033231   294.454422   239.121292     6.501538     0.716792
      2210.0     9.807758  2145.121801   880.257473  1467.169616     3.859792   186.264412    97.564274    88.700117    93.423747    91.319044          0.0   296.013639   294.451691   238.722855     6.288633    -0.145558
      2211.0    12.531936  2148.713898   881.808675  1465.886503     3.968792   188.616927    99.316431    89.300521    92.560385    91.754619          0.0   295.889892   294.192335   238.492462     6.010584     0.477347
      2212.0     9.202884  2152.106244   882.118774  1464.762845     3.486912   185.633165    96.966503    88.666645    92.609922    91.636567          0.0   296.035967   294.305425   238.353851     5.019853     0.150303
      2213.0     9.714074  2155.398959   881.463938  1464.217143     3.887262   184.844718    96.822311    88.022393    92.179603    91.335653          0.0   295.990029   294.343245   238.003265     6.141509    -0.298249
      2214.0     6.228342  2158.691673   880.563468  1462.328066     4.051090   183.071533    94.924239    88.147349    93.939290    91.463535          0.0   296.225174   294.776412   237.672012     4.361118    -0.586678
      2215.0     8.169921  2161.784881   878.929506  1459.839997     4.057057   183.755209    96.041599    87.713649    92.714930    90.624215          0.0   296.026042   294.388585   237.243149     7.051308     0.397353
      2216.0     7.212500  2164.778213   878.679250  1458.129929     4.004309   183.694778    95.685123    88.009651    93.049984    91.183302          0.0   296.050852   294.417495   236.773499     4.752081    -0.156613
      2217.0     8.856907  2167.671671   878.018785  1456.009534     3.822966   186.136966    97.502039    88.634922    92.869904    90.966577          0.0   296.052268   294.371097   236.201767     7.195931     0.217068
      2218.0     8.253252  2170.465497   878.137828  1455.136543     3.953434   183.590341    95.903100    87.687310    91.791954    91.106269          0.0   296.055355   294.426329   235.891495     4.677720     0.187307
      2219.0     6.605709  2173.059572   877.140365  1453.335850     3.654766   183.968171    96.097068    87.871154    92.917462    90.610609          0.0   296.195731   294.608668   235.531586     6.483871    -0.506160
      2220.0     7.581486  2175.653891   876.777198  1451.373764     3.945188   184.427955    96.533854    87.894139    92.645178    90.929512          0.0   296.085895   294.427036   235.275085     5.967471     0.246419
      2221.0     9.079128  2178.048460   877.636683  1450.431515     3.940942   186.157430    97.638829    88.518600    91.829481    91.159782          0.0   296.080905   294.489151   235.264389     5.619562     0.272551
      2222.0     4.755070  2180.443272   877.022397  1448.767329     3.557481   182.626524    94.987362    87.639161    93.099061    90.778519          0.0   296.253774   294.632561   235.354538     4.823130    -0.656357
      2223.0     8.176069  2182.638334   876.555158  1447.217009     3.670715   186.052510    97.470113    88.582381    91.856555    91.074730          0.0   296.205221   294.596691   235.319382     6.862639     0.768495
      2224.0     4.865674  2184.733764   876.022717  1445.679359     3.303710   183.674501    95.890299    87.784205    92.990140    90.976135          0.0   296.253299   294.606606   235.244568     5.446602    -0.476355
      2225.0     7.077312  2186.828951   875.872664  1444.327035     3.740511   184.320060    96.459400    87.860643    91.809324    90.679730          0.0   296.119627   294.412496   235.074936     5.929739     0.222731
      2226.0     6.254539  2188.724874   875.798676  1442.632473     3.470136   184.773849    96.708909    88.064908    92.168639    90.788245          0.0   296.231443   294.657793   235.119202     5.994685     0.314167
      2227.0     7.735343  2190.421047   876.552627  1442.047923     3.950929   186.466010    97.744529    88.721487    91.778860    91.070760          0.0   296.187621   294.559295   235.112045     5.919813    -0.123550
      2228.0     4.079588  2192.117220   876.176858  1440.389640     3.463750   183.652006    95.705806    87.946246    92.892980    90.811080          0.0   296.257994   294.659427   235.076080     5.270449    -0.423616
      2229.0     8.147072  2193.713762   876.225073  1439.809596     3.735940   184.844522    96.957179    87.887336    90.138369    90.928479          0.0   296.062214   294.348620   235.054459     5.980493     1.370154
      2230.0     6.425198  2195.210428   876.232178  1440.211455     3.324643   185.375273    96.970354    88.404919    91.237544    91.028046          0.0   296.223647   294.640516   235.255997     5.935203    -0.611357
      2231.0     3.882262  2196.507344   875.771708  1439.156212     3.366379   183.867586    95.804532    88.063045    92.242237    90.615257          0.0   296.270585   294.703715   235.222061     5.649755    -0.571737
      2232.0     7.312233  2197.804503   876.256748  1438.298820     3.583682   186.817427    97.960909    88.856575    91.177808    91.070706          0.0   296.108286   294.400337   235.029373     6.405106     0.750290
      2233.0     4.764825  2198.902156   876.715859  1437.955604     3.362404   184.990523    96.644776    88.345779    91.786268    90.985787          0.0   296.290524   294.695506   234.876266     5.199847    -0.457266
      2234.0     3.204225  2199.899934   875.804885  1436.762569     3.373210   183.629805    95.723188    87.906615    92.202707    91.011101          0.0   296.299091   294.698302   234.946228     5.623063     0.001429
      2235.0     6.567998  2200.797836   875.509786  1436.772648     3.554896   184.778176    97.145746    87.632487    90.222184    90.880625          0.0   296.098380   294.292203   235.044083     6.560163     0.648361
      2236.0     2.616459  2201.596107   875.196193  1436.494569     3.334807   183.366216    95.450011    87.916224    92.061686    91.057476          0.0   296.315900   294.750271   234.758987     4.706109    -0.726130
      2237.0     2.871340  2202.294502   874.347591  1435.134101     3.159689   184.256507    96.236333    88.020193    92.234608    90.779105          0.0   296.228441   294.588186   234.413773     6.305811    -0.095036
      2238.0     6.995213  2202.893266   875.046206  1434.832881     3.391214   187.067391    98.491141    88.576237    90.360088    91.212717          0.0   296.158214   294.386249   234.465363     6.579822     1.153849
      2239.0     2.772477  2203.392155   875.589382  1434.712426     3.081536   184.804775    96.388846    88.415975    91.951173    91.195979          0.0   296.394410   294.857393   234.542389     4.649646    -0.634740
      2240.0     1.786087  2203.691537   874.179522  1434.174958     3.222451   183.404155    95.744677    87.659486    92.009493    91.069891          0.0   296.329821   294.731842   234.362305     6.084639    -0.402134
      2241.0     1.464808  2203.990675   873.233183  1433.155294     3.273170   182.265980    94.975326    87.290627    91.649167    90.459991          0.0   296.302482   294.640905   234.038849     5.461701    -0.169511
      2242.0     1.930636  2204.190426   872.778388  1431.714884     3.228890   184.454884    96.198266    88.256648    92.159766    90.652184          0.0   296.380050   294.822162   233.744385     6.000847    -0.067172
      2243.0     2.303421  2204.190426   872.421750  1430.199756     3.376388   184.357154    96.349606    88.007554    91.669462    90.368144          0.0   296.228465   294.542585   233.442322     6.338094     0.213810
      2244.0     3.028305  2204.090550   872.543340  1429.999807     3.242636   183.760800    96.216752    87.544043    90.452778    90.809560          0.0   296.194835   294.476627   233.205078     5.285608     0.556732
      2245.0     0.002932  2203.891044   872.189228  1428.658024     2.985182   183.537928    95.723091    87.814848    92.532926    90.240537          0.0   296.314140   294.681488   233.019562     5.836655    -0.950606
      2246.0     4.910145  2203.691537   872.984343  1428.012067     3.460046   186.033912    97.652848    88.381103    90.015403    90.687640          0.0   296.160601   294.415531   233.035034     6.170053     1.318194
      2247.0    -0.765642  2203.292280   873.264027  1427.021594     3.167016   184.417140    95.800319    88.616837    93.115312    90.706889          0.0   296.437354   294.932265   233.041306     4.813730    -1.417950
      2248.0     0.378389  2202.793391   872.141962  1425.303229     3.263365   183.711282    95.883956    87.827367    91.939573    90.660374          0.0   296.232879   294.569166   232.815567     6.345607     0.439166
      2249.0     4.671652  2202.194871   872.640352  1425.698631     3.389327   185.099409    97.377379    87.721967    89.072033    90.938490          0.0   296.070754   294.215800   232.687439     5.940562     1.471055
      2250.0    -1.114174  2201.496231   871.860005  1426.165452     3.041256   182.530322    94.945972    87.584316    91.873560    90.602795          0.0   296.393493   294.733527   232.491028     5.123558    -1.737585
      2251.0    -0.947057  2200.598329   871.147318  1424.398758     3.129121   183.157911    95.448251    87.709673    91.893863    90.292471          0.0   296.380440   294.821071   232.106125     5.868454     0.165302
      2252.0    -0.028295  2199.700427   870.925400  1423.305134     3.204103   183.577626    95.817455    87.760178    91.413652    90.599461          0.0   296.291382   294.646166   231.795258     5.439905     0.279432
      2253.0     1.099633  2198.902156   870.540990  1422.391968     3.121006   184.268034    96.469236    87.798732    91.085612    90.215256          0.0   296.217003   294.451492   231.518570     6.638456     0.042811
      2254.0     3.103872  2198.004010   871.290567  1422.505406     3.293814   184.671766    96.907342    87.764445    89.486729    90.477449          0.0   296.148198   294.408605   231.299988     5.680296     0.877282
      2255.0    -0.355812  2197.106108   871.509452  1422.418824     3.253647   183.294676    95.446177    87.848465    91.427810    90.506823          0.0   296.431169   294.880647   231.305328     4.720503    -0.834405
      2256.0     0.956696  2196.208205   871.121988  1421.372941     3.124552   185.168676    96.842453    88.326221    91.341251    90.411845          0.0   296.230202   294.506689   231.557281     6.818074     0.116478
      2257.0     1.743257  2195.310060   871.689216  1421.424898     3.141372   184.108895    96.453504    87.655378    90.184957    90.540905          0.0   296.217862   294.529928   231.791168     5.345384     0.303991
      2258.0     0.472251  2194.412157   871.077684  1421.398396     3.071205   183.419765    95.727536    87.692256    90.653547    90.548528          0.0   296.274639   294.571680   231.975815     5.790513    -0.078517
      2259.0     2.661669  2193.514011   872.216305  1421.461009     3.187255   186.938458    98.047272    88.891220    90.898167    90.915327          0.0   296.296208   294.622602   232.080338     5.993289    -0.045453
      2260.0    -1.642573  2192.616109   871.448538  1420.778286     2.918982   182.681973    94.968514    87.713462    91.840092    90.833590          0.0   296.341143   294.698018   232.058105     4.902689    -0.323780
      2261.0     1.597065  2191.718207   871.189583  1420.244490     3.068943   184.496468    96.601371    87.895134    90.427985    90.310678          0.0   296.219430   294.476509   231.769455     6.549611     0.416489
      2262.0    -1.015105  2190.820061   871.243369  1419.764846     3.026296   183.526641    95.563719    87.962910    91.961716    90.454982          0.0   296.402019   294.745143   231.582077     5.054965    -1.027090
      2263.0     0.106158  2189.922158   871.429563  1417.689843     3.085587   185.463796    96.917922    88.545934    92.262454    90.342992          0.0   296.391343   294.806633   231.347900     6.388676     0.155541
      2264.0     1.892773  2189.024012   871.389032  1417.601480     3.005632   182.506547    95.654425    86.852144    89.127222    90.486127          0.0   296.078158   294.233586   231.081421     5.208807     1.447268
      2265.0     0.800315  2188.225985   871.779605  1417.593018     2.980534   185.204151    96.924529    88.279601    91.709991    90.395190          0.0   296.334271   294.701852   230.769699     6.138787    -1.306340
      2266.0    -1.619665  2187.327839   871.165271  1416.499244     2.919679   181.645951    94.455794    87.190189    91.399608    90.342972          0.0   296.382160   294.687501   230.469452     4.727124     0.037138
      2267.0    -1.272695  2186.330062   870.238302  1414.904719     3.155900   182.968814    95.342643    87.626153    91.985396    90.063822          0.0   296.479336   294.980221   229.997116     6.205808    -0.327049
      2268.0     0.106350  2185.432160   870.040266  1413.499002     3.123646   183.655096    95.661069    87.993995    91.107062    90.315756          0.0   296.414884   294.765246   229.517960     5.543382     0.614412
      2269.0     0.995653  2184.534014   869.998904  1413.076302     3.228845   184.319433    96.325698    87.993745    90.995945    90.597830          0.0   296.363345   294.709900   229.300659     5.769221     0.024585
      2270.0    -0.713471  2183.636111   869.591184  1412.045751     2.769514   183.317474    95.539920    87.777557    91.438590    90.264707          0.0   296.436738   294.784183   229.411453     5.682931    -0.143332
      2271.0     2.943992  2182.738209   870.429034  1411.706599     2.912384   185.762412    97.468100    88.294326    89.834884    90.553533          0.0   296.213109   294.466084   229.561874     6.076702     1.057803
      2272.0    -0.664960  2181.840063   870.498329  1412.053433     2.830343   182.998342    95.296824    87.701528    91.166239    90.466334          0.0   296.399184   294.798361   229.695679     4.761184    -1.046740
      2273.0    -0.751730  2180.942161   869.527204  1410.684819     2.809046   183.172462    95.527062    87.645384    91.487997    90.305198          0.0   296.372919   294.792085   229.643936     6.193006     0.185815
      2274.0     2.822583  2180.044015   870.068365  1410.696075     3.019081   185.754153    97.512463    88.241707    90.103693    90.630630          0.0   296.259135   294.593254   229.667191     6.340655     0.515682
      2275.0     0.052031  2179.146112   870.757304  1410.273957     2.455116   184.483185    96.353336    88.129854    91.154153    90.263974          0.0   296.363719   294.703333   229.655365     5.400417    -0.468060
      2276.0     2.158215  2178.248210   870.989518  1410.517134     3.036463   184.435352    96.694232    87.741127    89.956607    90.563889          0.0   296.168979   294.398659   229.591537     5.898122     0.364105
      2277.0    -1.515502  2177.350064   871.228850  1409.763385     2.706438   183.397571    95.325836    88.071722    91.942451    90.425676          0.0   296.468762   294.939764   229.589188     4.660841    -0.763026
      2278.0     0.528353  2176.452162   870.571863  1409.297434     2.844795   182.773150    95.299837    87.473339    90.017295    90.315793          0.0   296.361505   294.670303   229.493393     5.641005     0.764450
      2279.0    -1.314329  2175.554016   869.361868  1408.720396     2.874227   182.751279    95.099476    87.651791    91.706123    90.088348          0.0   296.482594   294.893495   229.225693     6.221135    -1.040737
      2280.0    -0.435747  2174.656114   868.893881  1407.352183     2.847114   182.143303    94.989248    87.154047    90.669050    90.025964          0.0   296.262608   294.591576   229.084427     5.431278     0.725128
      2281.0     1.847474  2173.758211   868.524520  1407.765601     2.961223   182.762253    95.890365    86.871922    89.427755    90.120870          0.0   296.156524   294.410198   228.940079     6.138822     0.279696
      2282.0    -1.869644  2172.860065   867.702316  1407.258535     2.754549   180.700110    93.860029    86.840076    90.915284    89.776126          0.0   296.354503   294.691992   228.758362     4.906112    -0.632091
      2283.0     0.302037  2171.962163   866.574434  1406.522040     2.907948   181.648004    94.889603    86.758423    89.944645    89.770006          0.0   296.251042   294.438862   228.433105     6.247457     0.561855
      2284.0    -0.344588  2171.064017   866.364361  1406.446621     2.851241   182.316669    94.980700    87.335970    90.621039    90.265036          0.0   296.323568   294.725329   228.120834     4.925737    -0.280584
      2285.0     0.385018  2170.166115   865.597965  1405.874262     2.822714   182.792907    95.546707    87.246202    90.441368    89.942962          0.0   296.244415   294.484543   227.911072     6.370139     0.073954
      2286.0     1.460975  2169.268212   865.602896  1406.100095     2.823008   182.155601    95.476523    86.679099    89.298517    89.916002          0.0   296.155978   294.360869   227.790787     5.555570     0.391651
      2287.0    -0.263648  2168.370066   865.534305  1405.526445     2.597800   183.498709    95.866445    87.632300    91.198194    89.917417          0.0   296.363277   294.697331   227.537003     6.017583    -0.707127
      2288.0     0.692165  2167.472164   865.939555  1404.915933     2.750761   182.673216    95.575567    87.097668    90.090177    89.852478          0.0   296.281487   294.524568   227.357880     5.317820     0.372813
      2289.0     2.586808  2166.673893   866.799935  1405.157735     2.736048   184.520664    96.761906    87.758801    89.570443    90.144628          0.0   296.233386   294.442791   227.496750     5.756856     0.332382
      2290.0    -1.792050  2165.775991   866.458353  1404.667163     2.899408   181.352161    94.118731    87.233420    91.247492    89.687712          0.0   296.440475   294.910853   227.707108     4.772611    -1.069209
      2291.0     0.609328  2164.877845   865.276802  1404.134757     3.020949   181.112583    94.445082    86.667511    89.292029    89.721766          0.0   296.257674   294.535491   227.742264     5.904857     0.962143
      2292.0     1.580186  2163.979943   865.208797  1404.102117     3.147257   184.457094    96.298723    88.158416    90.285284    90.329883          0.0   296.351297   294.677569   227.738388     6.036800     0.077239
      2293.0     0.199466  2163.081797   864.310334  1404.366540     2.661134   180.610403    94.441455    86.168963    89.341583    89.676923          0.0   296.166104   294.313356   227.714432     5.662980     0.070918
      2294.0     1.824210  2162.183894   865.115440  1404.747798     2.717857   184.338455    96.692430    87.646017    90.019547    90.070050          0.0   296.195697   294.498004   227.724960     5.817282    -0.330755
      2295.0    -1.607482  2161.285992   864.605240  1404.000747     2.391091   181.626298    94.670406    86.955879    91.106170    89.573594          0.0   296.329939   294.617076   227.708008     5.607024    -0.785525
      2296.0     2.006328  2160.487721   864.743794  1403.685553     2.670575   182.692645    95.799017    86.893586    89.113800    89.940506          0.0   296.159103   294.290903   227.511642     5.719999     1.141900
      2297.0    -0.543771  2159.589575   864.436978  1403.576891     2.700774   181.869337    94.603458    87.265888    90.301458    89.967818          0.0   296.363647   294.681132   227.367020     4.942446    -0.224977
      2298.0    -0.559171  2158.691673   863.355653  1403.371924     2.806541   180.837215    94.061218    86.775995    89.879852    89.645762          0.0   296.395544   294.779728   227.264099     5.496783    -0.029122
      2299.0    -1.941753  2157.793771   862.022797  1402.674275     2.883751   179.692678    93.453209    86.239501    90.740127    89.264196          0.0   296.375455   294.732176   227.124924     5.521837    -0.778282
      2300.0    -1.329822  2156.895625   860.535671  1401.378231     2.523865   180.055738    93.832204    86.223591    90.157698    89.139619          0.0   296.279713   294.508168   226.917267     6.179654     0.277965