        time     emission          CO2         cveg        csoil        fgco2         fgpp         fnpp           ra          frh     fvegsoil         fluc          tas     tas_land        cprod     fcvegout    fcsoilout
        1850    -0.842632   284.316986   635.075299    926.79584    -0.179039    78.821208    40.259669     38.56154    41.180884    40.907746            0   287.792778   282.383402            0     0.221725          0.0
        1851     0.421205   284.450989   634.832168   926.810297     -0.16708    79.773253    41.237808    38.535445    40.875124    40.889581            0    287.67223   282.244637            0     0.591358          0.0
        1852     1.402005   284.597992   635.215707   927.112349    -0.061132     80.92379    42.127429     38.79636     40.88389    41.185943            0   287.605886   282.004821            0     0.557947          0.0
        1853     0.393432   284.730988   635.506967   927.362709    -0.193547    80.314517    41.540492    38.774026     41.13392    41.384281            0   287.631399    282.11277            0    -0.135049          0.0
        1854     -0.94803   284.846008   635.057387   927.147715    -0.043301    79.084752    40.387179    38.697572    41.426702    41.211707            0   287.742978   282.269295            0    -0.374948          0.0
        1855    -0.430222    284.94101   634.363289    926.78203    -0.115091    79.153802    40.643443    38.510359    41.044855     40.67917            0   287.648918   282.068206            0     0.658371          0.0
        1856    -0.309045   285.049011    633.85923   926.689895     0.004019    79.112921    40.606986    38.505935    41.028327    40.936191            0   287.741626   282.353845            0     0.174854          0.0
        1857     0.387016    285.20401   633.789077   926.511909    -0.105676    79.960596    41.319796      38.6408     41.03026    40.852275            0   287.648339   282.193763            0     0.537674          0.0
        1858     2.925087   285.368988    634.78589   926.664439    -0.018472    82.519425    43.438921    39.080504    40.715449    40.867979            0   287.525857   282.065321            0      1.57413          0.0
        1859     1.546755   285.545013   636.320172   927.310257     0.038136    81.415674    42.394255    39.021419    41.125571    41.771389            0   287.580772   282.086538            0    -0.911415          0.0
        1860     1.152352   285.739014   636.476625   927.722743     0.099229    81.085883    42.027046    39.058837    41.247654    41.660139            0   287.606528   282.005593            0     0.210453          0.0
        1861     1.600453   285.933014   636.903236   928.207544     0.050828    81.619353    42.511362     39.10799    41.254185    41.738986            0   287.611437   282.099339            0     0.345766          0.0
        1862     1.781027   286.100006   637.651656   928.614327     0.147664    82.000662    42.772584    39.228078    41.381185    41.787969            0   287.582344   282.021396            0     0.236196          0.0
        1863    -0.548705   286.270996   637.576784   928.887213       0.1761    79.536189    40.770591    38.765598    41.747963    42.020848            0   287.742455    282.22502            0    -1.175386          0.0
        1864    -1.391488   286.441986   635.700928   928.531202    -0.028874    78.647772    40.115286    38.532486    41.730461     41.37445            0   287.777568   282.337813            0     0.616692          0.0
        1865     0.639906   286.614014   635.629648   928.478115      0.05927    80.566063    41.679776    38.886287     41.35441    41.301324            0   287.650225   282.106128            0     0.449732          0.0
        1866     1.152214   286.781006   635.975508   928.489726    -0.059717    81.396464    42.293733    39.102731    41.325693    41.337304            0   287.700355   282.121185            0     0.610568          0.0
        1867    -0.195926   286.954987   636.111222   928.558279     0.078944    79.951413    41.040215    38.911198    41.573594    41.642147            0   287.827493   282.249795            0    -0.737646          0.0
        1868    -0.961436   287.105011   635.225178   928.342303     0.041556    78.811252    40.284986    38.526266    41.494891    41.278915            0   287.794675   282.275479            0    -0.107884          0.0
        1869     0.778004   287.225006   634.808556    928.11744     -0.04627    80.394657    41.678926    38.715731    40.997386    40.772524            0   287.686186   282.204208            0     1.323024          0.0
        1870     1.728583   287.355011   635.738704   928.370994     0.049466    81.357719    42.451121    38.906598    40.934607     41.18816            0   287.661572   282.084407            0     0.332813          0.0
        1871     0.897063   287.493988   636.187304   928.689107     0.137535     80.77332    41.913813    38.859507     41.29429    41.612402            0   287.729016   282.066634            0    -0.147189          0.0
        1872     1.691423   287.664001   636.486455   929.035572     0.104789     82.00212    42.797112    39.205008    41.397869    41.744334            0   287.731112   282.122073            0     0.753627          0.0
        1873     0.855333   287.859985     636.7839   929.262242     0.105933     81.20131    42.067119    39.134192    41.550867    41.777536            0   287.830926   282.298857            0    -0.007862          0.0
        1874     0.102369   288.061005   636.393453   929.321947     0.009235    80.650701    41.569357    39.081344    41.713567    41.773272            0    287.87128   282.388181            0     0.186532          0.0
        1875      0.31442   288.290985   636.089354   929.357519    -0.025018    80.440545    41.511472    38.929073    41.465189    41.500761            0   287.817962   282.348438            0      0.31481          0.0
        1876      0.78906   288.519989   635.872982   929.420985      0.12493    80.860119    41.875285    38.984833    41.496957    41.560423            0   287.731969   282.159226            0     0.531234          0.0
        1877     1.215323   288.752014   636.293053   929.602117     0.073937    81.434661    42.299655    39.135006    41.447382    41.628514            0   287.737592   282.180307            0     0.251071          0.0
        1878      2.07886   288.993011   636.926996     929.9599    -0.053289     82.64459    43.228201    39.416388    41.400208    41.757992            0   287.605272   282.026861            0     0.836266          0.0
        1879     1.316878   289.221008   637.833277   930.243694     0.215797    82.128412    42.711905    39.416507    41.884705    42.168499            0   287.694361   282.287426            0    -0.362875          0.0
        1880     0.649729   289.470001   637.856071   930.291039      0.17754    81.695836    42.233751    39.462085    42.076871    42.124216            0   287.682998   282.307655            0     0.086741          0.0
        1881      2.03254      289.737   638.065743   930.408313     0.239306    82.247648     42.90176    39.345888    41.476801    41.594074            0   287.601727   282.007578            0     1.098014          0.0
        1882     1.290841   290.019012   638.750457   930.835746       0.3105    81.934632    42.463751    39.470881    41.888072    42.315505            0   287.643551   282.058513            0    -0.536468          0.0
        1883     1.140984      290.263   638.450231   930.946266     0.218897    81.804876    42.459425    39.345451    41.862202    41.972721            0   287.709531   282.204441            0     0.786929          0.0
        1884     3.467603   290.511993   639.513201   931.509589     0.293941     84.22321    44.483469    39.739741    41.645076      42.2084            0   287.433493   281.724325            0     1.212099          0.0
        1885     3.292911   290.796997   640.932488   932.719489     0.386186    83.482888    44.006208     39.47668    41.512143    42.722043            0   287.396987    281.60334            0    -0.135121          0.0
        1886     1.316026   291.100006   641.075561   933.603867     0.333903    81.759418    42.495052    39.264366    41.960443    42.844821            0   287.596437   281.985949            0    -0.492842          0.0
        1887     0.719061   291.414001   640.447185   934.190742     0.306667    80.699132    41.833673    38.865458    41.892659    42.479534            0   287.538385   281.835937            0    -0.017485          0.0
        1888     0.486156      291.763   639.642749   934.448796     0.326769    80.562065    41.708219    38.853846    42.093833    42.351887            0   287.603666   282.038057            0     0.160767          0.0
        1889    -0.587187   292.113007   638.704742   934.290675     0.355325    79.568398    40.721731    38.846666    42.210905    42.052784            0   287.679502   282.199193            0    -0.393046          0.0
        1890    -0.539078   292.458008   637.313318   933.741143     0.270782    79.563966    40.650799    38.913167    41.995858    41.446326            0   287.744425   282.323537            0     0.595897          0.0
        1891     1.858761    292.81601   637.132908   933.498915     0.222956    81.975819     42.76122      39.2146    41.664526    41.422299            0   287.599592   282.122742            0     1.519331          0.0
        1892     2.692752   293.166992   638.105565   933.788325     0.369476    83.099305    43.581858    39.517447    41.770869    42.060279            0   287.567539   281.960999            0     0.548923          0.0
        1893     1.795793    293.47699   638.693467   934.283106     0.233235     82.59252    43.061867    39.530654    41.918438    42.413219            0   287.602709   281.884904            0     0.060745          0.0
        1894     3.120253   293.790985   639.843799   934.844079     0.254807    84.439377    44.467025    39.972352    42.025869    42.586842            0   287.570526   282.002643            0     0.729851          0.0
        1895      1.60122    294.07901   640.483674   935.278546     0.320258    83.393471     43.41439    39.979081    42.496187    42.930654            0   287.711225   282.209333            0    -0.156139          0.0
        1896     2.128053    294.36499   641.273616   935.738181     0.324533    84.253877    44.061632    40.192245    42.614452    43.074087            0   287.644009    282.12707            0     0.197603          0.0
        1897     1.528947   294.645996   641.126026   936.334427     0.372124     82.84795    43.179218    39.668732    42.366697    42.962943            0   287.687293    282.04355            0     0.363865          0.0
        1898     0.887766    294.95401    640.75667   936.703417     0.520551     82.52063    42.726668    39.793962     42.75917    43.128161            0   287.835213   282.370264            0    -0.032137          0.0
        1899       -0.017   295.299988   639.686945   936.867451     0.524547    80.545032    41.439753    39.105279    42.459904    42.623937            0   287.754989   282.128314            0    -0.114459          0.0
        1900     -0.36568   295.674988   638.072915    936.86177     0.484443    79.769327    40.855267    38.914061    42.243252    42.237571            0   287.784478   282.114701            0     0.231726          0.0
        1901     0.098829   296.006989   636.361541   936.692697     0.437048    80.112112    41.238548    38.873564    42.017701    41.848627            0   287.694397   282.107781            0     1.101294          0.0
        1902     2.709757   296.325012    636.64683   936.859112     0.397976    83.230588     43.74832    39.482268    41.842552    42.008967            0   287.547439   282.015527            0     1.454064          0.0
        1903     3.029338   296.653992   637.889224   937.505032     0.485387    83.869166      44.1985    39.670666    42.079499    42.725419            0   287.541906   281.856295            0     0.230686          0.0
        1904     2.075633    296.95401   638.102914   938.231231     0.392939     83.23702    43.568063    39.668958    42.245038    42.971237            0   287.522904   281.794996            0     0.383135          0.0
        1905     2.695291   297.289001   638.789807   939.195823     0.380261    83.729556    44.054036     39.67552    42.171326    43.135918            0   287.496072   281.780881            0     0.231225          0.0
        1906     1.003653   297.661987   638.672141   939.752479     0.389306    82.387517    42.764221    39.623296    42.658201    43.214857            0    287.64326   282.053261            0    -0.332969          0.0
        1907     2.021937   298.097992   638.302796   940.007497     0.498033    82.971847    43.355718    39.616129    42.471629    42.726647            0   287.657065   282.014182            0     0.998415          0.0
        1908     0.780941   298.518005   638.360568   940.165616     0.458787    82.258887    42.592891    39.665997     42.87421    43.032328            0   287.720151   282.174543            0    -0.497208          0.0
        1909     2.044298   298.936005   638.059072   940.193614      0.51018     83.34176    43.511019    39.830741    42.575074    42.603072            0   287.646862   282.076945            0     1.209443          0.0
        1910     1.735812   299.376984   638.374482    940.27604     0.566154     83.09706    43.254921     39.84214    42.730062    42.812488            0   287.759572   282.180153            0     0.127022          0.0
        1911     0.063239   299.828979   638.004996   940.174147     0.644505    81.612621    41.830364    39.782257    43.096922    42.995029            0    287.89505   282.331788            0    -0.795178          0.0
        1912     1.127902   300.352997   637.050379   939.791628     0.662285    82.377049    42.512409     39.86464    42.892173    42.509654            0   287.705481   282.161222            0     0.957372          0.0
        1913     2.793372   300.910004   636.678091   939.973838     0.766678    82.809166    43.327829    39.481337    42.220646    42.402856            0   287.613013   281.880811            0     1.297261          0.0
        1914     2.553744   301.418976   637.257434    940.51573     0.677985    83.916526    43.847819    40.068708    42.790902    43.332795            0   287.740222   282.151884            0    -0.064318          0.0
        1915     1.622054   301.936981   637.309298    940.69845     0.786169     83.03545    43.087746    39.947705    43.090476    43.273196            0   287.871006   282.352601            0    -0.237314          0.0
        1916     0.994967   302.484985   636.482941   940.656983     0.616259    82.408749    42.508537    39.900212    43.032156    42.990689            0   287.882296     282.3295            0     0.344204          0.0
        1917     2.163813   303.010986   636.493433   940.716301     0.619812    83.291261    43.417447    39.873814    42.729856    42.789174            0   287.730598   282.245363            0     0.617782          0.0
        1918      1.19738   303.448975   636.085432   940.752799     0.601862    82.064684     42.53252    39.532164    42.605792    42.642289            0    287.73398   282.193376            0     0.298232          0.0
        1919     3.295176   303.813995   636.467669   941.271649     0.502568     84.27508     44.42195     39.85313    42.143415    42.662265            0   287.572937   282.024039            0     1.377448          0.0
        1920     1.952262   304.246002   637.469742   941.981411     0.706316    83.450054    43.473064     39.97699    42.882875    43.592637            0   287.590217   281.945334            0    -1.121645          0.0
        1921     1.407718   304.599976      636.859   942.024586     0.506329     83.19583    43.332602    39.863227    42.916167    42.959342            0   287.721808   282.332767            0     0.984002          0.0
        1922     2.984004   304.944977   637.565045   942.400554     0.523836    84.831658    44.648735    40.182923    42.652173    43.028141            0   287.562926   282.028883            0     0.914549          0.0
        1923     2.830214   305.270996   638.792325   943.140269     0.730734    84.873462     44.56496    40.308502    42.886929    43.626644            0   287.584736   281.890202            0    -0.288965          0.0
        1924     2.029557   305.629974   638.823735   943.601258     0.621927    84.159454    43.975543    40.183911    43.057793    43.518782            0   287.710616   282.084193            0     0.425351          0.0
        1925     0.485359   305.812988   638.656657   944.013552     0.673998    82.760598    42.863096    39.897502    43.166583    43.578877            0   287.799108   282.151312            0    -0.548703          0.0
        1926       0.4164   305.953979   637.521783    944.06592     0.645794     82.29688    42.680264    39.616616    42.932435    42.984803            0   287.804209   282.231367            0     0.830334          0.0
        1927     1.422137   306.176971   637.784722   944.076755      0.53485    84.412205     44.03739    40.374815    43.347033    43.357868            0    287.79958   282.327895            0     0.416582          0.0
        1928     2.282102   306.328979   638.066859   944.417078      0.42726    84.863526    44.674645    40.188881     42.86361    43.203933            0   287.659893   282.127691            0     1.188575          0.0
        1929     3.531229   306.494995   639.698791   945.278296     0.594002    86.455586    45.897254    40.558332    43.032888    43.894106            0   287.608436    282.04809            0     0.371216          0.0
        1930     1.643905   306.619995   640.492736    945.86006     0.570971    85.525949      44.8085    40.717448    43.719808    44.301571            0   287.755994    282.32452            0    -0.287017          0.0
        1931     1.363478   306.821991   640.509644   946.278277     0.540054    84.771396    44.286205    40.485191    43.566276    43.984494            0   287.752852    282.26799            0     0.284804          0.0
        1932     1.587948   307.092987   640.140025   946.602954     0.484093    84.935883    44.474312    40.461572    43.600699    43.925375            0   287.776175   282.251984            0     0.918556          0.0
        1933     2.250074   307.401978   640.414618   947.211332     0.567137    85.126423    44.697933     40.42849    43.316416    43.924794            0   287.584509   282.069333            0     0.498546          0.0
        1934     3.044703   307.784973   640.948398   947.915575     0.729339    85.765667    45.165129    40.600538    43.301054    44.005297            0    287.70346   282.134186            0     0.626052          0.0
        1935     2.085646    308.22699   641.084006   948.346915      0.56098    85.503364    44.800713    40.702651     43.84768     44.27902            0   287.708813   282.179577            0     0.386084          0.0
        1936     3.577614   309.011993   641.674007   948.800619      0.69637    86.339279    45.420679      40.9186    43.834923    44.288627            0   287.668584    282.15397            0     0.542051          0.0
        1937     2.036564   309.763977   641.512457   949.093565     0.753323    84.700555    44.033134    40.667421    43.970688    44.263634            0   287.808979   282.341029            0     -0.06895          0.0
        1938     2.314328   310.293976   641.436374   949.371607     0.756755    85.312119    44.667373    40.644746    43.853421    44.131463            0   287.713786    282.14358            0     0.611993          0.0
        1939     2.734007   310.850983   641.199986   949.762867      0.67628    85.410212    44.783699    40.626512    43.523208    43.914469            0   287.737063   282.075347            0     1.105618          0.0
        1940     3.204554   311.356964    641.39936   950.610556     0.538854    86.317561    45.511908    40.805653    43.530039    44.377727            0   287.662191   282.057419            0     0.934807          0.0
        1941     2.796233   311.810974   642.128843   951.552195     0.753288    86.111131    45.336168    40.774962    43.875725    44.817364            0   287.647581   282.101298            0    -0.210679          0.0
        1942     1.639705   312.171967   641.888969   951.942022     0.840443    85.362597    44.568087     40.79451     44.15472    44.544548            0   287.748779   282.206395            0     0.263414          0.0
        1943      2.36019   312.389984   642.202602   952.289005     0.656461    86.302216    45.463999    40.838217    43.842808    44.189791            0   287.734498   282.111031            0     0.960576          0.0
        1944     0.576682   312.412964   642.074081   952.598138     0.576525    85.191631    44.474814    40.716817    44.138161    44.447294            0     287.8135   282.347781            0     0.156041          0.0
        1945    -0.236818   312.384979   641.771848   952.669909     0.607276    84.543416    43.905698    40.637718    44.304858    44.376629            0   287.841059   282.358762            0    -0.168697          0.0
        1946     1.302408   312.389984   641.426686   952.675786     0.526311    85.377878    44.851247     40.52663    43.695093    43.700971            0   287.720612   282.159076            0     1.495438          0.0
        1947     2.390842   312.485962   642.062426   953.322002     0.475831    86.660478    45.873196    40.787282    43.774363    44.420579            0   287.669666   282.127579            0     0.816877          0.0
        1948     0.378997   312.520966    642.46916   953.739959     0.620495    85.464254    44.541906    40.922348    44.467516    44.885473            0   287.786748   282.354806            0    -0.750301          0.0
        1949     0.669631   312.631958   641.444815    953.80663     0.659792     84.60917    44.195482    40.413688    44.032889     44.09956            0   287.796928   282.317357            0     1.120267          0.0
        1950     3.332605   312.820984   642.235983   954.493134     0.514675    87.578939    46.600761    40.978177    43.785358    44.471862            0   287.574505   281.908649            0     1.337732          0.0
        1951     0.931434   313.013977   642.537021   955.238734     0.591947    85.548997    44.763771    40.785225    44.389881    45.135481            0   287.757859   282.180297            0    -0.672748          0.0
        1952     1.077071    313.34198   641.697447   955.528859     0.606661    85.446496    44.768654    40.677842     44.53271    44.822835            0   287.812833   282.295884            0     0.785393          0.0
        1953     2.398395    313.72998    641.60233   955.954463      0.60619    86.315018    45.524257    40.790761    44.081501    44.507105            0   287.682396   282.045138            0     1.112269          0.0
        1954     0.410154   314.094971   641.201501   956.226851     0.661589     84.06078    43.736678    40.324102    44.289286    44.561674            0   287.761647   282.199653            0    -0.424167          0.0
        1955     0.483683   314.414978   639.877624   955.904054     0.691685    84.219684    43.840052    40.379633    44.252899    43.930102            0    287.87491   282.529929            0     1.233827          0.0
        1956     2.711097   314.697968   640.112974   956.096879     0.602295    86.983631    45.994495    40.989137    44.006896    44.199721            0   287.628602    282.09936            0     1.559423          0.0
        1957      2.99425   314.991974   640.835544    956.79352     0.672518    86.804067    46.009402    40.794664    43.828637    44.525279            0   287.548445    281.86333            0     0.761554          0.0
        1958     3.092049   315.344971   641.561502   957.629735     0.726535    87.480041    46.332212    41.147829    44.229139    45.065354            0   287.659043   281.986547            0     0.540899          0.0
        1959     2.765857   315.806976   641.883126   958.346962     0.626493     87.15637    46.069782    41.086588    44.421858    45.139085            0   287.673674    282.02525            0     0.609073          0.0
        1960     4.841325   316.624969   642.796657   959.436856     0.625596    88.930489    47.478571    41.451918    44.507358    45.597252            0   287.502388   281.891799            0     0.967788          0.0
        1961     2.689212    317.29895   643.493819    960.24204     0.985857    86.649172    45.522927    41.126245    44.819546    45.624731            0   287.669741   282.048392            0    -0.798966          0.0
        1962     1.359931   318.043976   642.453563   960.333993     1.050831    84.625597    44.020384    40.605213    44.890911    44.982863            0   287.822992   282.133106            0     0.077777          0.0
        1963     2.079476   318.649963   641.801161   960.255719     0.853765    85.821744    45.025054    40.796691    44.696161    44.617888            0   287.849209   282.411291            0     1.059568          0.0
        1964     4.381207   319.332947   642.668657   960.743918     0.871197    87.879206    46.838799    41.040407    44.396377    44.884575            0   287.502738   281.927496            0     1.086728          0.0
        1965     3.294661   319.815948   643.562317   961.632598     1.047568    87.333073    46.252593    41.080481    44.653255    45.541936            0   287.624828    282.05537            0    -0.183004          0.0
        1966     3.989323   320.879974   643.700536   962.185014       0.8675    87.156004    46.021178    41.134825    44.788793    45.341209            0   287.671477   282.149264            0      0.54175          0.0
        1967     4.723676    321.47995   644.894172   963.189526       0.7104    88.985645     47.60708    41.378564    44.499303    45.503815            0   287.378061   281.842511            0      0.90963          0.0
        1968      4.60136   322.388947   645.939431   964.365701     1.208252    88.101886    46.745068    41.356818    44.916099    46.092274            0   287.582102   281.877638            0    -0.392466          0.0
        1969     2.307774   323.250946   645.298601   964.844451     1.149501    86.059901    45.071958    40.987943    45.380259    45.859009            0   287.791784   282.183724            0    -0.146221          0.0
        1970      6.07761   324.782959    645.79073   965.060491     1.156772    88.689252    47.110125    41.579127    45.085026    45.301066            0   287.782319   282.154993            0      1.31693          0.0
        1971     3.939156   325.399963   646.380451   965.765551     1.219643    88.102807    46.759909    41.342899    44.988234    45.693293            0   287.653436   282.026763            0     0.476895          0.0
        1972     6.327299   327.348969   646.907554   966.632556     1.453736    87.880021    46.395604    41.484417    45.306915     46.17392            0   287.665595   282.122796            0    -0.305419          0.0
        1973      6.91385   329.908966   646.477903   967.126186     1.586865    86.508215    45.555754    40.952461    45.315541    45.809172            0   287.776107   282.096158            0     0.176233          0.0
        1974     3.639148   330.755951   646.048538   967.423851     1.305817    87.244045     46.14796    41.096085    45.254756     45.55242            0    287.70059   282.123578            0     1.024905          0.0
        1975     3.516634   330.826965   646.922856   968.111592     1.308584    88.767903    47.336904    41.430999    44.917308    45.605049            0   287.636386   282.021579            0     0.857536          0.0
        1976     5.476639   331.544952   648.389455   969.297077     1.328514      90.2936    48.258595    42.035004    45.276328    46.461812            0    287.65486   281.973009            0     0.330184          0.0
        1977     5.605098   333.352936   648.892929   969.810572     1.442542    88.865341    46.745101    42.120241     46.06952    46.583015            0   287.779107   282.355755            0    -0.341389          0.0
        1978     6.693455   335.009949   649.721483   970.271885     1.465568    90.195975    47.814561    42.381414     45.75114    46.212454            0   287.714102   282.255156            0     0.773553          0.0
        1979     5.488346    336.60495   650.459976   970.598017     1.622677    89.320688    47.009413    42.311275    46.175843    46.501974            0   287.825265   282.400771            0    -0.231055          0.0
        1980      6.17628   338.704956   650.711874   970.732273     1.675685    88.865548    46.645771    42.219777    46.249904     46.38416            0   287.907798   282.365563            0     0.009713          0.0
        1981     5.954963    340.05896   650.641225   971.170616     1.591457    89.772213     47.55173    42.220482    45.678005    46.116348            0   287.799794   282.284787            0     1.506032          0.0
        1982     5.447932   340.643951   651.587596   972.217966     1.617456    90.976968    48.560659    42.416309    45.568087    46.615437            0   287.704064    282.11563            0     0.998851          0.0
        1983     5.643736   342.265961   652.041428   973.073675     1.915019    89.430052    47.097384    42.332669    46.404528    47.260238            0   287.787744   282.269864            0    -0.616686          0.0
        1984     6.027252   344.007935    651.79558   973.355172     1.777192    89.699883    47.325765    42.374118    46.360741    46.642238            0   287.834339   282.310212            0     0.929376          0.0
        1985     7.738638   345.458954    652.95468   974.063617     1.752879    92.505678    49.505828    42.999849    46.185219    46.893665            0   287.671925   282.226957            0     1.453063          0.0
        1986     7.325413   346.902954   654.642864   975.139883     1.938302    92.544884    49.277579    43.267305      46.5389    47.615165            0   287.749819   282.224685            0     -0.02577          0.0
        1987     8.114728   348.774933   655.429605   976.075674     1.996046     92.97413    49.492849    43.481281    46.926921    47.862712            0   287.787624   282.193848            0     0.843396          0.0
        1988     8.272439    351.27594   656.225724    977.05503     2.074236    91.660962     48.45484    43.206122    47.149915    48.129271            0   287.852196   282.309577            0     -0.47055          0.0
        1989     4.971717   352.893921   655.430563   977.532183     1.895255    90.088533    47.280784    42.807749    47.219744    47.696897            0   287.866526   282.427004            0     0.379049          0.0
        1990     4.932356   354.072937   655.223827   977.770998     1.862795    91.134388    48.120365    43.014022    47.124212    47.363027            0   287.900989    282.51454            0     0.964074          0.0
        1991     6.501816   355.352936   656.209626   978.193208     1.905683    92.564038     49.19662    43.367418    46.945142    47.367351            0   287.924277   282.571446            0     0.843469          0.0
        1992      6.63294   356.228943   657.802597   979.268202     2.142385    93.400704    49.875669    43.525036     46.89435    47.969344            0   287.751042   282.203085            0     0.313354          0.0
        1993     5.377031   356.924957   659.054294    980.07571     1.967022     93.44427    49.674411     43.76986      47.4049    48.212407            0   287.797485   282.305651            0     0.210306          0.0
        1994      6.87482   358.253967   660.352838    980.99537     1.877828    93.728409    49.790063    43.938347    47.288854    48.208515            0   287.718266   282.240785            0     0.283004          0.0
        1995     7.459858   360.238953   661.685225   981.762262     2.217637     93.22162    49.215755    44.005865    47.873261    48.640153            0   287.962603   282.375815            0    -0.756784          0.0
        1996     6.658981   362.004974    662.16549   981.898224     1.938594    93.772912    49.493061    44.279851    48.209324    48.345286            0   288.198216   282.789929            0      0.66751          0.0
        1997     5.721444   363.251953   663.138451   982.241874     2.048767    93.348148    49.234355    44.113793    47.897439    48.241088            0   288.189382    282.71782            0     0.020306          0.0
        1998     7.054967   365.932953   663.431432   982.098985     2.225802    91.857131    47.820685    44.036445    48.383821    48.240932            0   288.374916   283.085778            0    -0.713227          0.0
        1999     6.371717   367.844971   662.810266   981.366117     2.053205    92.729107    48.527285    44.201822    47.966979    47.234111            0   288.433201   283.123586            0      1.91434          0.0
        2000     6.842466   369.124969    664.73566   981.616003     2.010919    95.669589     50.51339    45.156199      48.0947    48.344586            0   288.329312   282.911781            0      0.24341          0.0
        2001      3.69166   370.673004   664.634612   981.652086     2.117891    91.993702    47.426142     44.56756    48.779267     48.81535            0   288.450171   283.121912            0    -1.288161          0.0
        2002     6.653731   372.834991   664.275579   980.735593     2.303934    93.020665    48.383391    44.637274     48.31344    47.396947            0    288.61009   283.465275            0     1.345477          0.0
        2003     8.571237    375.41098   665.118866      980.405     2.247913    94.555718    49.517522    45.038196    48.297027    47.966434            0   288.531939   283.424467            0     0.707801          0.0
        2004     5.497457      376.987   665.193961   980.104299     2.442255     93.59188    48.708483    44.883397    48.540894    48.240193            0   288.564877   283.479205            0     0.393194          0.0
        2005     6.061439   378.907013   664.727555   979.951321     2.528579    92.261335    48.007697    44.253638    48.093244    47.940266            0   288.625616   283.498177            0     0.533837          0.0
        2006     8.190357    381.01001   665.172827   979.670707     2.449222    94.095503    49.433194    44.662309    47.772925    47.492311            0   288.553198   283.414683            0     1.495611          0.0
        2007     9.915215   382.603027   667.616043    980.40853     2.436711    97.637684    52.069706    45.567978    47.597022    48.334844            0   288.414452   283.222922            0     1.291646          0.0
        2008     9.622312   384.739014   670.010803   981.390134     2.498039    97.456332    51.486601    45.969731    48.513328    49.494932            0   288.564678   283.309892            0    -0.403091          0.0
        2009     7.327302   386.280029   671.244876   981.791998     2.516034    96.356158    50.652006    45.704151    48.737277    49.139141            0   288.615849   283.430836            0     0.278793          0.0
        2010     7.990984   388.717041   670.852754   982.745452     2.440809     95.85991    50.114372    45.745538    49.110955    50.064409            0   288.562785   283.329605            0     0.442084          0.0
        2011     8.074607      390.944   671.101658   982.674429     2.454737    95.885772    50.182852     45.70292    48.801203     48.73018            0   288.611274   283.436647            0     1.203767          0.0
        2012     8.164438   393.015991   672.109209   983.018381     2.558254    96.565423    50.644575    45.920848    48.976617    49.320568            0   288.621936   283.494625            0     0.316456          0.0
        2013     9.327382   395.724976   672.411247   983.476822     2.614125    96.246582    50.507276    45.739306    49.036441    49.494882            0   288.729935   283.530554            0     0.710356          0.0
        2014     6.109447   397.546967   672.055804   983.804675     2.335953    95.166411    49.510046    45.656366    49.078044    49.405898            0   288.714955   283.386111            0     0.459591          0.0
        2015     9.296785   399.948425   672.859313   983.996401     2.614626    97.473063    51.181507    46.291556    49.147729    49.339455            0   288.762307   283.575026            0     1.038542          0.0
        2016    10.098332   403.116974   670.552304   985.019323      2.71796    98.775115    52.004225    46.770889     50.26175    51.284671            0   288.784909   283.916334            0     3.026563          0.0
        2017    10.039062   405.812958   671.971028   984.920543     2.902068    98.493348    51.843535    46.649813    49.629424    49.530644            0   288.692368   283.613419            0     0.894166          0.0
        2018    11.534053    408.83197   673.739139   985.156032     3.012564    99.791058    52.673921    47.117136    49.869284    50.104773            0   288.745664   283.647073            0     0.801037          0.0
        2019    10.396784   411.945953   674.662298   985.236546     2.979504    98.684641    51.587499    47.097143    50.120657    50.201171            0   288.758464   283.602933            0     0.463169          0.0
        2020    10.799135   415.154968   675.029421   985.566239     2.983357    98.334775    51.450519    46.884257    49.801094    50.130787            0   288.736245   283.672779            0     0.952609          0.0
        2021    11.213607   418.460968   675.661405   985.695218     3.057591    99.343061    51.943608    47.399454    50.170203    50.299182            0   288.866525    283.92967            0     1.012441          0.0
        2022    12.634218   421.842957   677.162484     986.1329     3.230973   100.595305     52.96847    47.626835    50.119897    50.557579            0    288.78967   283.693202            0     0.909812          0.0
        2023    10.317194   425.282959   677.721419   986.503032     3.264543    98.230792    50.982612     47.24818    50.610586    50.980717            0   288.965213   283.928827            0     -0.55704          0.0
        2024     8.508033   428.783966   676.273154   985.825096      3.20733    96.308695    49.350111    46.958584     50.85757    50.179634            0   289.145614   284.258248            0     0.618742          0.0
        2025    13.707921   432.346954   677.018788   985.797316     3.297057   100.788222    53.150239    47.637983    49.680244    49.652464            0   288.922674   283.813955            0      2.75214          0.0
        2026    13.620666   435.974945    679.18938   986.565096     3.540682   100.841835    52.996139    47.845695    50.026642    50.794422            0    288.93067   283.809632            0     0.031126          0.0
        2027    11.935276   439.669952   679.689053   987.123927     3.464576     99.62836    51.800068    47.828293    50.595811    51.154642            0   289.064336   283.909134            0     0.145753          0.0
        2028     10.36544   443.431946   679.386276   987.205391     3.475007    98.013823    50.495283     47.51854     51.01739    51.098853            0   289.238722   284.247588            0    -0.300793          0.0
        2029     11.09584   447.262939   678.465312   986.863261     3.516712    98.020518    50.673157    47.347361    50.659285    50.317155            0   289.185713   284.128253            0     1.276966          0.0
        2030    14.527173    451.16394   679.955156   987.064922     3.520994   102.051132    53.700848    48.350284    50.410488    50.612149            0   288.959981   283.943161            0     1.598855          0.0
        2031    14.568388   455.135956   681.850512   987.686835      3.78848   101.999443    53.520633    48.478811    50.621973    51.243887            0   289.064007   283.993657            0     0.381389          0.0
        2032    13.560805   459.165955   682.983479   988.026937     3.727174   102.438319    53.405622    49.032697    51.584684    51.924786            0   289.192515   284.312233            0     0.347868          0.0
        2033    13.934964   463.241943   684.164214   988.494424     3.778274     102.0226    53.287615    48.734985    51.250009    51.717496            0   289.133696   284.137765            0     0.389384          0.0
        2034    13.115461    467.36496   684.770248   988.767289     3.870363   101.429723    52.651851    48.777873    51.629347    51.902212            0    289.17636    284.33197            0     0.143605          0.0
        2035    15.058617    471.53894   685.555062   989.062025     3.906271    102.74349    53.920218    48.823271    51.100843    51.395578            0   289.119298   284.123918            0     1.739826          0.0
        2036    13.760291   475.764954   687.079726   989.512318     4.052876   102.585352    53.290414    49.294939    52.033503    52.483796            0   289.236183   284.266265            0    -0.718046          0.0
        2037    11.076213   480.044952   686.412335   989.033193     3.940417    99.729979     51.08131    48.648669      52.5162    52.037075            0    289.46403   284.679025            0    -0.288375          0.0
        2038    13.292146   484.379944    685.78516   988.618124     3.824651   100.723403    52.091798    48.631605    51.314117    50.899049            0   289.408759   284.501972            0     1.819924          0.0
        2039    15.615798   488.771942   686.941263   989.105903     4.012374   103.291017    54.015929    49.275088    51.225893    51.713672            0   289.287767   284.310902            0     1.146154          0.0
        2040    15.557103   493.220947   688.394647   989.825162     4.052471   104.038773    54.321026    49.717747    51.752352    52.471611            0   289.237079   284.149732            0     0.396031          0.0
        2041    16.899798   497.730957   690.311977   990.687851     4.071907   105.577872    55.499353    50.078519    51.714199    52.576888            0   289.196059   284.195665            0     1.005135          0.0
        2042    15.257038   502.291931   691.363961   991.509951     4.194143   103.477557    53.892858    49.584699     51.97818     52.80028            0   289.348933   284.400083            0     0.040594          0.0
        2043    13.934007    506.90094   691.754729   992.047835     4.050119   102.618159    53.015208     49.60295    52.372504    52.910388            0    289.38304   284.382818            0    -0.285948          0.0
        2044    15.324499   511.556946   691.920337   992.115747     4.138037   104.261583    54.247827    50.013756     52.40466    52.472572            0   289.401972   284.510111            0     1.609648          0.0
        2045    17.445291   516.263916   693.279425   992.724132     4.145868   105.906829    55.750887    50.155942    51.898792    52.507177            0   289.286513   284.252642            0     1.884622          0.0
        2046    15.578949   521.020935   694.997205    993.78985     4.245894   104.949219    54.562939     50.38628    52.783765    53.849483            0   289.429153   284.442427            0    -1.004325          0.0
        2047    14.998815   525.829956   695.147112   994.014719     4.196583    104.66187    54.249571      50.4123    53.109799    53.334668            0   289.632328   284.765188            0     0.764996          0.0
        2048    15.149973   530.691956   696.331724   993.960802     4.273119   105.778762    54.685271    51.093491    53.586564    53.532647            0   289.644543   284.841694            0    -0.031989          0.0
        2049    14.739103   535.608948   696.157915   993.641423     4.276245   104.345397     53.74668    50.598718    53.176652    52.857273            0   289.714617   284.890291            0     1.063216          0.0
        2050    15.394989   540.580933     696.6619   993.409427     4.154678   105.368568    54.425883    50.942685    53.199018    52.967022            0   289.700772   284.943154            0     0.954876          0.0
        2051    15.960527   545.609924   697.501852   993.558837     4.362403   105.955089    54.822042    51.133047    53.293751    53.443161            0   289.747309   285.026819            0     0.538928          0.0
        2052    14.221112   550.690918   697.182588   993.333788     4.485047    103.67456    53.032769    50.641791    53.460529     53.23548            0   289.886274   285.060085            0     0.116553          0.0
        2053    13.628109    555.82196    695.70667   992.682812     4.258731   102.769005     52.35216    50.416845    53.241848    52.590873            0   289.943276   285.142422            0     1.237205          0.0
        2054    15.864863   561.003967   695.752865   992.376571     4.482677   104.878825    53.960485    50.918341    52.943339    52.637098            0   289.907128    285.02826            0     1.277192          0.0
        2055    15.758972   566.238953   696.220406   992.165408     4.513617   105.429475    54.214831    51.214644    53.435637    53.224474            0   290.017796   285.300801            0     0.522816          0.0
        2056    14.947315    571.52594   695.873311   991.801259     4.575217   104.906239    53.658361    51.247878    53.833624    53.469475            0   290.185476   285.615846            0     0.535981          0.0
        2057    14.081569    576.86792   694.885746   990.952682     4.482549   103.003772     52.51541    50.488362    53.569485    52.720907            0   290.270714   285.643916            0     0.782068          0.0
        2058    13.651747    582.26593   693.378183   989.858293     4.436116   102.259192    51.839929    50.419263    53.392178    52.297789            0   290.303743   285.750895            0     1.049702          0.0
        2059    16.963514   587.718933   693.669677   989.297614     4.624376   105.523951      54.3502    51.173751    52.883563    52.322883            0   290.115967   285.396697            0     1.735823          0.0
        2060    15.217282   593.229919   692.921237   988.959919     4.551341   103.166848     52.74252    50.424328    53.066814    52.729119            0   290.220887   285.483464            0      0.76184          0.0
        2061     15.62559   598.797913   692.545934   988.722177     4.374259   104.038164    53.243409    50.794755    53.089289    52.851546            0   290.290081   285.574061            0     0.767166          0.0
        2062    14.745929    604.42395   691.840118   988.145929     4.414534   103.276529    52.605731    50.670798    53.488783    52.912535            0   290.421356   285.954976            0     0.399012          0.0
        2063    19.142411   610.106934   692.323425   987.733975     4.613661   107.896627    56.182892    51.713735    52.979333    52.567379            0    290.35306   285.690119            0     3.132206          0.0
        2064    20.008614   615.846924   695.110953   988.342711     4.606442   110.110114    57.537172    52.572942    53.576404    54.185139            0   290.340818   285.691428            0     0.564505          0.0
        2065    17.382542   621.646912   696.162198   988.530031     4.513878   108.128542    55.566456    52.562086    54.262083    54.449403            0   290.497514   285.959264            0     0.065808          0.0
        2066     15.75265   627.504944   696.270591   988.200709     4.579262   106.149509     54.00657    52.142939     54.52063    54.191308            0   290.658706   286.050703            0    -0.293132          0.0
        2067    14.083785   633.422913   694.179873   986.799111     4.356329     103.6349    52.260853    51.374047    54.346033    52.944434            0   290.753405   286.316543            0     1.407137          0.0
        2068    16.898457   639.401917   694.283167   986.062158     4.568725    106.24113    54.228893    52.012238    53.841201    53.104249            0   290.632003   286.004347            0      1.02135          0.0
        2069    16.336393   645.441956   693.277684   985.145424      4.64605   105.021305      53.2996    51.721705    53.677757    52.761023            0   290.673643   286.153776            0      1.54406          0.0
        2070    17.353056   651.543945   693.542208   984.635104     4.688491   105.906655    54.077518    51.829136    53.615376    53.105056            0   290.731941   286.231168            0     0.707939          0.0
        2071    16.083335   657.707947   692.691331   983.878404     4.610845   104.116793    52.733689    51.383103    53.600475    52.843775            0   290.757834   286.244637            0     0.740792          0.0
        2072    17.859829    663.93396   692.991038   983.315922     4.608331   106.702718    54.553188     52.14953    53.785348    53.222866            0   290.809309   286.405215            0     1.030615          0.0
        2073    16.679308   670.221924   692.862965   982.555009     4.702343   104.584674    53.076673    51.508001    53.708658    52.947744            0   290.953176   286.534977            0     0.257002          0.0
        2074    15.594244   676.571899   691.027473   981.456849     4.630392   102.286269    51.544302    50.741966    53.331619    52.233459            0   290.957904   286.595288            0     1.146335          0.0
        2075    20.422537   682.984924   691.875677   981.077163     4.563699   108.076628    55.930492    52.146136    52.954904    52.575218            0   290.792576   286.194056            0      2.50707          0.0
        2076    19.253793   689.460938   693.592063   981.286981      4.70068   108.105913    55.462653     52.64326    53.934599    54.144418            0   290.815541    286.20343            0    -0.398151          0.0
        2077     14.68138   696.001953   692.090105   980.470831      4.58485   102.511701    51.058329    51.453373    54.155165    53.339015            0   291.121816   286.793047            0    -0.778729          0.0
        2078    14.215457   702.605957   689.292385   978.721507     4.592714    99.969415    49.784242    50.185173    53.495458    51.746133            0   291.184699   286.827272            0     0.835829          0.0
        2079    18.637115   709.274902   688.436669   977.353812     4.802783   105.094974    53.467332    51.627642    53.110822    51.743128            0   291.105525   286.744374            0      2.57992          0.0
        2080    20.396403   716.007935   690.114265   976.984195     4.846253   107.708509    55.276737    52.431772    53.341402    52.971785            0   291.033015   286.600868            0     0.627356          0.0
        2081    18.028208   722.807922   689.753101   976.545444     4.716977   104.529714    52.974378    51.555336    53.435885    52.997133            0   291.190417   286.828502            0     0.338409          0.0
        2082    20.891284   729.678955   690.587771   976.424108     4.764628   108.119486    55.542155    52.577331    53.339442    53.218107            0    291.08648   286.580456            0     1.489378          0.0
        2083    17.341613   736.628906   690.619235   976.107374     4.777225   104.654764    52.650951    52.003813    54.192052    53.875317            0   291.382556   287.096192            0     -1.25583          0.0
        2084    16.601678   743.656921   688.723066   974.524225     4.604968   103.535842    51.807382     51.72846     54.08161    52.498461            0   291.547125   287.240609            0     1.205089          0.0
        2085    19.399937   750.763916   689.065999   973.589191     4.711823   106.453473    53.948631    52.504841    53.710551    52.775517            0   291.453581     287.2055            0     0.830181          0.0
        2086    18.941911   757.950928   688.642646   972.590208     4.796931    105.06262    52.996115    52.066504    53.485153    52.486169            0   291.492633   287.216873            0     0.933299          0.0
        2087    21.793285   765.215942    689.56173   972.044587     4.846531   108.135061    55.330948    52.804112    53.199589    52.653969            0   291.365776   287.071686            0     1.757895          0.0
        2088     19.51818   772.560913   690.473376   971.822579     4.821432   106.965646    53.950549    53.015097    54.243928     54.02192            0   291.563117   287.303609            0    -0.983018          0.0
        2089    17.760643   779.983948   688.855104   970.690569     4.676511    104.07571    51.881711       52.194    53.961604    52.829594            0   291.696769   287.601193            0     0.670388          0.0
        2090    23.119729   787.487915   690.006446   970.017692     4.713955   110.145509    56.520392    53.625116    53.451012    52.778134            0   291.414844   287.062873            0     2.590917          0.0
        2091    25.549093   795.069946   693.466904   970.287336      5.05853   113.418813    58.795235    54.623578    53.816849    54.086493            0   291.370757   287.120933            0     1.248283          0.0
        2092    20.249992   802.735901   694.884783   970.363384     4.961683   108.323196    54.520584    53.802612    54.929161    55.005209            0   291.616574   287.453122            0    -1.902504          0.0
        2093    19.260496   810.488892   693.777113   969.490992     4.879166   106.004225    53.093999    52.910225    54.603752    53.731359            0   291.692792   287.527814            0      0.47031          0.0
        2094    18.312226   818.327942   692.253587   968.398394     4.595285   104.751302    52.077722     52.67358    54.438409    53.345812            0   291.861421   287.746843            0     0.255436          0.0
        2095    19.722182   826.253906   691.255495   967.362577     4.656395    105.68775      52.7874     52.90035    53.991168    52.955351            0   291.784928   287.639185            0      0.83014          0.0
        2096    18.782118   834.266907   690.362581   966.277235     4.758575    105.00668    52.072352    52.934328    54.486622     53.40128            0   291.784703   287.617223            0    -0.436013          0.0
        2097      18.0598   842.366943   688.216971   964.502746     4.732255   101.925456    50.340154    51.585301    53.663004    51.888515            0   292.040018   287.980138            0     0.597249          0.0
        2098    19.593933   850.553894   686.173499   963.088991     4.606179   102.590316    50.918181    51.672135    52.778424    51.364669            0   291.984078   287.853473            0     1.596985          0.0
        2099    21.161966   858.828918   686.384319   962.111111     4.795257   105.638735    52.765034      52.8737    53.441207    52.463326            0   292.075197   288.054895            0     0.090888          0.0
        2100    20.853917   867.190918   685.454402   960.601417     4.688766   104.652914    52.144951    52.507962    53.206804     51.69711            0   292.220118   288.163851            0     1.377759          0.0