        time     emission          CO2         cveg        csoil        fgco2         fgpp         fnpp           ra          frh     fvegsoil         fluc          tas     tas_land        cprod     fcvegout    fcsoilout
        1850     -0.41037   284.316986   538.622347  1487.691279     0.088897   109.348699    58.089204    51.259499    57.151478    56.630094            0   288.112287   283.765935    43.064129     1.794154     1.060516
        1851     -2.29768   284.450989   537.662365  1486.436866    -0.044323   108.535338    57.198092    51.337233    57.909701    56.384223            0   288.272794   284.030453    48.878685     1.773865    -0.271064
        1852    -1.264813   284.597992   536.077449  1485.509939     0.033959   108.056329    57.274602    50.781715    56.992111    56.414542            0   288.190852   283.953257    52.951172     2.444989     0.349357
        1853    -0.171412   284.730988   535.090342   1485.03429     0.115513   107.824734    57.408071    50.416712    56.049031     55.98777            0   288.012591   283.684435    55.935097     2.407358     0.414389
        1854      0.19507   284.846008    534.54639  1485.176242     0.189922   108.131489    57.611684    50.519801    55.894746    55.873894            0   288.027219   283.682724    58.147305     2.281746    -0.162804
        1855    -1.054485    284.94101   534.017469  1484.747194     0.220112   108.123261    57.372737    50.750517    56.875645    56.071769            0   288.262262   284.007669     59.82481     1.829897    -0.374829
        1856    -0.503326   285.049011   533.441168  1483.962236     0.292048   108.538575    57.659162    50.879395    56.694552    55.986763            0   288.238845   284.034212    61.111259     2.248719     0.077169
        1857    -0.837092    285.20401   533.014041  1483.145556      0.23365   108.367997    57.454675    50.913343    56.856431    55.907667            0   288.294418   284.098109    62.242012     1.974115    -0.132085
        1858    -1.396048   285.368988   531.928202   1482.22944      0.25606   106.838714    56.579497    50.259188     56.57407    55.719467            0   288.215444   283.987733    63.206844     1.945896     0.061513
        1859    -0.185983   285.545013   531.179014  1481.581729     0.406934   107.408408    57.160445    50.247953     56.11506     55.60871            0   288.190785   283.860354    64.004364     2.300934      0.14136
        1860    -0.078015   285.739014   531.015868   1480.89777     0.256197   109.167508    57.966575    51.200949    56.768509     55.92156            0   288.299352   283.973239    63.775501     2.208146     -0.16299
        1861    -0.928727   285.933014   530.842989  1479.895064     0.289461   107.235529    56.854197    50.381331    56.560432    55.460336            0   288.238409   284.061198    63.847622     1.566741    -0.097391
        1862     0.689741   286.100006    530.76313  1479.132576     0.440807    108.37901    57.858897    50.520086    56.046913    55.486122            0   288.189089   284.010533    64.004379     2.452662     0.201697
        1863    -0.071628   286.270996   530.813282  1478.525191     0.363799   107.404131    57.121771    50.282345    56.003207     55.52323            0   288.174427   283.885449    64.268883     1.548405     0.127408
        1864     0.049004   286.441986   530.430353  1478.167587      0.36111   107.992666    57.360787    50.631916     56.11593    55.692402            0   288.278021   283.951765    64.539154     2.051277    -0.065924
        1865    -1.418733   286.614014   530.335265  1476.827012     0.286461   108.658491    57.408972    51.249511    57.560408    55.539962            0   288.486535   284.454779    64.913101     1.964106    -0.679871
        1866    -0.587637   286.781006   530.394795  1475.066037     0.223791   108.874976    57.864374    51.010563    57.108247    55.677054            0   288.285753   284.142667    65.307823      2.12783     0.329782
        1867     0.949677   286.954987   530.511336  1474.462777     0.179645   108.186261    57.952534    50.233751    55.629306    55.751727            0     288.0179   283.771411     65.69175     2.084243     0.725681
        1868     1.461377   287.105011   531.300391  1474.569905     0.277261    109.60725    58.700925    50.906323    55.908386    55.881302            0   288.155888   283.745956    66.024521     2.030571    -0.134212
        1869     0.832245   287.225006   532.081839  1474.340524     0.264617   109.500028    58.500527    50.999502    56.263028    55.987026            0   288.237152   284.028105     66.41188     1.732052    -0.046621
        1870     0.051275   287.355011   531.632685  1474.325543      0.24562   107.708542    57.345892    50.362655    55.719906    55.870773            0   288.214053   283.894399    68.815544     1.924267     0.165848
        1871    -0.272798   287.493988   531.223326  1474.011394     0.272672   109.307436    58.141877     51.16555    56.840299    55.963359            0   288.378231    284.06002    70.498199     2.587886    -0.562792
        1872    -1.284989   287.664001   530.798101  1472.701544     0.340947   108.911088    57.569048    51.342019    57.378737    55.890549            0   288.529243   284.379871    71.890869     2.103745    -0.178337
        1873    -0.325042   287.859985    529.94864  1471.858968     0.327047   107.268259     57.11072    50.157528    55.980021    55.664267            0     288.2374   284.097386    73.173439     2.295925     0.526821
        1874     0.859718   288.061005   529.592946  1471.933546     0.332304   108.112092    57.805106    50.306989    55.483506    55.818424            0   288.186903   283.850098     74.27832     2.342373      0.26034
        1875     0.726348   288.290985   529.684996   1471.78879     0.488063   109.705675    58.408119    51.297555     56.41494    55.744181            0   288.450124   284.200721    75.329315     2.571888    -0.526003
        1876    -1.894592   288.519989   529.053552   1470.57782      0.46766   108.031271    56.938354     51.09296    57.517441    55.842845            0   288.598935   284.451411    76.287956     1.726911    -0.463625
        1877    -0.918462   288.752014    528.01615  1469.141578      0.36915    107.64566    57.038097     50.60755    56.535948    55.463712            0   288.381755   284.244605    77.218658     2.611799     0.364006
        1878     1.082146   288.993011   527.591336  1468.697605     0.375775   108.732988    58.101047    50.631954    55.603647    55.734766            0   288.193441   283.904814    78.129669     2.791083     0.575091
        1879     1.539049   289.221008   527.732159  1468.927452     0.400865   109.125091     58.40655    50.718542    55.436286    55.754182            0   288.183147   283.914434    78.947334     2.511543     0.088049
        1880     0.063325   289.470001   527.588589  1468.997359     0.300282   108.176109    57.594926    50.581174     56.05814    55.840062            0   288.175941   283.851161    79.302696     1.898444    -0.287984
        1881     1.818117      289.737   527.901812  1468.772534     0.361114   110.326004     59.07592    51.250082    55.870657    55.830321            0   288.213036   283.956071    79.975418     2.932378     0.184489
        1882     0.907816   290.019012   528.438346  1468.631194       0.4791   109.791767    58.456737    51.335028    56.293999    55.959676            0   288.353379    284.24759    80.677094      1.96053    -0.192984
        1883     0.863678      290.263   528.218717  1468.317745     0.372908   109.224735     58.16488    51.059869    55.839019    55.836404            0   288.231039   284.033041    81.439835      2.54809     0.310835
        1884     2.743265   290.511993   528.223711   1469.42861      0.62399   108.613467    58.304678    50.308801    54.343538    56.097768            0   287.883874   283.486649     82.13269     2.201905     0.643364
        1885     1.873424   290.796997   527.826993  1470.742106     0.610817   108.062117    57.902656    50.159466    54.868964     55.77511            0   287.836012   283.456869    82.815536     2.524259    -0.407349
        1886     2.077637   291.100006   527.578107  1471.624363     0.595428   108.429125    58.045554    50.383552    54.815539    55.753251            0   287.952751   283.507975     83.50592     2.541209     0.055454
        1887     1.638094   291.414001   527.773327  1472.060536     0.606495    109.71448    58.549948    51.164538    55.778841    55.721104            0   288.145306   283.924047    84.212181     2.633619    -0.493911
        1888      0.08363      291.763   527.411495  1471.811726     0.550685   108.892006    57.777605    51.114399    56.562327    56.175235            0   288.205121   283.946031    84.854713     1.964202    -0.138282
        1889     1.632772   292.113007   526.993363  1471.822897     0.416471   108.918863    58.333815    50.585066    55.427469    55.756571            0   288.007146   283.799344    85.554276     2.995358     0.317932
        1890     1.762954   292.458008    527.00279  1472.288207       0.4986   108.333968    58.024486    50.309489    54.976289    55.589792            0   287.896585   283.422942     87.06588     2.425259     0.148192
        1891     1.514359    292.81601   526.501011  1472.946833     0.471373   108.013101     57.70475    50.308347    54.867737    55.595493            0   287.923798   283.412688    88.365891      2.61104     0.069131
        1892     1.226751   293.166992   526.203383  1473.240445     0.597132   109.955595    58.541715    51.413896    56.080787     55.90107            0   288.164851   283.814791    89.380333     2.938256     -0.47333
        1893    -0.364847    293.47699   525.849184  1472.563401     0.494044   108.228109    57.459404    50.768721    56.388793    55.612265            0   288.203544   283.935069    90.318802     2.201322    -0.099484
        1894     0.942808   293.790985    525.26414  1472.317326     0.374433   108.016721    57.799489     50.21726    55.288941    55.525879            0   287.949221   283.636728    91.229378     2.858627     0.483013
        1895     1.611319    294.07901   525.085309  1472.929081     0.334455   108.642351    58.318171    50.324172    55.016564    55.642326            0   287.954344   283.611806    92.191147     2.854684     0.014008
        1896     1.218753    294.36499   524.765935  1473.459213      0.52246   108.491401    58.012256    50.479146     55.26563    55.668742            0   288.024116    283.63136    93.028709     2.662887    -0.127021
        1897     0.138744   294.645996    524.03179  1473.584216     0.489343   108.151579     57.48251     50.66905    55.766777    55.486817            0   288.259572   284.045173    93.820282     2.729858    -0.404963
        1898     0.176524    294.95401   524.138018  1472.627522     0.448582   110.230745    58.677375    51.553375     56.92395     55.67193            0   288.345758   284.130069    94.566429     2.899212    -0.295325
        1899     0.476441   295.299988   524.064374  1471.718888     0.384778   109.053697     58.24539    50.808296    56.188737    55.635812            0   288.206016   283.957951    95.373055     2.683233     0.355708
        1900     1.013242   295.674988   523.658291  1471.665705      0.51271   108.190198    57.862836    50.327317    55.410116      55.5058            0   288.135555   283.748247    96.553864     2.763165     0.148867
        1901     0.909553   296.006989   523.348388  1471.504739     0.790494   109.043928    58.115502    50.928458    55.922613    55.561451            0   288.302362   283.986057    97.658356     2.863921    -0.200196
        1902     -1.59155   296.325012   522.607379   1470.11218     0.618843   108.023826    57.031418    50.992423    57.120699    55.180655            0   288.454435   284.371423    98.591125     2.591757    -0.547484
        1903     2.240446   296.653992   522.196189  1469.461198     0.814402   108.614253    58.320601    50.293657    54.778377    55.278411            0   287.980417   283.566719    99.478004     3.453374     1.151018
        1904     1.746512    296.95401   522.180355  1470.137707     0.719771   108.506755     58.12267    50.384068    54.887008    55.431368            0   288.049717   283.599125   100.359795     2.707152    -0.132149
        1905     1.074001   297.289001   521.646101  1470.562746     0.603086    108.26408     57.85005    50.414023    55.229761    55.477666            0   288.110779   283.767066   101.289948     2.906645    -0.177134
        1906     0.911074   297.661987   521.249903  1470.508789     0.565357   108.575667    58.022814    50.552808    55.588797    55.316564            0   288.149775   283.860882    102.16774     3.102492    -0.218277
        1907       0.7356   298.097992   521.106321  1470.210401     0.650224   109.049166    58.054624    50.994528    55.992655    55.552608            0   288.274355   284.030352   103.065094     2.645612    -0.141659
        1908    -0.018132   298.518005   520.419153  1469.419236     0.547544    108.84205    58.021372    50.820679    56.554355    55.506241            0    288.23929   283.915766   103.841057     3.202298    -0.256948
        1909     1.004265   298.936005   519.824268  1468.873862     0.566518   108.055552    57.846847    50.208711    55.357898    55.429164            0   288.117926   283.832332   104.713219     3.012561     0.616641
        1910     1.502632   299.376984   519.645677  1468.935933     0.598107   108.681446    58.232361    50.449076    55.359707    55.229698            0   288.175283   283.849301   104.917007     3.181264     -0.19208
        1911     0.238487   299.828979    519.48994   1468.35884     0.777399   109.013054    57.982781    51.030264    56.563291    55.361801            0   288.424866   284.132061   105.432617     2.776725    -0.624397
        1912    -0.830218   300.352997   518.746027  1466.837232     0.724322   108.023908    57.136422    50.887484    56.870209    55.537279            0   288.457622   284.300104   105.915855     2.343058     0.188678
        1913     1.407713   300.910004   517.334763  1466.277026     0.758299   106.857983    57.161729    49.696262    54.757315    54.912244            0   288.019598   283.701234   106.495903     3.660741     0.715135
        1914     2.867849   301.418976   517.593219  1466.575145     0.972153   108.846984    58.583158    50.263819    54.830218    55.050573            0   288.056548   283.688608   106.945992     3.274136    -0.077764
        1915     2.856213   301.936981   518.561221  1466.386608     0.766884   111.173135    59.624828    51.548311    55.677292    55.224344            0   288.329204    284.11046   107.548622     3.432478    -0.264411
        1916    -0.254302   302.484985   519.142989  1465.355805     0.844999   109.625033    58.026125    51.598905    57.304876    55.494967            0     288.5292   284.446204   108.210449     1.949394    -0.779106
        1917    -0.784382   303.010986   518.103886  1463.386444      0.81815   107.660151    57.043862    50.616296    56.772611    55.034345            0   288.449682     284.3671   108.879417     3.048613     0.231095
        1918     1.489757   303.448975   517.231239  1462.625569     0.750997   107.831986    57.849198    49.982793    55.040451    55.030633            0   288.077235   283.673676   109.484406     3.691206     0.751057
        1919     2.472664   303.813995   517.439903  1462.960333     0.838906   108.815957    58.446643    50.369292    54.575194    55.069194            0   288.115345   283.715674   110.081253     3.168807     0.159237
        1920     2.301427   304.246002   517.741132  1463.201226     0.906632   109.956608    58.857143    51.099471    55.253935     55.40885            0   288.292366   283.965008   111.792076     3.147057    -0.085978
        1921     0.839412   304.599976   518.000489   1462.87806     0.910707   109.921584    58.556603    51.365007    56.227077    55.288228            0   288.462122   284.283736   113.107056     3.008992    -0.615682
        1922    -0.574721   304.944977   517.237746  1461.682428     0.817403   107.836673    57.220796    50.615878     56.16927    54.970069            0   288.343409   284.230208   114.245071     3.013469    -0.003569
        1923      1.66689   305.270996   516.924924  1461.226878     0.841672   108.707319     58.34834    50.358979    55.025431    55.073996            0   288.096895   283.811941   115.154686     3.587166     0.504116
        1924     1.778956   305.629974   516.483708  1461.458462     0.891608   108.379312    58.126778    50.252557    54.795543    55.201633            0   288.090226    283.65415   115.907211     3.366337     0.174505
        1925     1.520254   305.812988   516.699035  1461.650552     0.676854   109.405352     58.63408    50.771281     54.96925    55.129487            0   288.145292   283.831349   116.613564     3.289256    -0.031852
        1926     1.107533   305.953979   516.869723  1461.595218     0.739614   110.178638    59.018267    51.160369    55.718624    55.340843            0   288.234878    283.97062   117.384476     3.506738    -0.322447
        1927     1.146939   306.176971   517.671722  1460.843728     0.713987   111.286728    59.587618    51.699091     56.37462    55.311154            0   288.390857   284.121964   118.217499     3.474484    -0.311977
        1928    -1.043344   306.328979   517.417328  1460.017996     0.578371   108.317522    57.459644    50.857888    56.123689    55.426924            0     288.4338    284.25222   118.979134     2.287105     0.128967
        1929     0.523241   306.494995   516.991069  1459.208391     0.551842   110.211163    58.946091     51.26509    56.031824    55.304378            0    288.35358   284.202761   119.818069     4.067953     0.082159
        1930     0.516507   306.619995   516.773608  1458.832541      0.58693   108.822914    58.327252    50.495689    55.275294    55.308291            0   288.194752   283.874122   121.518066     3.236396     0.408847
        1931     1.058103   306.821991   516.289883  1458.945416     0.745062   109.056204    58.404497    50.651712    55.087682    55.222162            0   288.288696   283.917735   122.979614     3.666055     0.021604
        1932      0.75621   307.092987   516.362954  1458.673276     0.638586   110.571835    59.203933    51.367918    56.184632    55.410325            0   288.400974   284.154297   124.295456     3.720522    -0.502167
        1933     0.758857   307.401978   516.235546  1458.020686     0.657453   109.630278    58.737982    50.892316    55.795787    55.202523            0   288.371661   284.208394   125.567833     3.662847     0.059326
        1934     1.148734   307.784973   516.141014  1457.608191     0.797224   109.607597    58.741191    50.866424    55.686407    55.433767            0   288.389252   284.186085    126.64286     3.401938     0.159855
        1935     0.751605    308.22699   516.059722  1456.995024      0.76844   110.189351    58.812985    51.376369    56.227734     55.32771            0   288.468904   284.279443   127.665573     3.566564    -0.286857
        1936     2.731925   309.011993   515.870801   1456.46298     0.821137     110.3544    59.279486    51.074933    55.462853    55.532208            0   288.258282   284.058716   128.658234      3.93618     0.601399
        1937     3.630588   309.763977   516.258061  1456.772102     0.788027   110.824467    59.811503    51.012952    54.977381    55.493045            0    288.19035   283.945125   129.663025      3.93121     0.206542
        1938     1.655198   310.293976   516.633073  1457.151077     0.847553   109.839113    58.882293    50.956826    55.588218    55.318191            0   288.403971    284.18904   130.660675     3.189085    -0.649002
        1939     1.457955   310.850983   516.483736  1456.618346     0.780703   110.521895    59.100363    51.421551    55.980274    55.471095            0   288.482938   284.205461   131.505737     3.778585     0.023553
        1940     0.027097   311.356964   515.753956  1455.810183     0.841148   110.157877    58.487762    51.670123    56.623216    55.540693            0    288.62026   284.537423   133.535049     3.676842    -0.274361
        1941    -0.040956   311.810974   514.791179  1454.801938     0.839421   109.039583    58.052073    50.987486    56.089312    55.250877            0    288.48582   284.280099   135.401489     3.763997     0.169809
        1942     0.982734   312.171967   513.553594  1454.524021     0.747167    108.40959    58.199308    50.210277    54.891141    55.122705            0   288.284468   284.118314   136.920685     4.314193     0.509481
        1943     2.168025   312.389984   513.280488  1454.969237     0.911838   109.774554    59.229159    50.545387    54.571428    55.289112            0   288.154844    283.83984   138.230896     4.213163     0.272469
        1944     1.502356   312.412964   513.539048  1455.323696     1.000069    112.04302    60.157208    51.885782    55.803443     55.46222            0   288.512107    284.36162   139.393219     4.436457    -0.695682
        1945    -2.843369   312.384979   513.186203  1453.977484     0.868494   108.544444    57.409175    51.135285    57.138108     55.20953            0   288.596465   284.553915   140.625336     2.552475    -0.582366
        1946     0.293253   312.389984   511.811896  1452.951671     0.814595   109.569429    58.833724    50.735707    55.417115     55.20545            0   288.343423   284.217349   141.771942     5.002577     0.814149
        1947     1.595034   312.485962   511.937691  1452.894141     0.681159   110.619203    59.716486     50.90274    55.038595    55.270407            0   288.209512    283.98592   142.821533     4.320262     0.289342
        1948       1.8869   312.520966   512.256423  1453.381984     0.777171    110.87962    59.855871    51.023747    54.820756    55.403188            0   288.281424   284.000602   143.809891     4.133953      0.09459
        1949     0.898527   312.631958   512.655049  1453.579263     0.729901   111.299552      59.7154    51.584178    55.764755     55.45304            0   288.438749    284.18473   144.921692     3.863709    -0.508995
        1950    -1.195361   312.820984   511.933273  1452.554105     0.686922   110.051925    58.633666    51.418276    56.652675    55.266175            0   288.561631   284.427958   148.672043     4.089249    -0.361343
        1951     1.240041   313.013977   510.933191  1452.206782     0.495236   110.180727    59.394477    50.786262     54.69548     55.38402            0   288.243672   283.908078   151.643585     5.010527     1.035863
        1952     1.242552    313.34198   510.461926  1452.880192     0.537853   110.423485    59.423386    51.000089    54.994021    55.369605            0   288.239961   283.747778   153.935089     4.525056    -0.297826
        1953    -0.243506    313.72998   509.356028  1452.814018     0.573552   109.285461    58.446827    50.838599    55.619022    55.233522            0   288.457323   284.281686   156.195389     4.319238    -0.319325
        1954     0.257789   314.094971   507.732589  1452.774832     0.578473   108.659611    58.373919    50.285651    54.950086    55.148496            0   288.292208   284.007952    158.24263     4.848903     0.237596
        1955     1.265757   314.414978   507.186557  1452.980373     0.542881   110.224866    59.414978    50.809907      54.8116    55.039334            0   288.295068   284.030697   160.059219     4.921657     0.022193
        1956      0.75466   314.697968   507.202402  1452.620216      0.60431   112.373404     60.38131    51.992121    56.209456    55.230192            0   288.542059   284.453907   161.855942     5.135246    -0.619107
        1957     -1.21219   314.991974   506.084392  1451.581246     0.748754   108.392823    57.788192    50.604655    55.717588    55.115198            0   288.474172   284.271352    163.65625      3.79098     0.436579
        1958     1.445805   315.344971   505.083662  1451.464189     0.726562   110.326782    59.601855    50.724931    54.927814    55.007957            0   288.283546   284.070368   165.426605     5.594624       0.1972
        1959     1.226979   315.806976   504.465721  1451.694538     0.792609   109.403112    58.957268    50.445851    54.773313    55.097475            0   288.327164   283.989025   166.983688     4.477727     0.093814
        1960     2.168273   316.624969   504.328869  1451.769562     0.912795   110.676853    59.453589    51.223298    55.602109    55.231237            0   288.537742   284.296864   163.121384     4.359171    -0.445896
        1961     0.426778    317.29895   504.398082  1450.519834      0.91696   110.548632    59.039706    51.508942     56.71108    55.072945            0   288.658917   284.631385   161.269073     3.897531    -0.388406
        1962     3.329176   318.043976   504.194019   1450.14738     0.838036   109.979514    59.439946    50.539573     54.29196    55.168499            0   288.241529   283.928606   160.324585     4.475506     1.248993
        1963     5.118213   318.649963   504.728378  1451.496066     0.949228   111.543955    60.747393    50.796553    53.627662    55.260642            0   288.043798   283.600904   159.922058     4.952401     0.284294
        1964     5.340393   319.332947   506.009841  1453.235859     1.084307   112.115892    60.967619    51.148268    53.891067    55.572178            0    287.99755   283.534357   160.036682     4.113983    -0.058683
        1965     3.425002   319.815948   506.753603  1454.592307     0.963583   112.140487    60.555267    51.585272    54.831665    55.746034            0   288.205787     283.8351   160.560959     4.065419    -0.442079
        1966     2.398115   320.879974   506.844678  1454.631094     0.977873   111.350831    59.680442    51.670383    56.192072      55.6163            0    288.42919   284.309385   161.444565     3.973072    -0.614559
        1967     2.902924    321.47995   506.379511  1454.797786     1.043119   110.317366    59.519527     50.79781    54.585077    55.429265            0   288.170418   283.849271   162.231339     4.555458     0.677495
        1968     5.317821   322.388947   506.789151  1455.927876     1.042637   112.265584    60.960814    51.304778    54.241222    55.802237            0   288.105452   283.700633   162.948181     4.748928     0.430926
        1969     4.359423   323.250946   507.353225  1457.263256     1.100834   111.906712    60.484875    51.421818    54.664355    55.650658            0   288.305005   283.963381   163.859787     4.270162    -0.349077
        1970     4.025116   324.782959   507.480466  1457.533557     1.250395   111.812124      59.9626    51.849514    56.062298    55.738633            0    288.46532   284.288016   164.326828     4.096736    -0.593966
        1971     4.178609   325.399963   507.627326   1457.85878      1.14852   112.555169    60.985953    51.569206    54.856038    55.867993            0   288.219161    283.87806   165.073196      4.97111     0.686733
        1972      7.07053   327.348969   508.025933  1459.070915     1.440789   111.976918    60.591545    51.385365    54.672934    55.810041            0   288.197795    283.82283   165.777786     4.382905    -0.075028
        1973     8.523504   329.908966    508.45038  1460.051806     1.592161   112.818847    60.995959    51.822903    55.063072    55.885103            0   288.353363   284.090617   166.568893     4.686394     -0.15886
        1974     3.876318   330.755951   508.603883  1460.860337     1.524699    112.07281    60.396264    51.676549    55.367692    56.104548            0   288.396568   283.987456   167.466782     4.138211    -0.071675
        1975     1.679029   330.826965   508.739303  1461.184186     1.541614   113.428719     60.94507    52.483638    56.464771    56.313183            0   288.534784   284.275237   168.224808     4.496478    -0.475438
        1976     3.439958   331.544952   508.562545  1460.861538     1.429869   113.189865    61.085497     52.10435    56.069231    56.196756            0   288.419438   284.197402   169.115768     5.065517     0.450173
        1977     8.184087   333.352936   509.651276  1461.802332     1.447036   114.461981    62.350288    52.111705     54.91906    56.298413            0    288.19657   283.803155   169.966904     4.963132     0.438558
        1978     7.256796   335.009949   510.937976  1463.048572      1.56372   114.271563    62.030728     52.24084    55.290946    56.341807            0    288.28093   283.864962   170.934814     4.402216    -0.195379
        1979     6.751604    336.60495     511.6489  1464.143694     1.685555   113.766468    61.531545    52.234935    55.261367    56.479163            0   288.370123   283.983058   171.877716     4.341446     0.122675
        1980     7.598902   338.704956   512.057777  1464.873316      1.89116   115.826486    62.442019    53.384478    56.424915    56.656473            0   288.547094   284.214095   174.513077     5.376658    -0.498064
        1981     3.889713    340.05896   512.189594  1464.655667     1.836984   113.768862    60.984898    52.783958    56.976914     56.58877            0   288.644078   284.572284   176.684204     4.264318    -0.170496
        1982     4.788099   340.643951   512.069035  1465.144531     1.659668   114.148895    61.966526    52.182325    55.222469    56.393316            0   288.299061   283.964142    178.27446     5.693812     0.681984
        1983      9.40791   342.265961   513.542862  1466.721772     1.936554   116.661993    63.788536    52.873447    54.874825     56.64839            0   288.213862   283.789327   179.741257     5.666329     0.196323
        1984     7.690506   344.007935   514.798648  1468.266477     2.002155   115.741016    62.742554    52.998471    55.807878    57.089191            0   288.369239   283.900135     181.2435     4.397569    -0.263392
        1985     6.834089   345.458954    515.95346  1468.863498     1.975481   118.510508     64.10626     54.40427    57.364163    57.291061            0    288.68026   284.551804    182.60968     5.660364    -0.670123
        1986      5.49699   346.902954   517.093553  1468.447314      1.95044   116.756582     62.88175    53.874817     57.38684    57.111683            0   288.683814   284.767795   184.110687      4.62999     0.141027
        1987     9.205223   348.774933   518.242614  1469.140158     1.911758   117.966187    64.344994    53.621179    55.966388    57.418791            0   288.380818   284.173203   185.613388     5.777156     0.759558
        1988    11.016636    351.27594   519.918906    1470.7309     2.147066   118.811022    64.811505    53.999535    56.135079    57.833445            0   288.395421   284.147603   187.153214      5.30175     0.107624
        1989     8.628115   352.893921   521.521567  1472.513406      2.13182   118.382851    64.398184    53.984668    56.194507    58.011399            0   288.530904   284.358736   188.606659     4.784122     0.034387
        1990     7.071375   354.072937   523.284063   1473.69869     2.172031   120.373181    65.227103    55.146062    57.834585    58.284988            0   288.703602   284.610479   187.759613     5.179636    -0.734881
        1991     4.887556   355.352936   524.553504   1473.34675     2.099069   118.675777      63.8176    54.858202    58.764769    58.299452            0   288.866086   284.892291   187.665421     4.248682    -0.113378
        1992     7.672498   356.228943   524.837507  1474.690874     2.203421   117.832016    64.216269    53.615783    55.636085    58.519355            0   288.204936   283.835994    187.47995     5.412874     1.539146
        1993     8.309318   356.924957   526.456638  1477.731073     2.002659   119.188815    65.216892    53.971934    55.439793    58.392085            0   288.126415   283.767853    187.46727     5.205666    -0.087907
        1994     9.208395   358.253967   528.333676  1480.521323     1.931355   120.253667    65.657418    54.596278    56.266414      58.8465            0   288.350417   284.022592   187.548874      4.93385    -0.210165
        1995      9.46041   360.238953   530.351243  1482.329606     2.052126   121.534684    66.053752    55.480926    57.915168     58.92959            0   288.578716   284.369216   187.855301       5.1066    -0.793861
        1996      8.63418   362.004974   532.435448  1483.244936     2.044195    122.70522    66.505669    56.199579    58.702447    59.506279            0    288.70211   284.574127   188.166092     4.915157    -0.111498
        1997     5.071306   363.251953    533.84978   1483.30909     2.073172   120.709271    64.897439    55.811816    59.578021    59.113992            0   288.814939   284.849241   188.707047      4.36913    -0.528182
        1998    10.527798   365.932953   534.310749  1484.112479     2.125073   119.879216    65.146594    54.732666    57.480046    59.371399            0   288.434982   284.238897   189.051498     5.314183     1.087963
        1999    10.300338   367.844971   535.836115  1486.079315     2.125192   121.831586    66.510379    55.321234    57.422553    59.614307            0   288.434243   284.291556   189.548141     5.370679     0.224918
        2000     7.652021   369.124969    537.16618  1487.823703     2.122941   122.753495    66.807309    55.946214    58.680699    59.782634            0   288.610613   284.480131   193.849167     5.694581    -0.642453
        2001     6.760366   370.673004   538.973728   1488.37188     2.146934   122.338086    66.073093    56.264993    59.723102    59.827418            0    288.82886   284.851789   192.420883     4.438127    -0.443862
        2002     9.084621   372.834991   539.713336  1488.817594     2.329165   122.502353    66.425451    56.076903     59.01071    59.799149            0   288.764589   284.725111   195.178925     5.886692     0.342725
        2003    10.556624    375.41098   540.735917  1489.991383     2.451074   123.256619    66.931264    56.325347    58.683325    60.096458            0   288.759132   284.634277   200.797485     5.812234     0.239344
        2004     5.949562      376.987   541.656966  1490.393444     2.372923   123.665431    66.549219    57.116251    60.812951     60.26004            0   289.017708   284.979709   201.854309     5.368091    -0.954972
        2005     6.922638   378.907013   543.050938  1489.345995     2.353467   123.958413    66.825538     57.13286    61.070183    60.086935            0   289.037586   285.180947   200.298843     5.344646     0.064202
        2006    10.978564    381.01001   544.990912  1489.723359     2.370647   124.767683    68.181583    56.586107    58.823182    60.379549            0   288.652738   284.634841   199.604446     5.862053     1.179003
        2007     9.745134   382.603027    546.90678  1491.846993     2.529408   123.307742     67.31243    55.995314    58.115131    60.345652            0   288.628114   284.467467   201.197144     5.050908     0.106886
        2008    10.550129   384.739014   548.634958  1493.701307     2.572175   125.045263    68.165462    56.879794    59.307675    60.847354            0   288.799775   284.657272   202.346313     5.589937    -0.314634
        2009     8.425644   386.280029   549.401972  1495.044128     2.457535   125.864088    68.465876    57.398247    59.673665    60.863884            0    288.91043   284.841915   211.550598     6.834944    -0.152602
        2010     8.322052   388.717041    550.92063  1495.441123     2.598132   125.428075    67.612734    57.815348    61.274118      61.0045            0   289.154267   285.249236    211.70755      5.08957    -0.666613
        2011     9.574958      390.944   551.287919  1496.038021      2.68472   124.897937    67.784434    57.113534    59.785158    61.302033            0    288.92998   284.962928   213.469543     6.115081     0.919977
        2012     9.987942   393.015991   551.710806  1497.612344     2.720023   125.611224    68.427883    57.183288    59.619061     61.38838            0   288.855023   284.834857   215.675705     6.616669     0.194996
        2013    11.710119   395.724976    552.65583  1499.643874     2.784649   126.546927    69.103616    57.443307    59.841552    61.651223            0   288.951678   284.931061   219.072113     6.507373    -0.221859
        2014     9.905282   397.546967   554.859816  1501.090706     2.720123   128.310988    69.824453    58.486566    60.581129    61.754154            0   289.100214   285.050944    218.87384     5.866283    -0.273807
        2015     7.815685   399.949097    556.10181  1501.237641     2.786489   126.125198    67.863185    58.261985    62.161002    61.628155            0   289.303856   285.538521   217.623428     4.993064    -0.679782
        2016    11.993406   403.116974   556.841427  1501.822123     2.780201   126.293988    68.670661    57.623333     60.41126    61.951317            0   288.991329    285.04695   217.305664     5.979721     0.955575
        2017     11.61638   405.761963   557.675454  1503.580772     2.910948   126.018297    68.693088    57.325198    59.875531    61.782764            0   288.867086   284.861999   217.023193     6.076309     0.148584
        2018    13.220601   408.631958   560.081226  1505.265265     2.933061   129.424706    70.729047    58.695689    60.811141    62.408987            0   289.055368   285.101983   216.981628     5.914258    -0.086648
        2019    11.651156   411.505951   561.937431  1506.628705     2.975761   129.618389    70.327899    59.290495    62.018216    62.782872            0   289.233013   285.242787   217.332245     5.688817    -0.598784
        2020      9.17006   414.389954   563.369506  1506.265459     2.926144   129.043387    69.494335    59.549091    63.716075     62.67458            0   289.468151   285.829454   216.510849      5.38764    -0.678249
        2021    12.464347   417.286957    565.20374  1506.319502     3.084232   129.993922    70.758091     59.23585     61.89729     62.83325            0   289.218938   285.301003   216.255859     6.090589     0.881917
        2022    11.706401   420.197968   567.121461  1507.067856     3.194326   129.884858    70.334928    59.549917    62.359234    62.926577            0   289.379276   285.570185    216.45253     5.490644    -0.181011
        2023     10.18966   423.124969   568.615963   1507.24896     3.328277   130.462975    70.136316    60.326644    63.713881    63.236529            0   289.602658   285.895598   218.223602     5.405299    -0.658455
        2024      10.8505    426.06897   568.980569  1506.980185     3.208329   129.221162    69.880624    59.340519    62.624028    63.307576            0   289.347297   285.543116   219.967926     6.208461     0.952324
        2025    14.133745   429.029968   570.868111  1508.377742     3.285448   131.796767    72.058711    59.738049    61.605854    63.369614            0   289.149136   285.240657   221.458374     6.801562     0.366202
        2026    13.541048   432.010956    572.94268  1510.411855     3.250846   131.076091    71.511398    59.564724    61.612706    63.853131            0    289.14189    285.07638   223.010803     5.583668     0.206312
        2027    13.664936   435.011963   574.774209  1512.425829     3.187931   132.356091    72.219874    60.136198     62.15917    64.051458            0   289.254633    285.34315   224.190109     6.336905    -0.121686
        2028    12.146758   438.032959   577.117775  1513.571751     3.251492   134.455295    72.819005    61.636277    64.353754    64.330654            0   289.520528   285.743145   225.157913     6.144798    -1.169022
        2029    10.306161   441.076965   578.653571  1513.028811     3.240167   131.866341    71.025465    60.840842    64.349261    64.173874            0   289.578167   285.882292    227.15062      5.31583     0.367554
        2030    13.600087   444.142944   579.768226  1514.142155     3.262324   132.484138    72.338714    60.145411    62.472818    64.506142            0   289.254013   285.503167   227.806961      6.71793     0.919979
        2031    14.801449   447.231964   581.492916  1516.721666     3.371304   133.381084    72.940664     60.44044     62.02807    64.941636            0   289.177502   285.215228   228.523544     6.274318     0.334055
        2032    13.867498   450.332947   583.549179  1519.128513     3.505101   134.889966    73.369554    61.520438    63.537956    65.177786            0   289.515931   285.729441   229.059921     6.135478    -0.767017
        2033    10.023322   453.434967   585.019059  1519.494681     3.432321   133.287318    71.643189    61.644138    65.569289    65.142781            0   289.734955   286.164252   229.968155     5.030519    -0.792676
        2034    12.734636   456.540955   585.709256  1519.787733     3.336747   133.973795    72.769053    61.204724    63.898024    65.039441            0    289.54282   285.821703    230.54744     7.039432     0.848365
        2035    13.809919   459.651947   587.555225  1521.520707     3.446691   134.516376    73.220809    61.295541    63.417192    65.319886            0   289.489196   285.597647   230.788635     6.054981      0.16972
        2036    13.580923   462.769958    589.15188  1523.115671     3.627299   135.332826    73.580296    61.752566    64.186418    65.785587            0   289.529862   285.768651   231.093018     6.198017     0.004205
        2037    13.549312   465.896942   590.936874   1524.77656     3.430988   136.075224    74.011903    62.063361    64.486486    65.841868            0   289.622056   285.853578   231.493484     6.385001    -0.305506
        2038    11.926859   469.032959   593.382783   1525.08675     3.450435   137.194184    74.108317    63.085867     66.22394    65.926058            0    289.81875   286.231706   232.073959      5.73635    -0.608072
        2039    14.922033   472.178955   595.717898  1526.002558     3.353927   138.060553    75.347193    62.713373    64.369436    66.362925            0   289.595227   285.886737   232.762711      6.64914     1.077681
        2040    14.834667   475.335968   598.269734  1528.277399     3.362434   138.032765    75.292035    62.740735    64.471017    66.913233            0   289.517537   285.671601   232.593948     5.826961     0.167375
        2041    14.742509   478.503967   600.985089  1530.365893     3.496685   139.582253    76.002716    63.579509    65.443816    67.051296            0   289.734773   286.030058   232.866745     6.236094    -0.481013
        2042    11.749299    481.67395   603.566906  1530.976604     3.283238    139.39105    75.170925    64.220164    67.367853    67.245803            0   290.037702   286.523212   233.455261     5.343265     -0.73276
        2043    13.248658   484.837952   605.119918  1531.540264     3.349669   139.013921    75.454305    63.559588    66.194628    67.233847            0   289.787816   286.155222   234.001953     6.667475     0.475558
        2044    14.432385   487.995941   606.729264  1533.293478     3.515795   138.130523    75.293309    62.837218    64.961733    67.456318            0   289.533772   285.794322   234.642807      6.22764     0.741372
        2045    15.265652   491.149963   609.368992  1535.835754     3.510894   140.482799    76.635332    63.847472    65.471478    67.902495            0   289.686938   286.062763      235.181     6.093103    -0.111259
        2046    12.655466   494.299957   611.425642  1537.481019     3.421335    140.89229    76.086439    64.805894     67.38657    68.117529            0   289.987519   286.393201   236.233124     5.912217    -0.914305
        2047    10.965655    497.44696    612.28074  1537.704844     3.553428   138.504198    74.447098    64.057095    67.522408    67.919358            0   289.954494    286.39045   237.307495     5.672648     0.173125
        2048    13.533111   500.591949   612.903099  1539.204711     3.613353    138.98765    75.388444     63.59923    65.927564    68.122581            0   289.708212   285.930025   238.029373      6.64348      0.69515
        2049    14.788713   503.733948   614.134983  1541.490443     3.638255     140.3523    76.405703    63.946599    65.713473    68.213731            0   289.724051    285.99535   238.746078     6.960085     0.214527
        2050    13.993409   506.874969   616.223895  1543.879523     3.552879   141.511965    76.794043     64.71791    66.838582    68.790024            0    289.94434   286.234305   238.902496     5.915119    -0.437638
        2051    12.516438   510.013947   618.263979  1544.880103     3.607157   142.800764    77.063224    65.737544    68.629657    68.861966            0   290.168343   286.560345   239.235184      6.16117    -0.768271
        2052    11.581402   513.136963   619.371607  1545.100167     3.559353   140.422704    75.809566    64.613119    68.203951    68.612421            0   290.009464   286.422127   239.658096     6.089536     0.188406
        2053    15.798195    516.22998   621.850941  1546.391828     3.467947   144.119201    78.801736    65.317485    66.812134    68.873746            0   289.846593   286.258801   240.302109     7.448635     0.769951
        2054    14.946459   519.291931   624.700092  1548.801433     3.547637     143.3028    78.111914    65.190879    66.949198    69.629338            0   289.881754   286.091436   241.230804     5.633432     0.270535
        2055    13.443551   522.325928   626.879903  1550.613277     3.608107   144.646587    78.248542    66.398038    68.567087    69.629293            0   290.163304   286.573827   242.084763     6.439444    -0.749638
        2056    10.392699    525.33197   628.324486  1551.150367     3.649266   142.892103    76.486644    66.405451    69.818328    69.858211            0   290.357906   287.028742   242.647675     5.183859    -0.497207
        2057    13.135585   528.309937   628.890682  1551.874753     3.650929   143.440536    77.693019    65.747546     68.23418     69.77857            0   290.049905   286.427703   243.224533     7.348224     0.820004
        2058     13.97061   531.260986    630.19684  1554.073768     3.649957   142.981241    77.670185    65.311057    67.280075    69.953539            0   289.922861   286.345834    244.09494     6.410486     0.474449
        2059    13.884061   534.185974   632.559926  1556.333535     3.739779   146.186935    79.360208    66.826719    69.105322    70.544707            0   290.201955    286.64078    244.45488     6.452423    -0.820381
        2060      9.64519   537.084961    633.80761  1556.497612     3.540312   144.107083    77.332231    66.774805    71.011756    70.533011            0    290.43562   286.953595   245.178421     5.551583    -0.642822
        2061     13.38434   539.957947   634.961523  1557.168261     3.523168   145.539165    79.104642    66.434538    68.979153    70.654606            0   290.112833   286.677133   245.794037     7.296108     1.004804
        2062     14.50029   542.794983   637.431255  1559.279144     3.595091   146.119217    79.656424    66.462772    68.393195    70.730095            0   289.958298   286.437941   246.459946     6.456619     0.226017
        2063    12.446008   545.586975   638.749982  1561.795231     3.534397   143.991373     78.00237    65.988989    68.657896    71.080517            0   290.089528   286.511143   246.753418     5.603141    -0.093466
        2064    12.507232   548.334961    640.03646  1563.316632     3.749837   146.941773    79.348912    67.592894    70.057885    71.035626            0   290.353005   286.887306   246.884521     7.026775    -0.543659
        2065     9.463562    551.03894   641.169935  1563.625441     3.648782   145.293501    77.856999    67.436514    71.402337    71.051728            0   290.575807   287.348846   247.414337     5.671784    -0.659419
        2066    11.821901   553.699951   641.371249  1564.279903     3.606278   144.313745    78.176979    66.136762    69.214249    70.952936            0   290.164666   286.681851   247.976944     7.022732     1.084225
        2067    13.604074    556.31897   642.730023  1566.664882     3.409464   146.031888    79.560081    66.471808    68.506074    71.372242            0   290.071711   286.448513   248.655624     6.829065     0.481189
        2068    12.961494   558.894958   644.494109  1569.279895     3.446884   147.388415    80.084482    67.303887    69.582304    71.700863            0   290.188893   286.546673   249.321838     6.619579    -0.496454
        2069      8.96748   561.430969   645.798987  1570.203606     3.414162   146.076499    78.331648    67.744852    71.727064    71.833223            0   290.503229   287.120529   249.755325     5.193546    -0.817552
        2070    11.090353   563.924988   646.093711  1570.870393     3.463304   146.513837    79.174805    67.339085    70.427582    71.612617            0   290.298312   286.870485   249.890076     7.267411     0.518249
        2071    12.405991   566.379944   647.088855  1572.803553      3.49684   146.371663    79.474955     66.89671    69.367357    71.833666            0   290.097899   286.510023   250.041443     6.646142     0.533148
        2072    11.180423   568.771973   648.445905  1574.929432     3.471445   147.474499    79.581741    67.892763    70.524936    72.235612            0   290.364957   286.874301   250.189285     5.989074    -0.415202
        2073     6.990818   571.082947   648.470831  1575.481638     3.292261    144.53441    77.239869    67.294528    72.038115    71.843574            0   290.587006   287.299913   250.408386     5.371382    -0.746748
        2074    12.136538   573.313965   649.515396  1575.986221     3.233617   149.966768    81.574343    68.392448    70.988577    72.326304            0   290.280191     286.9037    250.66684     8.203452     0.833143
        2075    11.603911   575.465942      650.867   1578.14981     3.312181   146.305376    79.566563    66.738799    69.432521    72.270362            0   290.060708   286.476664   250.865936     5.944612     0.674252
        2076    12.162037   577.539978   652.552376  1580.822962     3.312712   149.596595    81.388428    68.208171    70.534796    72.833041            0   290.245092   286.610687   250.788757     6.870006    -0.374906
        2077     9.503448   579.536987   654.266855   1582.41985     3.293308   149.510078    80.669808    68.840251    72.319992    72.945284            0   290.548427    287.04958   250.741379     6.010065    -0.971598
        2078     9.745056   581.457947    655.79061  1582.665814     3.263875   149.953633    80.989614    68.964032    72.213441    72.993723            0   290.543634   287.105419   250.704102     6.472123     0.534319
        2079    10.366443   583.303955   657.168563  1584.389173     3.204285   148.719842    80.547392    68.172494    70.938774    73.112875            0    290.35985   286.820445   250.694794     6.056519     0.450741
        2080    10.244561   585.073975   658.848983  1586.145508     3.188646   151.568361    82.035216    69.533101    72.366176    73.750819            0   290.558913   287.197963   250.602753     6.604021    -0.371693
        2081     6.362932   586.769958   659.700645   1586.66305     3.080396   149.147085    79.920184    69.226876    73.859316    73.389627            0   290.742359   287.551389   250.959671      5.67892    -0.987231
        2082     9.485862   588.377991   660.093739  1587.283581     3.037317   149.275636    81.071943    68.203733    71.653846    73.513675            0   290.409199   286.962692   251.188766     7.165134     1.239298
        2083    10.442397   589.885986   661.343088  1589.674088     3.065705   149.283871    81.304256    67.979643    70.782866    73.616393            0   290.248245   286.678151   251.000473     6.438486     0.443019
        2084     9.602995   591.295959    663.43356  1592.128017      2.98195   151.630963    82.268298    69.362633    72.302641    74.060358            0   290.433539   286.942688   250.636368       6.1175    -0.696212
        2085     8.559412   592.608948   664.738818  1593.914837     3.011905   150.457988    81.304293    69.153701    72.243418    74.042365            0   290.565926   287.187429   250.321243     5.956664     0.012126
        2086     7.418678   593.824951   665.531173  1595.256961     3.102176   150.035659    80.923544    69.112133    72.908097    73.980978            0   290.629202   287.300688    249.98172     6.150193    -0.269242
        2087     6.357328   594.944946    666.17099   1595.97554     2.986096   150.001238    80.766493    69.234739    73.507283    73.835601            0   290.649435   287.297079   249.652176      6.29108    -0.390261
        2088     8.913714   595.969971   666.741254  1597.251833     3.273304   150.216848    81.510588    68.706276    71.775525    74.186161            0   290.300163   286.722228   249.367111     6.754148     1.134343
        2089     8.646897   596.899963     668.2681  1599.820861      3.03813   150.913336    81.801677    69.111701    71.923658    74.405199            0   290.510655   287.109504   249.137939      5.86959    -0.087487
        2090     7.650016   597.734985   669.735571  1601.542992      3.17998   152.175419    82.274292     69.90108    73.385239     74.45169            0   290.690697   287.424607   248.453461     6.355177     -0.65568
        2091     4.218452    598.47699   671.050702  1601.671351     2.993825   151.501825    81.260186    70.241646    75.433196    74.692836            0   290.945711   287.709876   247.991989     5.252212     -0.86872
        2092     5.549356   599.149963   671.431823  1601.538427     2.818003   151.390231    81.661964    69.728286    74.177837    74.729405            0   290.630049    287.20543   247.564178     6.551418     0.684492
        2093     7.240023   599.776001   672.409515  1602.704568     2.812452   151.621708    82.243136    69.378592    72.983882    74.644311            0     290.5364   287.144632   247.314499     6.621113     0.494289
        2094       5.3941    600.35498   673.042894  1604.420303      2.73715   149.364559    80.528342    68.836215    72.945299    74.656432            0   290.634367   287.155868   247.128998     5.238532    -0.004602
        2095     2.003762   600.885986   672.174786  1605.011574     2.931375   148.163521    79.093887    69.069613    75.032837    74.399419            0    290.84786   287.650413   246.625183     5.562597    -1.224689
        2096     4.656336   601.365967   671.794363  1604.830532     2.757225   150.153638    81.035253    69.118375    74.046754    74.582683            0   290.557568   287.173731   246.018509     6.833003     0.716971
        2097     6.787302   601.796997   672.617564  1606.010248     2.680206   150.948399    81.905804    69.042592    72.636614    74.545476            0   290.506003   287.081049     245.5522      6.53713     0.729146
        2098     6.426854   602.177002   673.602641  1608.049609      2.90926     150.8231    81.689895    69.133203    72.916433    74.603505            0   290.635029   287.121749   245.122818     6.101314    -0.352288
        2099     3.537889   602.505005   674.857917  1608.495483     2.702904   151.667679    81.335347    70.332298    75.147079    74.841774            0   290.955165   287.795199   244.719482     5.238332    -0.751179
        2100     3.821822   602.781982   674.860011  1608.456226     2.574238   150.301515     80.87103    69.430479    74.151476     74.54085            0   290.743119   287.362289   244.590164     6.328092      0.42863