        time     emission          CO2         cveg        csoil        fgco2         fgpp         fnpp           ra          frh     fvegsoil         fluc          tas     tas_land        cprod     fcvegout    fcsoilout
      1850.0     0.637878   283.688113   364.080753   620.527866     0.303237    95.896893    39.096537    56.800355    37.383283    37.736099     0.087904   285.762883   279.367678     4.505964     2.010029     0.266033
      1851.0    -0.256425   283.817829   363.516871   620.571096     0.223349    95.247176    38.617195    56.629981    37.641403    37.457601     0.195755   285.944023   279.546292     5.149535     1.723476    -0.227031
      1852.0    -0.212359   283.967489   363.038697   620.570772     0.306795    94.489912    38.378864    56.111048    37.496173    37.453521     0.201824   285.928993   279.450945     5.639196     1.403517    -0.042329
      1853.0     0.020407   284.097205   362.412915   620.365269     0.320832    94.133418    38.318026    55.815392    37.161683    36.846465     0.206721   286.007691   279.582427     6.074002     2.097343    -0.109715
      1854.0     0.551796   284.216934   362.637854   620.102074     0.438222    95.759765    39.162087    56.597678    37.529367    37.563966     0.212655   286.103015   279.662443     6.452266     1.373183     0.297794
      1855.0     0.865723   284.306730   362.743399   620.008779     0.490053    96.671440    39.594786    57.076653    37.630645    37.654267     0.218410   286.013387   279.716260     6.783233     1.834973     0.116917
      1856.0     0.081167   284.416471   362.599394   620.189818     0.548488    95.495362    38.791052    56.704310    37.636334    37.585795     0.224131   286.135029   279.743787     7.059479     1.349262    -0.231578
      1857.0     0.225054   284.566162   362.146526   619.848360     0.332295    95.543948    39.034391    56.509557    37.628307    37.465829     0.227377   286.094374   279.718855     7.294482     2.021430     0.178980
      1858.0     1.688948   284.735767   362.844629   619.904889     0.403031    98.688844    40.728590    57.960254    37.937220    38.249043     0.230978   286.033290   279.742633     7.471447     1.781444     0.255293
      1859.0     0.136266   284.915360   363.064313   620.345808     0.388334    97.079538    39.463306    57.616231    38.170815    38.242970     0.234893   286.151899   279.759349     7.608608     1.000652    -0.368764
      1860.0     0.345729   285.104940   362.349322   620.287710     0.453633    95.864182    39.145932    56.718250    37.732256    37.806080     0.239896   285.980995   279.433597     7.741871     2.054844     0.131922
      1861.0    -0.038976   285.294520   361.972769   620.320709     0.312276    95.167951    38.706077    56.461874    37.597870    37.594063     0.202449   286.164050   279.775982     7.546594     1.488568    -0.036805
      1862.0     1.421345   285.464156   361.920025   620.524228     0.436989    95.719147    39.441103    56.278044    36.988442    37.364692     0.200354   285.768597   279.320913     7.384470     2.129155     0.172731
      1863.0     1.622039   285.633761   362.615842   620.737659     0.564250    98.018095    40.390601    57.627494    37.793756    38.054646     0.198204   285.898868   279.326687     7.234024     1.640138     0.047460
      1864.0     0.142383   285.803396   362.616409   621.067231     0.272667    96.384987    39.206196    57.178792    37.842754    38.181349     0.196961   285.991900   279.455002     7.109716     1.024280     0.009023
      1865.0    -0.047993   285.973002   362.042857   621.073757     0.350836    96.023602    39.076650    56.946952    37.989584    37.404121     0.194873   286.109226   279.639250     7.005541     2.246081    -0.591987
      1866.0    -0.495471   286.142637   361.775287   620.787594     0.518159    95.184145    38.533816    56.650328    38.067706    37.935936     0.193008   286.239563   279.970838     6.925471     0.865449     0.154392
      1867.0    -0.115626   286.312273   360.686052   620.268561     0.424067    93.278330    37.959950    55.318380    37.051280    36.528683     0.190689   286.093220   279.710092     6.868980     2.520502    -0.003564
      1868.0     1.195701   286.471890   361.252260   620.183997     0.298102    96.843589    39.905249    56.938340    37.459022    37.707544     0.189322   285.947524   279.626749     6.832730     1.631497     0.333086
      1869.0     0.997196   286.591649   361.540560   620.420745     0.368838    97.205449    40.004891    57.200557    37.744432    37.879490     0.187065   285.897458   279.367175     6.817376     1.837100    -0.101689
      1870.0     0.032211   286.721335   361.526808   620.583176     0.366828    95.742416    38.860601    56.881815    37.611173    37.820178     0.185354   286.023983   279.543985     6.785831     1.054176     0.046574
      1871.0    -0.435294   286.851051   360.433576   620.555810     0.367370    94.316351    38.342430    55.973922    37.430156    37.182085     0.259890   286.109419   279.673831     7.364721     2.253576    -0.220705
      1872.0     0.511862   287.020686   360.692567   620.280711     0.292314    97.073907    39.714608    57.359299    37.806697    37.843932     0.264370   286.214789   279.897180     7.884590     1.611685     0.312334
      1873.0     0.301187   287.220223   360.534306   620.300125     0.432273    95.891130    39.102688    56.788442    37.613393    37.701926     0.266893   286.219322   279.945213     8.357700     1.559022     0.069120
      1874.0     0.740294   287.419791   359.763649   620.235365     0.552968    96.067270    39.470876    56.596394    37.595463    37.083618     0.270297   286.128850   279.675301     8.777380     3.157915    -0.447085
      1875.0     2.299584   287.649291   360.752511   620.314915     0.523371    99.832251    41.464573    58.367677    37.989859    38.491049     0.272573   286.036120   279.532854     9.158412     1.984663     0.421640
      1876.0     0.582221   287.878760   360.942441   620.728195     0.574729    98.279025    39.999631    58.279394    38.330632    38.569765     0.276379   286.149039   279.787977     9.503185     1.239935    -0.174148
      1877.0     0.064964   288.108260   360.370676   620.670786     0.550302    97.017121    39.421548    57.595573    38.245819    38.028916     0.278774   286.163432   279.920799     9.799819     1.964396    -0.159493
      1878.0     1.906338   288.347717   360.486201   620.661223     0.654484    99.307426    41.155448    58.151978    38.184850    38.738132     0.282020   286.054073   279.623005    10.055782     2.301792     0.562845
      1879.0     1.873206   288.577217   360.778455   621.242034     0.640481    98.912088    40.866807    58.045282    37.899366    38.282559     0.285308   285.981580   279.543234    10.267137     2.291993    -0.197618
      1880.0     0.466740   288.826661   360.812125   621.547199     0.611380    97.413008    39.704472    57.708536    38.082931    38.444985     0.289690   286.058608   279.706977    10.416486     1.225817     0.056889
      1881.0     1.002103   289.096050   360.243235   621.510536     0.706375    97.111906    39.804873    57.307033    37.877059    37.559951     0.275890   285.966625   279.656847    10.377034     2.813811    -0.280446
      1882.0     1.342811   289.375427   360.429439   621.463926     0.646631    97.721590    40.184485    57.537105    37.798474    37.991915     0.274246   285.812055   279.320880    10.330750     2.006366     0.240051
      1883.0     1.420964   289.614914   360.623833   621.961711     0.600902    97.544664    40.158559    57.386105    37.564450    38.098081     0.273294   285.722505   279.306070    10.297709     1.866084     0.035845
      1884.0     1.245489   289.864358   360.334743   622.350189     0.700779    96.704296    39.746021    56.958276    37.514475    37.784954     0.273095   285.568850   278.873267    10.281576     2.250156    -0.117999
      1885.0     0.861900   290.153692   359.992930   622.713858     0.518126    95.652146    39.213401    56.438745    37.324577    37.479444     0.271665   285.650082   279.080484    10.285337     2.075771    -0.208801
      1886.0     1.051363   290.453043   360.375341   622.728237     0.501667    97.858188    40.100484    57.757704    37.911388    38.134274     0.270306   285.790153   279.309553    10.287945     1.583800     0.208506
      1887.0     1.661794   290.762352   360.182331   622.726804     0.422953    98.607728    40.846387    57.761341    37.933843    38.001571     0.268599   285.729619   279.283249    10.306999     3.037826     0.069161
      1888.0     1.207572   291.111580   360.757264   623.135409     0.537607    98.256560    40.398631    57.857928    38.170489    38.502553     0.268621   285.727548   279.205125    10.350010     1.321146    -0.076540
      1889.0     1.616912   291.460778   360.643580   623.334552     0.426363    98.643071    40.719224    57.923847    37.937687    38.322442     0.266505   285.723761   279.221969    10.392305     2.510466     0.185612
      1890.0     1.061415   291.810006   360.661390   623.669863     0.493883    98.356144    40.452057    57.904087    38.244626    38.425636     0.265468   285.942239   279.476809    10.461343     2.008612    -0.154301
      1891.0     0.364741   292.169222   360.028782   623.779429     0.574908    95.801770    39.041740    56.760029    37.662642    37.613340     0.310582   285.801354   279.110388    10.830896     2.061008    -0.158868
      1892.0     1.301196   292.518450   359.808487   623.548012     0.586681    98.629733    40.791063    57.838670    38.330733    38.157014     0.312588   286.008717   279.695890    11.174771     2.854344     0.057698
      1893.0     1.857285   292.827759   360.079593   623.618272     0.585425    99.219545    41.106495    58.113050    37.958268    38.158053     0.313439   285.816563   279.283876    11.501837     2.677336     0.129524
      1894.0     0.994247   293.137067   360.322780   623.851098     0.653936    98.714301    40.564710    58.149591    38.347112    38.464518     0.315550   285.975911   279.533235    11.799540     1.857006    -0.115420
      1895.0     0.043107   293.426401   359.597031   623.721172     0.627311    97.161189    39.622939    57.538249    38.299556    38.193505     0.317470   286.100811   279.753273    12.085156     2.155182     0.023876
      1896.0     2.181834   293.705777   359.413867   623.671944     0.601152    99.674300    41.563333    58.110967    38.001110    37.844359     0.320417   285.888297   279.406798    12.351924     3.902139    -0.107523
      1897.0     1.662964   293.995141   360.310842   624.125756     0.693296   100.235228    41.264474    58.970755    38.353191    39.030629     0.321428   285.960971   279.628607    12.597185     1.336869     0.223627
      1898.0     0.805915   294.294493   360.013728   624.463191     0.570731    98.760147    40.505695    58.254451    38.338081    38.724712     0.323312   285.962305   279.444735    12.814149     2.078098     0.049195
      1899.0     0.134360   294.643691   359.080148   624.657726     0.710627    96.761260    39.502858    57.258402    38.209326    38.086343     0.325058   286.108425   279.729912    13.013118     2.350096    -0.317518
      1900.0     0.717818   295.012894   358.149400   624.437846     0.714590    96.366602    39.650210    56.716392    37.830520    37.836379     0.326707   286.152448   279.875886    13.225368     2.744578     0.225738
      1901.0     2.257446   295.352135   358.563870   624.218895     0.715768    99.700293    41.525097    58.175195    38.067985    38.009127     0.325660   286.006697   279.648890    13.405761     3.101500     0.160094
      1902.0     2.204415   295.671400   359.259313   624.603276     0.711377   100.659368    41.888087    58.771281    38.327534    39.039638     0.325868   285.990951   279.486303    13.467500     2.153005     0.327723
      1903.0    -0.054881   295.990696   358.696926   624.953209     0.923888    96.241088    39.208106    57.032982    38.115450    38.124051     0.325492   285.988949   279.467785    13.522890     1.646443    -0.341331
      1904.0     0.370978   296.290048   357.178239   624.844165     0.853333    95.721191    39.389645    56.331546    37.833546    37.483930     0.325633   285.940914   279.404298    13.623034     3.424401    -0.240571
      1905.0     1.599259   296.629289   357.271069   624.612267     0.722406    97.542147    40.477528    57.064619    37.598127    37.453351     0.323783   285.890155   279.418881    13.713229     2.931348     0.087121
      1906.0     1.340194   296.998461   357.396361   624.602734     0.632231    98.569014    40.748054    57.820960    37.964491    38.278942     0.323310   285.884436   279.385686    13.808410     2.343819     0.323985
      1907.0     1.627710   297.437486   357.459007   624.820170     0.759684    98.705797    40.829701    57.876096    38.093407    38.217952     0.322677   285.874695   279.270658    13.913868     2.549102    -0.092891
      1908.0     1.109319   297.856536   357.013856   624.860391     0.730727    98.658530    40.622759    58.035771    38.339981    38.381882     0.322864   286.079958   279.531401    14.026178     2.686027     0.001681
      1909.0     1.058339   298.275615   356.591492   624.924036     0.719480    97.916931    40.373770    57.543161    38.155375    38.200145     0.322236   286.089833   279.643280    14.150271     2.595989    -0.018875
      1910.0     2.658132   298.714640   356.994401   624.815623     0.766355   101.028245    42.234413    58.793831    38.512190    38.290623     0.320832   286.083998   279.625005    14.332491     3.540881    -0.113153
      1911.0     1.830398   299.163622   357.789150   624.989690     0.748009   101.566071    42.000353    59.565718    38.972865    39.326560     0.332170   286.129229   279.693649    14.446059     1.879043     0.179627
      1912.0     1.657913   299.682485   357.477764   625.238388     0.918204    99.988345    41.309081    58.679264    38.779814    39.131752     0.332282   286.048785   279.471153    14.581151     2.488715     0.103240
      1913.0     2.422775   300.241238   357.074854   625.394491     0.931031    99.673045    41.486917    58.186128    38.248207    38.325542     0.330951   285.900212   279.240946    14.714410     3.564285    -0.078768
      1914.0     2.252731   300.750115   357.398479   625.709253     0.944226    99.999698    41.496568    58.503130    38.314623    38.715393     0.330720   285.919714   279.369066    14.851878     2.457549     0.086008
      1915.0     1.493932   301.268948   357.473523   625.908488     0.845634   100.739684    41.638178    59.101507    39.128336    39.023578     0.330339   286.082133   279.547111    14.981207     2.539556    -0.303993
      1916.0     0.435755   301.807756   356.427196   625.673574     0.906991    97.617933    39.857149    57.760784    38.541417    38.384122     0.331008   286.229627   279.909686    15.108665     2.519354     0.077619
      1917.0     3.086319   302.336577   356.196750   625.481272     1.106642   100.398555    42.051096    58.347459    38.270029    38.214383     0.329406   286.076245   279.819765    15.246617     4.067159     0.136655
      1918.0     2.193258   302.775602   357.089095   625.816921     1.083611   101.175595    41.989026    59.186569    38.764395    39.176989     0.329384   286.051904   279.571028    15.373192     1.919693     0.076945
      1919.0     1.745726   303.134787   356.539585   625.941869     0.989584    99.822246    41.370639    58.451606    38.307837    38.427117     0.329427   285.945098   279.403784    15.510418     3.493032    -0.005668
      1920.0     1.273041   303.573812   356.500149   626.151565     0.909834    99.686931    40.990795    58.696136    38.474705    38.585326     0.329685   286.094656   279.665382    15.661105     2.444906    -0.099075
      1921.0     1.680753   303.923040   356.425032   625.988072     0.991840   100.840876    41.795826    59.045050    38.679818    38.673600     0.363609   286.237574   279.912806    15.899261     3.197342     0.157275
      1922.0     2.330816   304.262281   356.488730   626.307924     0.976710   101.438574    42.368807    59.069767    38.577001    38.867487     0.364080   285.884395   279.493123    16.116232     3.437622    -0.029365
      1923.0     2.238725   304.591534   356.899604   626.712216     0.943683   101.934716    42.437009    59.497706    38.643993    39.200905     0.365602   285.818107   279.258243    16.327988     2.825230     0.152620
      1924.0     1.551312   304.950750   356.696453   627.048102     0.982108   101.713254    42.226501    59.486754    39.160470    39.182274     0.367476   286.090841   279.535913    16.517635     3.247378    -0.314082
      1925.0     0.906197   305.130342   356.347702   626.998312     0.845436   100.865458    41.676487    59.188971    38.815124    38.854889     0.367840   286.012936   279.719734    16.713818     3.170349     0.089554
      1926.0     1.096332   305.270046   356.334928   627.313507     0.923753   101.912668    42.298787    59.613881    39.120896    39.440192     0.368623   286.124334   279.781290    16.901348     2.871369     0.004101
      1927.0     2.064152   305.499515   356.500425   627.378113     0.824855   102.702296    42.935630    59.766666    38.854584    39.223829     0.369403   286.016844   279.704896    17.092424     3.546304     0.304640
      1928.0     1.753167   305.649176   356.936660   627.810736     0.901756   103.606169    43.255412    60.350757    39.288278    39.918707     0.371545   286.080701   279.665967    17.271214     2.900471     0.197806
      1929.0     0.277139   305.808824   356.401996   628.338248     0.848611   101.200020    41.916334    59.283686    39.421353    39.589450     0.370926   286.215339   279.752661    17.447506     2.861548    -0.359415
      1930.0     1.503245   305.938540   355.899721   628.272191     0.777319   102.072854    42.792818    59.280036    38.942198    38.929739     0.371982   286.063600   279.591362    17.616764     4.365354     0.053599
      1931.0     2.318786   306.138107   356.395002   628.835294     0.855090   103.730143    43.598924    60.131219    39.056186    39.649759     0.423811   285.929372   279.619739    17.950787     3.453885     0.030469
      1932.0     0.913742   306.407496   356.410103   629.201957     0.882271   101.706334    42.022331    59.684003    39.081906    39.431522     0.426264   286.123908   279.638606    18.267250     2.575707    -0.017046
      1933.0    -0.338533   306.716805   355.146324   629.338516     0.864439    98.523835    40.385630    58.138205    38.763369    38.787144     0.425823   286.230321   279.766414    18.557043     2.862264    -0.112783
      1934.0     0.367530   307.095965   353.617061   628.951429     0.917761    98.072212    40.670969    57.401242    38.621809    37.821041     0.426313   286.241408   279.916516    18.840437     4.379193    -0.413681
      1935.0     1.635518   307.544977   353.663768   628.681678     0.807308    99.985896    41.730954    58.254942    38.374407    38.440007     0.427694   286.129756   279.654481    19.126619     3.244240     0.335350
      1936.0     2.871165   308.323242   353.748338   628.835377     0.904968   101.975097    42.614785    59.360313    38.776184    39.010493     0.429316   286.205576   279.660971    19.375883     3.519722     0.080610
      1937.0     2.527071   309.071576   353.910305   628.871403     0.950387   103.299685    43.110496    60.189189    39.482405    39.691939     0.429639   286.382794   280.067757    19.595263     3.256590     0.173508
      1938.0     1.955276   309.600396   353.617243   629.044158     0.954669   102.716392    42.908428    59.807964    39.467484    39.563894     0.430383   286.324079   279.969954    19.787844     3.637596    -0.076346
      1939.0     3.385317   310.159149   354.298634   629.368911     0.907872   105.353111    44.436418    60.916692    39.414939    40.015186     0.432056   286.177314   279.715296    19.965300     3.739841     0.275495
      1940.0     2.401202   310.667995   354.486706   629.986290     0.893553   104.125590    43.613835    60.511755    39.500090    40.160064     0.435300   286.107504   279.624227    20.140717     3.265699     0.042595
      1941.0     1.732294   311.117007   354.185613   630.475610     1.023394   103.980105    43.372554    60.607551    39.812759    40.037398     0.568570   286.256751   279.866334    20.639679     3.636249    -0.264681
      1942.0     0.350326   311.476223   353.348871   630.258341     0.941095   102.459913    42.411363    60.048551    39.905461    39.488942     0.571533   286.509004   280.152222    21.155827     3.759164    -0.199251
      1943.0     1.362684   311.695735   352.863186   630.136915     0.981553   103.968104    43.490408    60.477696    39.657407    39.584378     0.573738   286.456051   280.128678    21.633801     4.391715     0.048398
      1944.0     1.584346   311.715680   353.091065   630.351336     0.861233   105.009718    44.138834    60.870884    39.458033    39.978714     0.577520   286.310736   279.798110    22.065851     3.932241     0.306261
      1945.0     0.988078   311.685748   353.319026   630.932868     0.925045   104.807444    43.889928    60.917516    39.721342    40.341959     0.579113   286.322326   279.865821    22.459684     3.320008     0.039085
      1946.0     0.625227   311.695735   352.603756   631.325445     0.697754   104.359214    43.772719    60.586494    39.785818    39.984467     0.580810   286.251841   279.706855    22.830093     4.503524    -0.193928
      1947.0     0.978631   311.795489   352.394010   631.614814     0.721899   104.394328    43.824034    60.570295    39.683550    40.139421     0.583399   286.344620   279.892080    23.172430     3.894359     0.166502
      1948.0     0.348695   311.825421   352.172588   631.912505     0.921928   104.574855    43.591733    60.983123    40.140993    40.108202     0.588022   286.438033   280.257786    23.477324     3.704953    -0.330482
      1949.0     0.308857   311.935192   351.461594   632.070150     0.875292   102.900924    42.793953    60.106971    39.478215    40.019413     0.589378   286.370662   280.037923    23.673880     3.485534     0.383553
      1950.0     2.086864   312.124772   350.955946   632.483976     0.847639   104.939685    44.484932    60.454753    39.543888    39.894168     0.591380   286.234608   279.851519    23.874393     5.096412    -0.063546
      1951.0     0.397201   312.314353   350.604322   632.867730     0.941064   103.732693    43.319509    60.413184    39.962517    40.125104     0.734287   286.392864   279.976302    24.574062     3.546029    -0.221166
      1952.0    -0.064385   312.643606   349.640205   632.732259     0.775825   103.216082    43.066198    60.149884    40.191534    40.175633     0.740218   286.534572   280.150391    25.209970     3.854683     0.119569
      1953.0     1.122585   313.032754   348.493783   632.657207     0.788802   103.853844    43.721254    60.132590    39.875377    39.872783     0.740249   286.419098   280.060209    25.858400     4.994892     0.072458
      1954.0     2.369590   313.391939   348.870188   632.820655     0.796225   106.508271    45.208984    61.299287    39.927857    40.330545     0.741736   286.303744   279.877571    26.422106     4.502034     0.239240
      1955.0     1.524797   313.711235   348.840385   633.369896     0.869311   106.644512    44.907896    61.736617    40.379454    40.738362     0.745750   286.431649   280.068290    26.934826     4.199337    -0.190333
      1956.0     0.365740   314.000599   347.836720   633.641621     0.908060   104.878436    43.959095    60.919341    40.520690    40.660599     0.751899   286.467510   280.002936    27.404774     4.302161    -0.131816
      1957.0     0.448549   314.289933   346.765663   633.778257     1.004804   104.239174    43.754483    60.484691    40.338016    40.487775     0.753411   286.578092   280.273664    27.820889     4.337765     0.013123
      1958.0     0.637722   314.639161   345.399986   633.551593     0.912336   103.968168    43.852480    60.115688    40.268333    39.979374     0.755300   286.600778   280.312663    28.195253     5.238783    -0.062295
      1959.0     2.167115   315.108117   345.358047   633.833925     1.054967   105.443055    44.741160    60.701895    39.956260    40.464051     0.756956   286.361032   279.845550    28.507858     4.319048     0.225460
      1960.0     2.182269   315.916315   344.730827   634.111265     0.958424   105.586556    44.509651    61.076905    40.262593    40.540962     0.762505   286.448061   280.015867    28.777800     4.595909     0.001029
      1961.0     2.280517   316.594796   344.595454   634.299482     1.089152   105.678956    44.713049    60.965906    40.303707    40.633659     0.549395   286.461579   280.075006    28.157103     4.214764     0.141735
      1962.0     1.535088   317.333172   343.916617   634.248047     1.030208   105.218568    44.231858    60.986710    40.591361    40.465612     0.543100   286.687032   280.441122    27.603264     4.445082    -0.074314
      1963.0     2.787377   317.941802   343.477198   634.398853     1.211662   105.614583    44.870668    60.743916    39.817120    40.164839     0.536991   286.491861   280.211146    27.139383     5.145248     0.196913
      1964.0     3.100820   318.620283   343.855220   634.703449     1.175789   107.156305    45.558578    61.597727    40.355280    40.831051     0.532768   286.374718   279.833338    26.771542     4.349505     0.171175
      1965.0     1.844713   319.109215   343.398951   634.888093     1.200829   105.377699    44.511249    60.866451    40.219723    40.160879     0.524935   286.422436   280.030732    26.444002     4.806639    -0.243488
      1966.0     4.102266   320.166857   343.608140   635.039298     1.234207   107.393237    45.719904    61.673333    40.430574    40.549067     0.517819   286.433470   280.134443    26.207127     4.961648    -0.032712
      1967.0     2.234053   320.765529   343.256505   635.414981     1.270387   105.614828    44.587150    61.027678    40.115552    40.699291     0.511749   286.451179   280.104764    26.031326     4.239494     0.208057
      1968.0     2.466940   321.673511   342.806838   635.821724     1.264880   105.601546    44.474988    61.126559    40.422116    40.732709     0.506488   286.451264   280.045322    25.924740     4.191946    -0.096150
      1969.0     2.767275   322.531585   342.045557   635.694119     1.191912   106.065439    45.008186    61.057252    40.476743    40.502786     0.498353   286.531160   280.272314    25.891270     5.266680     0.153648
      1970.0     5.766285   324.058183   342.430994   636.071475     1.376951   108.577409    46.498697    62.078712    40.580514    40.888437     0.492254   286.337027   279.918310    25.954811     5.224824    -0.069433
      1971.0     3.850372   324.676800   343.455972   636.528801     1.373972   110.587103    47.301285    63.285818    41.226705    41.950388     0.470811   286.374797   280.084448    25.974920     4.325919     0.266356
      1972.0     4.906304   326.622479   342.995090   636.925544     1.546238   107.144512    45.137150    62.007362    41.047497    41.102837     0.471593   286.508155   280.131076    25.992584     4.495195    -0.341403
      1973.0     6.703068   329.176787   342.679051   636.760668     1.686867   108.035139    45.686237    62.348902    41.182453    41.158697     0.470076   286.663332   280.505318    26.039450     4.843579     0.141120
      1974.0     4.294359   330.024904   342.541086   637.020319     1.590978   108.046742    46.160486    61.886256    40.435263    40.764637     0.467897   286.409959   280.227932    26.090450     5.533814     0.069723
      1975.0     2.959268   330.094725   343.308128   637.616811     1.549409   110.204616    47.100417    63.104200    40.797834    41.658095     0.467793   286.384698   280.065983    26.080240     4.675281     0.263769
      1976.0     2.985487   330.803169   343.239586   638.049227     1.507762   109.877657    46.578993    63.298664    41.574513    41.695445     0.468319   286.539013   280.291269    26.178207     4.952090    -0.311484
      1977.0     5.729694   332.609144   343.337707   638.270602     1.569913   109.494052    46.535120    62.958931    41.370884    41.777572     0.466001   286.533096   280.280289    26.258533     4.659427     0.185314
      1978.0     5.991591   334.265458   343.620142   638.476539     1.680763   110.206505    47.100320    63.106184    41.300104    41.574098     0.465399   286.491791   280.168586    26.369242     5.243788     0.068057
      1979.0     4.853976   335.851921   343.784466   638.924430     1.764600   108.781086    45.979677    62.801409    41.233434    41.657200     0.464112   286.565411   280.293609    26.489433     4.158153    -0.024126
      1980.0     6.722861   337.947260   343.484078   638.929189     1.893842   109.930713    46.863648    63.067065    41.418724    41.396175     0.464653   286.713853   280.558394    26.579058     5.767861    -0.027308
      1981.0     5.664588   339.304222   344.021130   639.233382     1.747675   111.774258    47.973878    63.800380    41.795341    42.339077     0.520468   286.615192   280.235502    26.914309     5.097749     0.239542
      1982.0     5.116801   339.882950   344.784205   640.005928     1.647853   113.040757    48.855149    64.185608    41.406466    42.469894     0.522892   286.341408   279.870204    27.288240     5.622180     0.290883
      1983.0     7.160772   341.509302   345.672164   641.269600     1.755209   113.238948    48.941565    64.297382    41.662872    42.873987     0.525423   286.197392   279.638940    27.732122     5.179619    -0.052557
      1984.0     6.201999   343.245456   345.791195   642.391522     1.807659   112.351834    48.063586    64.288248    42.003480    43.045141     0.529346   286.350785   280.006482    28.192959     4.899414    -0.080262
      1985.0     6.446761   344.692215   346.187426   643.094825     1.686363   113.796074    48.992139    64.803934    41.920738    42.819972     0.529997   286.259096   279.853971    28.556293     5.775937     0.195931
      1986.0     5.748103   346.129017   346.827528   644.159374     1.806527   114.293559    48.979816    65.313743    42.571837    43.604984     0.532507   286.565884   280.347443    28.927914     4.734730    -0.031403
      1987.0     5.734021   347.994856   346.439889   644.464848     2.010713   112.657160    47.978390    64.678770    42.652550    42.809264     0.535508   286.807910   280.560573    29.278442     5.556764    -0.148760
      1988.0     6.678016   350.499287   346.036811   644.553051     2.116924   112.069267    47.487819    64.581448    42.754521    42.484877     0.538860   287.014788   280.804296    29.616497     5.406021    -0.357847
      1989.0     5.847940   352.105725   345.697925   644.130636     2.127247   114.011201    48.896506    65.114694    43.046198    42.855145     0.539201   287.163912   281.099410    29.919416     6.380248     0.231362
      1990.0     6.841897   353.283095   346.941966   644.552033     2.090038   116.502450    50.500770    66.001680    42.511957    43.674091     0.541521   286.740338   280.467512    30.152149     5.582638     0.740737
      1991.0     6.762123   354.560249   348.198988   645.714046     2.049869   117.027978    50.606534    66.421444    43.021996    43.936930     0.429831   286.655225   280.269157    29.804300     5.412582    -0.247078
      1992.0     5.175723   355.438298   348.819344   646.550335     2.010274   115.712882    49.700428    66.012454    42.908343    43.825702     0.429187   286.559342   280.224181    29.483315     5.254370     0.081070
      1993.0     4.583308   356.126767   349.358907   647.347589     2.036797   115.237747    49.513195    65.724552    42.774425    43.642726     0.425340   286.607971   280.383756    29.254805     5.330906     0.071047
      1994.0     6.038108   357.453798   349.692453   647.932072     2.058787   116.313644    50.007244    66.306400    43.195174    43.597383     0.422692   286.675130   280.365480    29.054907     6.076315    -0.182273
      1995.0     7.630071   359.439365   350.848979   648.328508     2.146638   117.881386    50.615057    67.266329    43.639970    44.217138     0.420154   286.882123   280.789945    28.935581     5.241394     0.180731
      1996.0     6.774818   361.195464   351.503839   648.879906     2.182461   117.975670    50.526462    67.449208    43.839827    44.519389     0.418534   286.969592   280.835860    28.780649     5.352212     0.128165
      1997.0     6.047720   362.442686   351.722539   649.235174     2.156150   117.383778    50.465611    66.918167    43.573254    43.945570     0.414588   286.897257   280.745107    28.753677     6.301341     0.017048
      1998.0    10.347336   365.116722   353.367982   650.009644     2.335354   120.315372    52.147410    68.167962    44.093584    45.046615     0.412043   286.800601   280.608768    28.689316     5.455352     0.178561
      1999.0     7.756412   367.022481   354.243559   650.808485     2.417390   119.156177    51.066879    68.089298    44.027437    44.970053     0.410564   286.893076   280.741039    28.716539     5.221250     0.143775
      2000.0     5.583859   368.299635   354.554087   651.202068     2.302661   118.858231    50.993941    67.864290    44.619430    44.804151     0.409213   286.981493   280.793767    28.873077     5.879262    -0.208862
      2001.0     7.139952   369.846208   355.004705   651.647947     2.334537   119.201049    51.380174    67.820875    44.141635    44.359913     0.493073   286.888733   280.822353    29.341032     6.569644    -0.227601
      2002.0     8.836016   372.001381   356.282226   652.191901     2.279723   120.361497    52.119991    68.241506    44.432905    45.238088     0.398859   286.797288   280.509708    29.130510     5.604382     0.261228
      2003.0     9.424117   374.575664   357.352312   652.942518     2.365276   121.851310    52.488856    69.362455    44.797436    45.723646     0.625329   286.892138   280.840931    29.410900     5.695123     0.175594
      2004.0     8.175571   376.152139   358.240116   653.894814     2.438940   123.681003    53.645377    70.035626    45.095046    46.120730     0.657720   286.886254   280.765451    30.333521     6.636843     0.073388
      2005.0     7.196804   378.067885   359.010745   654.540204     2.547347   121.538090    51.972219    69.565871    45.370099    45.981266     0.434247   287.183180   281.192871    30.651354     5.220324    -0.034223
      2006.0     7.914277   380.163224   359.380965   654.779528     2.401580   121.320143    52.175933    69.144210    45.248825    45.353836     0.433647   287.197630   281.131539    30.460632     6.451876    -0.134312
      2007.0     8.708628   381.749687   360.963378   655.430039     2.348079   124.105145    53.868311    70.236834    45.022552    45.813230     0.418540   286.939732   280.873888    30.388241     6.472667     0.140168
      2008.0     9.721091   383.884915   363.032334   656.443392     2.417881   125.608319    54.369727    71.238592    45.540517    47.237146     0.477254   287.022871   280.792261    30.380501     5.063625     0.683276
      2009.0     6.003093   385.421501   363.879863   657.348322     2.500814   123.621278    52.723364    70.897914    46.498814    46.599841     0.527328   287.444877   281.554698    30.351175     5.275994    -0.803904
      2010.0     7.386409   387.856080   362.862149   657.294477     2.633907   121.550950    51.956967    69.593983    45.814539    45.833373     1.070137   287.493109   281.638214    32.335564     7.141307     0.072680
      2011.0    10.056349   390.071148   364.481498   657.585228     2.689912   125.412756    54.487890    70.924867    45.607029    46.521730     0.594004   287.118483   281.124062    32.598217     6.346811     0.623950
      2012.0     8.812438   392.146512   365.975185   658.508443     2.734920   126.444188    54.598367    71.845820    46.474536    47.385227     0.559259   287.356768   281.373470    32.761871     5.719454    -0.012523
      2013.0     8.881625   394.840523   365.782249   659.204343     2.681700   124.438246    53.622298    70.815948    46.341377    47.005899     0.992389   287.333080   281.356964    33.812046     6.809336    -0.031379
      2014.0     8.536769   396.666442   366.376325   659.889384     2.661253   125.893906    54.559264    71.334642    45.783689    46.583378     0.801317   287.207440   281.271848    34.705627     7.381810     0.114649
      2015.0    11.028628   399.061133   368.031744   660.763397     2.662739   128.004104    55.885166    72.118938    46.038756    47.050658     0.625380   287.147827   281.118256    34.708435     7.179088     0.137889
      2016.0    11.457817   402.224071   369.710029   661.901880     2.935001   126.717320    54.707359    72.009960    46.373129    47.657971     0.476681   287.222065   281.009025    34.321388     5.371103     0.146359
      2017.0     9.027175   404.858218   370.140746   662.398592     2.831849   125.773085    53.984808    71.788277    46.792622    46.986062     0.482754   287.604872   281.701729    33.946144     6.568029    -0.303270
      2018.0    10.986962   407.721835   371.053251   662.664353     2.926729   127.587606    55.362824    72.224783    46.639025    47.484241     0.489622   287.546269   281.638707    33.562267     6.966078     0.579455
      2019.0    11.366101   410.595439   372.449162   663.706571     2.988324   127.852349    55.484629    72.367720    46.598425    47.359016     0.496516   287.478114   281.546954    33.210194     6.729703    -0.281627
      2020.0    11.024025   413.469043   373.774725   664.250166     3.074720   128.855230    55.881589    72.973640    47.268917    47.965499     0.501092   287.541605   281.526234    32.907738     6.590527     0.152986
      2021.0    10.912430   416.362592   374.755903   664.748111     3.001237   128.360990    55.704373    72.656617    47.069222    47.760430     0.438045   287.564343   281.590420    32.539268     6.962766     0.193262
      2022.0    13.154353   419.266128   376.945014   665.540092     3.070925   132.874518    58.338779    74.535740    47.521744    48.435656     0.431653   287.419878   281.436779    32.227211     7.714011     0.121931
      2023.0    10.941103   422.179621   379.010353   666.800893     3.105373   130.526529    56.535323    73.991206    47.801057    49.500065     0.432739   287.474031   281.378003    32.004379     4.969920     0.438207
      2024.0    11.206306   425.123077   379.548751   667.523289     3.067384   131.030843    56.752653    74.278190    47.958660    48.203738     0.423810   287.702188   281.845711    31.913054     8.010516    -0.477317
      2025.0    11.456170   428.076490   380.647272   668.005763     3.230636   130.652964    56.769571    73.883393    47.803715    48.451098     0.415815   287.768807   281.759819    31.933863     7.219952     0.164909
      2026.0    11.235805   431.049878   382.353097   668.466161     3.225776   132.879490    57.506510    75.372980    48.663554    49.333200     0.414506   287.876278   282.058632    31.962559     6.467486     0.209247
      2027.0    11.177268   434.043210   382.981248   669.037902     3.282315   130.104597    56.303435    73.801162    47.778316    48.089108     0.415791   287.746068   281.910353    31.994041     7.586176    -0.260949
      2028.0    12.774363   437.056488   385.071557   669.691398     3.289276   134.108626    58.673733    75.434893    48.329939    49.434466     0.408498   287.676196   281.745936    31.995832     7.148958     0.451031
      2029.0    12.006889   440.099697   386.668458   670.575182     3.312883   133.346404    57.831254    75.515150    48.408403    49.485157     0.409997   287.747288   282.032282    32.033504     6.749196     0.192970
      2030.0    12.814002   443.152924   388.250619   671.572168     3.186252   134.509470    58.796429    75.713041    48.392164    49.318371     0.413985   287.640472   281.714316    32.088711     7.895897    -0.070779
      2031.0    12.620775   446.236053   390.524837   672.664752     3.190721   136.000171    59.340743    76.659427    49.066028    50.392594     0.366958   287.813870   281.747865    31.974001     6.673932     0.233982
      2032.0    10.874011   449.329139   391.366703   673.468660     3.436578   133.863667    57.679805    76.183862    49.437857    50.211211     0.365099   288.105291   282.284870    31.854837     6.626728    -0.030554
      2033.0    12.982974   452.422255   392.277145   673.780770     3.376679   135.029826    59.132945    75.896881    48.777176    49.121752     0.361927   287.957284   282.148366    31.758926     9.100751     0.032466
      2034.0    12.933334   455.525359   395.102372   674.605973     3.394729   137.562138    59.893653    77.668485    49.453161    50.492742     0.360837   287.933226   282.171185    31.680744     6.575683     0.214378
      2035.0    13.906948   458.628433   397.219680   675.597941     3.416587   139.491201    61.385719    78.105482    49.863294    51.318396     0.361427   287.852918   281.908245    31.627256     7.950016     0.463134
      2036.0    12.587641   461.741494   399.128034   676.863683     3.438997   138.739553    60.435808    78.303745    50.363462    51.160432     0.361489   288.095124   282.162485    31.596554     7.367022    -0.468771
      2037.0    11.190769   464.864542   400.243056   677.550875     3.409474   135.681088    58.494680    77.186408    49.901730    50.441068     0.361517   288.196314   282.542783    31.593912     6.938591    -0.147855
      2038.0    13.171189   467.987591   401.681595   678.052111     3.540373   137.358705    59.982263    77.376442    49.512818    50.444809     0.361892   288.001544   282.151820    31.599703     8.098915     0.430756
      2039.0    12.255312   471.130584   403.459421   679.047193     3.563645   138.299743    59.912136    78.387607    50.235318    51.307938     0.362736   288.271985   282.437345    31.635298     6.826372     0.077537
      2040.0    10.907253   474.283565   404.273021   679.336251     3.497771   137.715293    59.375571    78.339721    50.924850    50.988110     0.361026   288.542934   282.884897    31.677505     7.573862    -0.225797
      2041.0    12.198266   477.436545   405.053468   679.605178     3.524570   136.120158    59.016930    77.103227    49.618575    49.734805     0.302870   288.330324   282.659423    31.475216     8.501678    -0.152696
      2042.0    14.619086   480.599513   408.268896   680.084510     3.566553   142.551473    62.848357    79.703115    50.590149    51.628360     0.301146   288.187145   282.310994    31.283419     8.004570     0.558878
      2043.0    12.462611   483.762451   410.411975   681.216004     3.665968   139.729157    60.624319    79.104838    50.673527    52.172739     0.301335   288.249101   282.586425    31.113905     6.308501     0.367718
      2044.0    13.879799   486.915432   411.706796   682.109562     3.648584   141.579220    62.140702    79.438518    50.875182    51.716024     0.301587   288.132866   282.297646    30.959677     9.129857    -0.052716
      2045.0    12.571517   490.058425   414.191319   683.136555     3.550088   141.895554    61.853968    80.041586    51.531986    52.422224     0.299537   288.324476   282.474906    30.846096     6.947221    -0.136755
      2046.0    11.623628   493.201418   415.304642   683.713785     3.565802   139.965390    60.385948    79.579442    51.153116    51.431582     0.297096   288.503382   282.861980    30.753670     7.841043    -0.298764
      2047.0    11.447990   496.344441   416.389237   684.025042     3.556352   139.534530    60.205760    79.328770    51.209317    51.455790     0.367913   288.644323   283.256079    30.757036     7.665376    -0.064784
      2048.0    12.703498   499.477447   417.804719   684.263807     3.709344   141.367257    61.537799    79.829458    51.178314    51.998680     0.378178   288.561566   282.973565    30.821913     8.123638     0.581602
      2049.0    13.040048   502.610483   419.541635   684.860037     3.707619   142.907898    62.292641    80.615256    51.465385    51.892949     0.366413   288.533832   282.991482    30.894907     8.662777    -0.168666
      2050.0    12.063796   505.743489   421.128468   685.469781     3.626621   141.938435    61.728913    80.209522    51.795809    52.514714     0.345459   288.561837   283.037569    30.953569     7.627365     0.109161
      2051.0    13.908797   508.876525   422.967336   686.158781     3.539115   143.429201    62.878395    80.550806    51.088238    52.061875     0.330714   288.346012   282.580551    30.877594     8.977652     0.284637
      2052.0    12.453400   511.999573   425.088033   687.397110     3.770448   142.651433    62.025602    80.625831    51.766233    52.843665     0.290440   288.559420   282.846426    30.776558     7.061240    -0.160897
      2053.0    11.300598   515.082672   426.273414   687.505692     3.662455   142.737641    61.698379    81.039262    52.392993    52.426302     0.281588   288.889441   283.441533    30.690948     8.086696    -0.075273
      2054.0    12.434093   518.135869   427.818820   687.727332     3.627129   144.140770    62.702221    81.438548    52.181137    52.282409     0.297020   288.885445   283.331170    30.621309     8.874406    -0.120369
      2055.0    12.175510   521.169151   429.569111   688.076136     3.660647   143.888408    62.619451    81.268957    52.180711    52.896800     0.289403   288.713872   283.163443    30.559753     7.972360     0.367285
      2056.0    14.097900   524.162484   431.947598   688.886936     3.661052   147.576926    64.928144    82.648782    52.284522    53.502375     0.300228   288.490979   282.882287    30.529722     9.047282     0.407054
      2057.0    11.432178   527.135841   433.862954   689.998638     3.596173   144.716039    62.658680    82.057359    52.639975    53.348653     0.282980   288.724817   283.198574    30.492052     7.394670    -0.403024
      2058.0    11.116654   530.079297   434.683036   690.122834     3.533806   143.810055    62.228161    81.581894    52.619426    52.583669     0.281644   288.831224   283.384506    30.486300     8.824410    -0.159952
      2059.0    13.700584   533.002778   437.350409   690.775030     3.587754   148.986064    65.391471    83.594593    52.918697    54.020222     0.275477   288.706220   283.163718    30.451868     8.703876     0.449329
      2060.0    12.282392   535.886370   439.797370   691.610528     3.698248   149.829267    65.478504    84.350763    54.065607    55.204005     0.289006   288.859006   283.355148    30.489986     7.827538     0.302900
      2061.0    11.415974   538.759974   440.299124   692.652706     3.612827   145.357433    63.139122    82.218311    52.947859    53.387167     0.282241   288.898123   283.349329    30.512409     9.250201    -0.602870
      2062.0    11.748987   541.583640   442.031677   692.828406     3.622723   147.303735    64.054213    83.249521    53.400747    53.637618     0.275655   288.994180   283.575939    30.546782     8.684042     0.061171
      2063.0    10.817307   544.377466   443.469638   693.142227     3.747269   145.131446    62.631054    82.500392    53.057156    53.208257     0.293256   288.964124   283.604292    30.581144     7.984836    -0.162720
      2064.0    12.798577   547.111367   445.424065   693.308442     3.585360   149.313107    65.222198    84.090909    53.407660    54.081844     0.276541   288.904968   283.460404    30.609953     9.185927     0.507969
      2065.0    12.539986   549.815305   447.897620   694.366269     3.654744   149.640362    65.371564    84.268798    53.520448    54.554673     0.273875   288.826383   283.280512    30.639421     8.343336    -0.023601
      2066.0    12.041782   552.469427   450.260334   695.239046     3.527682   151.397874    66.171742    85.226131    54.309040    55.476419     0.300673   289.023683   283.508025    30.701633     8.332610     0.294601
      2067.0     9.399360   555.083599   450.840099   695.713839     3.543642   146.278439    63.090469    83.187970    53.978861    53.937962     0.274679   289.222777   283.780364    30.734777     8.572741    -0.515691
      2068.0     9.180128   557.647895   451.324666   695.803786     3.521411   145.690928    62.751725    82.939204    53.707280    53.436089     0.286289   289.264054   284.014158    30.756693     8.831070    -0.361138
      2069.0    12.969491   560.182228   453.246340   695.860923     3.519717   150.399491    66.169968    84.229523    53.114134    53.915379     0.279781   289.000287   283.636518    30.777306    10.332915     0.744107
      2070.0    12.097464   562.666684   456.500045   696.857276     3.568500   152.957665    66.762284    86.195381    54.391629    55.466528     0.280056   288.977792   283.604371    30.805393     8.042051     0.078547
      2071.0    10.328519   565.121239   457.722218   697.748032     3.467297   150.456050    65.317595    85.138456    54.428749    55.363268     0.286673   289.171079   283.784205    30.816652     8.732154     0.043763
      2072.0     9.215441   567.505942   458.317430   698.419604     3.496888   147.265067    63.450384    83.814682    53.967885    54.066452     0.288594   289.190998   283.739197    30.837442     8.788721    -0.573006
      2073.0    10.996100   569.810805   460.381902   698.053174     3.405250   153.539918    67.035412    86.504506    55.083175    55.114904     0.288741   289.508312   284.383858    30.836571     9.856036     0.398159
      2074.0    11.208081   572.035830   462.374967   698.786548     3.553135   151.856775    66.345136    85.511640    54.200354    54.995262     0.289697   289.246582   283.829764    30.848104     9.356809     0.061534
      2075.0    10.025538   574.191003   464.292951   699.476261     3.484137   151.383338    65.954499    85.428839    54.701698    55.451395     0.290108   289.170322   283.756983    30.828733     8.585119     0.059984
      2076.0     7.530493   576.256409   465.155828   700.001442     3.353704   148.533211    63.572183    84.961028    54.643859    54.911857     0.290854   289.462608   284.037856    30.801603     7.797448    -0.257182
      2077.0    10.282788   578.251964   465.940781   699.739374     3.384933   151.481603    66.319282    85.162321    54.495101    54.098115     0.290344   289.400105   284.030740    30.777821    11.436214    -0.134918
      2078.0     9.725485   580.167741   468.442897   700.075992     3.331171   152.140671    66.093369    86.047302    54.511161    55.336682     0.292041   289.347785   284.085264    30.700226     8.254571     0.488903
      2079.0     9.170358   582.003618   469.710483   700.605661     3.351020   150.495493    65.441581    85.053912    54.439907    54.763011     0.293515   289.265142   283.881082    30.664663     9.410984    -0.206565
      2080.0     9.963936   583.769703   472.056396   701.259552     3.225498   154.098766    67.553617    86.545149    55.090819    56.049977     0.295762   289.181925   283.725746    30.637100     9.157727     0.305267
      2081.0    10.152162   585.465937   474.133965   702.053934     3.281734   154.562063    67.775633    86.786430    55.077498    56.004919     0.280711   289.228139   283.704447    30.555166     9.693145     0.133039
      2082.0     7.479983   587.072344   475.367575   702.913868     3.237678   149.787610    64.725249    85.062361    54.906008    55.024364     0.281177   289.341106   283.984189    30.454975     8.467274    -0.741578
      2083.0     7.940430   588.578998   476.785431   702.998874     3.161272   151.817044    65.813654    86.003390    54.862631    55.375225     0.280982   289.493381   284.237405    30.365389     9.020574     0.427587
      2084.0     7.296290   589.985838   478.008670   703.237391     3.105049   151.710495    65.652401    86.058093    55.199845    55.356449     0.281638   289.641212   284.415323    30.306107     9.072713    -0.081913
      2085.0     6.399035   591.292924   478.799072   703.311359     3.067763   150.096426    65.008540    85.087886    55.015911    55.045085     0.281349   289.693230   284.498616    30.255430     9.173054    -0.044793
      2086.0     7.160715   592.500257   479.943604   703.131302     3.155298   150.288109    64.945498    85.342611    54.507321    53.992222     0.280607   289.658652   284.451961    30.201649     9.808743    -0.335042
      2087.0     7.738226   593.617763   482.226117   703.180652     3.018336   152.508742    66.382573    86.126169    54.690884    55.339886     0.278922   289.449757   284.118847    30.152533     8.760175     0.599651
      2088.0     8.294522   594.645442   484.461451   703.872902     3.017901   155.216107    67.808543    87.407565    55.384241    56.081330     0.279668   289.448476   284.130183    30.114803     9.491878     0.004839
      2089.0     7.076429   595.573428   486.531962   704.389990     3.017085   154.279768    67.122770    87.156998    55.476172    56.290585     0.280073   289.522811   284.188028    30.092491     8.761674     0.297325
      2090.0     4.433555   596.401540   486.901540   704.882247     3.029588   149.699391    64.154743    85.544648    55.239743    55.195594     0.279762   289.796124   284.726264    30.052620     8.589571    -0.536406
      2091.0     6.935964   597.149873   488.185209   704.603553     2.852838   153.969004    67.255341    86.713663    55.558339    55.455394     0.245627   289.795528   284.596682    29.960712    10.516278     0.175749
      2092.0     7.128798   597.818428   490.565925   705.001008     2.932337   154.913363    67.586819    87.326544    55.491216    56.060320     0.247186   289.572225   284.253164    29.905813     9.145784     0.171649
      2093.0     5.980263   598.447033   492.002418   705.455968     2.867595   153.831518    66.832964    86.998554    55.689552    56.029583     0.246749   289.559240   284.340173    29.850021     9.366888    -0.114928
      2094.0     5.927912   599.015712   493.825547   706.025876     2.910943   154.427834    66.924892    87.502941    55.725969    56.458070     0.248240   289.644876   284.479271    29.824224     8.643693     0.162194
      2095.0     5.176370   599.554551   494.606472   706.409823     2.779415   152.333797    65.943500    86.390297    55.378625    55.431553     0.249418   289.692074   284.513161    29.823107     9.731023    -0.331020
      2096.0     4.900854   600.033465   496.413459   706.747975     2.792703   152.877189    65.871412    87.005776    55.347304    55.828411     0.250908   289.856745   284.677045    29.832998     8.236014     0.142956
      2097.0     4.189374   600.462502   496.436872   706.558925     2.600232   151.046321    65.506441    85.539880    55.345379    54.730516     0.246935   289.865640   284.783051    29.841339    10.752512    -0.425812
      2098.0     7.469278   600.841662   499.108695   706.808038     2.645506   156.055174    68.652299    87.402875    55.034217    56.093383     0.246656   289.512232   284.250939    29.864862     9.887093     0.810052
      2099.0     6.619435   601.170946   501.731161   707.875857     2.655258   157.426649    68.988100    88.438549    55.976936    57.261625     0.245628   289.555365   284.126145    29.814137     9.104009     0.216870
      2100.0     2.567402   601.440365   502.593552   708.627194     2.515478   152.703755    65.350501    87.353254    56.359457    56.215599     0.248410   289.921596   284.632623    29.813688     8.272511    -0.895196