        time     emission          CO2         cveg        csoil        fgco2         fgpp         fnpp           ra          frh     fvegsoil         fluc          tas     tas_land        cprod     fcvegout    fcsoilout
      1850.0     5.972639   286.756545   539.622793  1488.019886     0.156510   108.549295    57.465514    51.083833    56.872986    57.025278          0.0   288.130749   283.805139    32.391533     1.109423     0.488415
      1851.0     5.380962   289.624119   539.063539  1487.730031     0.608884   108.319917    57.089085    51.230826    57.592536    57.078312          0.0   288.231984   284.056442    32.587955     0.570033    -0.224368
      1852.0     7.600603   292.520340   538.614270  1487.486443     0.961810   109.634946    58.394519    51.240413    57.079522    57.056040          0.0   288.038220   283.774541    32.805450     1.787762     0.220105
      1853.0     8.675967   295.445567   539.854854  1487.540216     1.081973   110.676832    59.041447    51.635386    56.826312    57.016383          0.0   288.062977   283.814481    33.025494     0.784480     0.136297
      1854.0     8.630933   298.400008   540.753554  1487.706629     1.222817   110.957059    59.117595    51.839463    57.138696    57.206469          0.0   288.156793   283.942698    33.282490     1.012427    -0.098641
      1855.0     9.410500   301.384011   541.777248  1488.015373     1.379907   111.521063    59.419276    52.101804    56.886295    57.439667          0.0   288.151067   283.929275    33.399628     0.955898     0.244628
      1856.0     8.951284   304.397844   542.932165  1488.167443     1.665123   112.051011    59.508164    52.542837    57.791109    57.449030          0.0   288.293964   284.065474    33.353630     0.904226    -0.494150
      1857.0     8.737128   307.441824   544.567177  1487.161755     1.759638   112.778099    59.862574    52.915541    58.527909    57.368303          0.0   288.340994   284.321613    33.260693     0.859244    -0.153918
      1858.0    11.105355   310.516254   546.346279  1486.978963     1.917238   113.083688    60.607051    52.476619    57.130917    57.670070          0.0   288.070333   283.819193    33.184715     1.157896     0.721946
      1859.0    11.996539   313.621412   548.396592  1488.034584     1.991197   112.995625    60.611594    52.384015    56.390609    57.829746          0.0   288.059317   283.729407    33.072731     0.731552     0.383516
      1860.0    11.104695   316.757612   549.914690  1489.300751     2.225076   113.443313    60.475060    52.968263    57.439480    58.259944          0.0   288.248999   283.948806    33.042824     0.697009    -0.445703
      1861.0     9.814667   319.925191   551.729388  1489.070683     2.275080   115.022396    60.982194    54.040203    59.346037    58.390484          0.0   288.476470   284.361715    33.133133     0.777012    -0.725485
      1862.0    12.442492   323.124462   553.739221  1488.942114     2.371646   115.518635    61.798892    53.719729    57.680418    58.593836          0.0   288.247208   284.096898    33.377178     1.195237     1.041988
      1863.0    12.368876   326.355703   555.426890  1490.222013     2.394827   113.973771    61.025826    52.947944    57.054899    58.685677          0.0   288.047203   283.784439    33.704521     0.652481     0.350879
      1864.0    12.902731   329.619253   557.528307  1491.912498     2.463699   116.244452    62.285016    53.959423    57.903255    59.196631          0.0   288.235268   283.937060    34.025612     0.986982    -0.397109
      1865.0    12.163215   332.915461   559.379748  1492.807775     2.606149   116.675997    62.200230    54.475730    58.778683    59.239761          0.0   288.506502   284.292732    34.163643     1.109064    -0.434199
      1866.0    10.437162   336.244596   560.993737  1492.524585     2.702389   115.841522    61.261364    54.580142    59.740504    59.132991          0.0   288.544641   284.490945    34.162144     0.514400    -0.324323
      1867.0    12.648178   339.607044   562.520470  1492.838425     2.789836   115.249201    61.479659    53.769567    57.909388    59.127869          0.0   288.240792   284.031704    34.139374     0.825032     0.904640
      1868.0    13.619694   343.003111   564.256262  1494.166931     2.898966   116.782374    62.491285    54.291130    58.134265    59.454817          0.0   288.287698   284.143672    34.086990     1.300634    -0.007954
      1869.0    14.678508   346.433138   567.033856  1495.532571     2.996163   118.328370    63.467701    54.860680    58.231686    59.705658          0.0   288.347107   284.148744    33.970062     0.984439     0.108331
      1870.0    14.431266   349.897472   569.525642  1497.067305     3.103237   118.751405    63.559817    55.191569    58.743727    60.210698          0.0   288.492781   284.363923    33.986969     0.857351    -0.067763
      1871.0    13.777252   353.396461   572.265369  1497.942221     3.177373   119.883423    63.928614    55.954827    59.901322    60.316188          0.0   288.642007   284.555465    34.143745     0.872681    -0.460050
      1872.0    13.475240   356.930410   574.855124  1498.094049     3.247149   120.802557    64.243576    56.558946    60.644935    60.800906          0.0   288.704113   284.776634    34.394814     0.852950     0.004143
      1873.0    14.362976   360.499727   577.197484  1498.888061     3.213299   120.011503    64.159679    55.851823    59.702690    61.034031          0.0   288.511868   284.436528    34.690079     0.783290     0.537330
      1874.0    15.388433   364.104734   579.213462  1500.743549     3.262558   119.892145    64.319439    55.572712    58.945524    61.136077          0.0   288.456184   284.350218    35.050114     1.167378     0.335065
      1875.0    16.053866   367.745768   582.156460  1502.749616     3.344624   121.763162    65.411356    56.351815    59.533990    61.315478          0.0   288.491995   284.403547    35.254444     1.152872    -0.224580
      1876.0    16.113292   371.423240   585.469547  1504.367743     3.364026   123.331053    66.141024    57.190057    60.309883    61.769971          0.0   288.583525   284.463090    35.258213     1.057938    -0.158040
      1877.0    15.647585   375.137463   588.636093  1505.798682     3.439009   123.119756    65.823127    57.296610    60.624128    61.917960          0.0   288.726536   284.686118    35.164627     0.738640    -0.137106
      1878.0    15.077389   378.888851   591.969020  1506.482722     3.424258   124.529324    66.401632    58.127724    61.842818    62.326507          0.0   288.773709   284.770765    35.078987     0.742165    -0.200352
      1879.0    16.201805   382.677713   594.807699  1507.510050     3.453212   123.837415    66.386674    57.450755    60.817115    62.522840          0.0   288.527182   284.423425    34.989288     1.025142     0.678397
      1880.0    17.848782   386.504491   598.214500  1509.822129     3.556689   125.673143    67.647641    58.025527    60.600525    63.269625          0.0   288.503114   284.308678    35.060093     0.971191     0.357022
      1881.0    16.252407   390.369537   601.668315  1511.790947     3.510476   126.510109    67.605878    58.904233    62.177556    63.375831          0.0   288.775772   284.696551    35.279865     0.776229    -0.770543
      1882.0    15.746387   394.273258   604.404595  1513.113235     3.575864   125.662522    66.980922    58.681584    62.190475    63.803333          0.0   288.802208   284.857593    35.580372     0.441325     0.290570
      1883.0    16.860060   398.215968   606.757999  1514.839394     3.783257   126.149428    67.522397    58.627045    61.891339    63.888021          0.0   288.632451   284.689457    35.933960     1.280958     0.270523
      1884.0    17.906365   402.198144   609.385476  1517.356401     3.811072   126.771202    68.120542    58.650691    61.540027    64.231643          0.0   288.610820   284.514398    36.294319     1.261390     0.174610
      1885.0    19.570155   406.220101   613.570632  1519.784610     3.791299   130.906997    70.584552    60.322453    62.412424    64.645470          0.0   288.848512   284.898338    36.468231     1.753918    -0.195164
      1886.0    17.837238   410.282316   618.162677  1521.600741     3.847761   130.555159    69.811469    60.743667    63.519987    65.000586          0.0   288.980927   285.018890    36.530106     0.218862    -0.335532
      1887.0    17.315093   414.385137   621.595299  1522.944271     3.854435   130.291499    69.568934    60.722518    63.895155    65.290387          0.0   289.047692   285.118805    36.558853     0.845972     0.051702
      1888.0    20.230696   418.529008   625.590919  1525.133000     3.919271   132.272665    71.368711    60.903975    62.930339    65.933728          0.0   288.823338   284.782298    36.587845     1.439342     0.814660
      1889.0    18.871587   422.714277   629.468182  1528.190066     3.913132   131.000579    70.192973    60.807623    63.204734    65.986096          0.0   288.987782   285.074857    36.553360     0.329597    -0.275704
      1890.0    17.872357   426.941423   632.205051  1530.590345     3.938419   130.750793    69.838199    60.912590    63.953052    66.349233          0.0   288.952377   284.947560    36.645828     0.752102    -0.004098
      1891.0    19.929660   431.210825   634.809437  1533.905731     3.942700   131.231359    70.629889    60.601486    62.768180    66.775186          0.0   288.742562   284.640254    36.871098     1.250300     0.691620
      1892.0    20.491391   435.522960   638.338289  1537.777198     3.906349   133.959437    72.157672    61.801735    63.770384    67.411925          0.0   288.909488   284.864475    37.167660     1.216925    -0.229926
      1893.0    19.553016   439.878182   642.264399  1540.888088     3.823918   134.885972    72.531944    62.354060    65.081058    67.610137          0.0   288.985605   285.034564    37.497250     0.995666    -0.581812
      1894.0    19.144336   444.276967   645.234651  1543.725757     3.927376   134.035634    71.820412    62.215242    64.958454    67.916123          0.0   289.016340   285.031238    37.876728     0.934016     0.120000
      1895.0    18.190341   448.719726   648.238678  1546.217281     4.038711   134.454466    71.640585    62.813890    65.940680    68.115368          0.0   289.210427   285.309401    38.101528     0.521180    -0.316836
      1896.0    18.080356   453.206912   650.607111  1548.314652     4.009898   134.866735    71.776728    63.090033    66.261861    68.449078          0.0   289.222230   285.381225    38.118008     0.959191     0.089846
      1897.0    18.931276   457.739000   652.895391  1550.540540     4.017472   134.397992    71.965126    62.432874    65.714530    68.285643          0.0   289.019723   285.142885    38.049702     1.391195     0.345225
      1898.0    20.546975   462.316375   656.263083  1553.600597     4.067893   135.711670    73.073401    62.638249    65.362174    68.535104          0.0   288.870115   284.848917    37.970360     1.170625     0.112873
      1899.0    21.458524   466.939551   659.897885  1557.047743     4.078504   136.783669    73.766666    63.016971    65.260247    68.971380          0.0   288.916839   284.865700    37.847950     1.160517     0.263987
      1900.0    21.584370   471.608940   663.719379  1560.853490     4.200212   137.932814    74.234978    63.697820    65.811663    69.549721          0.0   289.054488   285.138083    37.895580     0.863779    -0.067689
      1901.0    19.463988   476.325020   666.827751  1563.941507     4.278752   138.443698    73.727837    64.715870    67.582584    69.926010          0.0   289.286553   285.352152    38.160164     0.693445    -0.744592
      1902.0    17.761084   481.088280   669.519269  1565.470605     4.201636   137.867757    73.221182    64.646547    68.786481    70.134707          0.0   289.384307   285.832421    38.494614     0.394985    -0.180871
      1903.0    20.801175   485.899165   671.699031  1568.085149     4.234254   138.218614    74.339285    63.879324    66.982993    70.518711          0.0   289.046382   285.207049    38.850391     1.640816     0.921174
      1904.0    20.838246   490.758152   674.315379  1571.717439     4.336055   138.530219    74.335439    64.194765    67.125938    70.762714          0.0   289.105275   285.250382    39.261818     0.956392     0.004486
      1905.0    21.530476   495.665729   677.220224  1575.351985     4.312821   139.546918    75.092683    64.454281    67.277188    70.791875          0.0   289.134751   285.199291    39.502907     1.395917    -0.119858
      1906.0    21.590917   500.622407   681.258976  1578.376320     4.263327   142.537424    76.659157    65.878255    68.847337    71.172852          0.0   289.357754   285.563250    39.566364     1.447565    -0.698820
      1907.0    19.431572   505.628639   685.508605  1579.726254     4.302450   143.241123    76.245940    66.995201    70.744898    71.660112          0.0   289.621540   285.946857    39.555901     0.336181    -0.434721
      1908.0    20.823336   510.684903   688.216721  1581.532333     4.219394   141.758547    75.946721    65.811795    69.079737    71.856779          0.0   289.275549   285.322861    39.531528     1.381856     0.970964
      1909.0    21.972979   515.791751   692.185676  1584.477009     4.289372   143.247022    76.990367    66.256675    69.162703    72.041780          0.0   289.354865   285.567916    39.446198     0.979612    -0.065600
      1910.0    21.531786   520.949661   695.276609  1587.541287     4.441840   142.959910    76.548349    66.411585    69.409526    72.582681          0.0   289.577504   285.845315    39.543522     0.874711     0.108878
      1911.0    20.107309   526.159155   698.837439  1589.591854     4.479293   145.865209    77.608129    68.257102    72.024903    72.966102          0.0   289.800634   286.229980    39.806461     1.081174    -1.109367
      1912.0    20.326242   531.420778   701.862364  1590.721517     4.522846   145.609049    77.559294    68.049773    71.890015    73.621527          0.0   289.708504   286.177789    40.153973     0.912825     0.601849
      1913.0    22.866101   536.734983   705.107061  1593.515784     4.427105   145.247964    78.183603    67.064311    69.976014    73.686033          0.0   289.371160   285.581488    40.554943     1.252923     0.915752
      1914.0    23.099799   542.102317   708.236583  1597.539094     4.411187   145.268041    78.109505    67.158523    69.745650    73.878715          0.0   289.394367   285.450072    41.017342     1.101282     0.109754
      1915.0    23.269809   547.523332   711.972227  1601.086544     4.428245   148.253360    79.592251    68.661140    71.188948    74.246871          0.0   289.613869   285.798726    41.333733     1.609705    -0.489527
      1916.0    18.425461   552.998575   714.752725  1603.191576     4.406260   145.302442    76.684945    68.617535    73.227492    74.294922          0.0   289.879398   286.290562    41.423546    -0.390512    -1.037602
      1917.0    21.416280   558.528567   716.424797  1604.948118     4.385910   146.006714    77.987213    68.019519    71.651460    74.489300          0.0   289.539669   285.665799    41.360847     1.825823     1.081298
      1918.0    23.560974   564.113857   719.243807  1608.251669     4.582711   147.182760    79.166507    68.016269    71.007484    74.652601          0.0   289.433173   285.686279    41.294838     1.694880     0.341566
      1919.0    22.995612   569.754992   722.574439  1611.964898     4.542445   146.677661    78.707109    67.970557    71.199232    74.811015          0.0   289.416589   285.589110    41.209301     0.565457    -0.101445
      1920.0    24.827065   575.452531   726.643928  1615.379369     4.481102   151.785216    81.740726    70.044428    72.445347    75.721277          0.0   289.585113   285.798815    41.285683     1.950023    -0.138541
      1921.0    22.093860   581.207083   730.996369  1617.982524     4.464265   151.605669    80.775919    70.829738    74.305324    75.988517          0.0   289.926697   286.318183    41.529282     0.434973    -0.919961
      1922.0    21.263129   587.019134   734.097085  1619.409688     4.574943   150.722140    80.164356    70.557736    74.736594    76.456303          0.0   289.969678   286.427475    41.901005     0.607385     0.292545
      1923.0    22.706707   592.889345   735.745188  1622.343850     4.720174   147.886520    79.124769    68.761762    72.508456    76.261530          0.0   289.693393   286.035591    42.291077     1.215125     0.818912
      1924.0    25.292413   598.818191   738.830530  1626.194085     4.720696   152.953770    82.372440    70.581337    73.282393    77.134353          0.0   289.743543   285.985912    42.638535     2.152739     0.001725
      1925.0    21.502681   604.806418   742.593335  1628.886838     4.566256   152.289660    80.916333    71.373368    75.596223    76.877190          0.0   290.022977   286.431348    42.822601     0.276298    -1.411787
      1926.0    19.867107   610.854461   744.484119  1629.829861     4.585307   149.973388    79.327995    70.645355    75.801571    77.070132          0.0   290.023377   286.524837    42.844475     0.367117     0.325537
      1927.0    24.712969   616.962998   746.626420  1632.206607     4.735993   152.385521    81.974994    70.410519    73.892256    77.160066          0.0   289.634099   285.839266    42.769112     2.672635     0.891065
      1928.0    26.079419   623.132642   750.911520  1635.741954     4.770288   155.271133    83.676643    71.594480    74.393703    78.003201          0.0   289.763476   285.963869    42.712635     1.388352     0.074151
      1929.0    26.336280   629.363956   756.164772  1638.993450     4.696754   158.108978    84.867325    73.241661    75.391363    78.405414          0.0   290.086784   286.503118    42.664761     1.208650    -0.237445
      1930.0    22.114255   635.657615   760.102655  1641.140577     4.509339   155.559463    82.478060    73.081451    77.155790    78.861318          0.0   290.252128   286.850503    42.799858    -0.321189    -0.441599
      1931.0    25.796897   642.014176   763.374635  1643.725503     4.592700   157.185965    84.535203    72.650751    75.728439    79.202002          0.0   289.976042   286.495467    43.097538     2.061232     0.888637
      1932.0    24.997978   648.434328   766.615429  1647.601297     4.862017   155.605989    83.486473    72.119507    75.863234    79.512615          0.0   290.004485   286.334401    43.469467     0.733072    -0.226412
      1933.0    25.315878   654.918695   770.518932  1650.769722     4.656347   159.769485    85.417096    74.352377    77.401300    79.992157          0.0   290.281198   286.757422    43.789104     1.521448    -0.577567
      1934.0    20.948581   661.467822   773.636300  1652.098158     4.685656   157.800962    83.347064    74.453882    79.850092    80.249222          0.0   290.559091   287.258629    44.159077    -0.019510    -0.929307
      1935.0    23.427593   668.082530   775.395444  1653.446901     4.746453   156.838375    83.625448    73.212920    77.855098    80.202417          0.0   290.302510   286.939901    44.375317     1.663893     0.998576
      1936.0    25.666456   674.763375   778.203670  1656.350850     4.849626   158.333458    84.951374    73.382103    77.198618    80.408974          0.0   290.084900   286.577550    44.347710     1.734154     0.306407
      1937.0    27.766308   681.510982   782.879932  1659.753967     4.731607   161.781301    86.872360    74.908938    77.056629    80.849883          0.0   290.225474   286.608783    44.252068     1.346219     0.390137
      1938.0    25.342080   688.326096   787.378092  1662.513134     4.699953   163.349160    86.959688    76.389452    79.680061    81.479546          0.0   290.520678   287.116753    44.245846     0.982001    -0.959681
      1939.0    23.425898   695.209348   790.748175  1663.945320     4.659280   161.414014    85.692638    75.721379    80.435338    81.751173          0.0   290.466843   287.041800    44.247784     0.571379    -0.116351
      1940.0    26.069471   702.161484   793.125215  1666.632958     4.724031   160.291372    85.866648    74.424673    78.162316    82.064920          0.0   290.210061   286.721980    44.374706     1.424739     1.214966
      1941.0    26.929892   709.183066   796.516317  1670.704511     4.829466   162.437394    86.950403    75.487014    78.623194    82.378171          0.0   290.289604   286.763061    44.664871     1.181108    -0.316576
      1942.0    24.319557   716.274909   799.354240  1673.664408     4.703505   162.112725    85.962569    76.150188    80.249542    82.558923          0.0   290.589266   287.268130    45.071655     0.565692    -0.650516
      1943.0    25.489884   723.437642   801.712598  1675.964406     4.780416   163.159860    86.955530    76.204348    80.277862    83.009710          0.0   290.481284   287.111401    45.536671     1.587444     0.431850
      1944.0    27.944107   730.672012   804.339971  1679.663845     4.948038   163.767609    87.835461    75.932191    78.999838    83.521688          0.0   290.249086   286.767518    46.059437     1.686358     0.822411
      1945.0    27.416946   737.978719   807.956055  1683.782105     4.899928   164.599619    88.106395    76.493229    79.913875    83.416185          0.0   290.444133   287.039598    46.329964     1.074121    -0.615950
      1946.0    24.131229   745.358507   810.600623  1686.464694     4.891996   163.707358    86.626242    77.081100    81.882794    83.506296          0.0   290.733262   287.472291    46.354401     0.475394    -1.059088
      1947.0    25.290845   752.812141   812.372054  1688.218149     4.928047   163.652937    87.052066    76.600855    81.356935    83.680377          0.0   290.554972   287.190222    46.244797     1.600273     0.569988
      1948.0    27.362925   760.340244   815.038404  1691.091874     4.946173   165.103918    88.508692    76.595231    80.919738    84.093628          0.0   290.415879   287.101338    46.165409     1.748709     0.300166
      1949.0    28.105081   767.943636   819.192576  1694.195586     4.638376   167.383515    89.786836    77.596709    81.320688    84.289508          0.0   290.501420   287.057536    46.059853     1.343126    -0.134892
      1950.0    27.713623   775.623070   823.290602  1696.910973     4.725429   168.030303    89.807725    78.222604    81.968097    84.803033          0.0   290.610257   287.279444    46.143990     0.906640     0.119550
      1951.0    27.852075   783.379314   826.689225  1699.868239     4.828601   168.517287    89.984945    78.532317    82.248583    85.219001          0.0   290.623716   287.332093    46.485443     1.367347     0.013152
      1952.0    26.599864   791.213113   829.701060  1702.791444     4.795482   167.848241    89.246281    78.601967    82.867542    85.749030          0.0   290.696181   287.310201    46.947643     0.485409    -0.041717
      1953.0    26.637052   799.125236   831.551572  1705.689301     4.893876   167.085997    89.009505    78.076499    82.849286    85.647376          0.0   290.644536   287.295537    47.361462     1.511610    -0.099767
      1954.0    27.075738   807.116497   833.580384  1708.615111     4.895295   167.556148    89.272344    78.283814    82.826662    85.929328          0.0   290.705600   287.347613    47.801670     1.314193     0.176856
      1955.0    26.631013   815.187665   836.229106  1711.119401     4.941074   169.331076    90.029744    79.301315    84.251329    86.038128          0.0   290.874963   287.580379    48.044403     1.342912    -0.717491
      1956.0    24.610272   823.339553   838.119556  1712.373757     4.816244   168.366946    89.054730    79.312192    85.357373    86.181420          0.0   291.072664   287.988292    48.026314     0.982884    -0.430309
      1957.0    28.891875   831.572931   841.096679  1713.842260     4.897795   171.346382    91.772726    79.573652    84.066644    86.396053          0.0   290.839222   287.528020    47.895580     2.399555     0.860906
      1958.0    30.196718   839.888682   845.312408  1716.992270     4.759922   171.822536    92.193465    79.629093    83.228508    86.784789          0.0   290.741986   287.311926    47.782578     1.192925     0.406272
      1959.0    29.081571   848.287511   848.991673  1720.268629     4.655260   171.641231    91.694119    79.947096    83.922815    87.175054          0.0   290.854934   287.445407    47.670403     0.839816    -0.024121
      1960.0    27.394957   856.770422   852.815564  1722.538971     4.567775   174.338234    92.495964    81.842252    86.480997    87.929976          0.0   291.141853   287.916874    47.800510     0.742115    -0.821362
      1961.0    26.332512   865.338132   854.610100  1724.093998     4.815317   170.833104    90.655885    80.177207    86.116031    87.760844          0.0   291.083677   287.874317    48.111797     1.100517     0.089786
      1962.0    30.264604   873.991517   857.259662  1726.844611     4.799145   172.754635    92.608974    80.145695    84.281493    87.875330          0.0   290.792707   287.506772    48.528156     2.084047     0.843224
      1963.0    31.208599   882.731416   861.220322  1730.457672     5.000809   175.299172    93.910784    81.388407    85.003455    88.744229          0.0   290.841850   287.482912    49.013786     1.205877     0.127713
      1964.0    27.911112   891.558718   864.838493  1733.008543     4.805448   176.892555    93.891107    83.001420    88.257804    89.110495          0.0   291.257742   288.136909    49.446056     1.162469    -1.698181
      1965.0    25.457591   900.474316   867.049737  1733.238722     4.727038   173.615532    91.683039    81.932501    88.629469    88.854523          0.0   291.274505   288.136940    49.588619     0.617264    -0.005126
      1966.0    29.519880   909.479037   869.116587  1734.679898     5.023398   174.001823    92.879584    81.122250    86.263151    88.950905          0.0   291.001087   287.755838    49.565121     1.861819     1.246578
      1967.0    30.200203   918.573839   871.845739  1737.621698     4.965750   174.486923    93.339543    81.147367    86.192785    89.022150          0.0   291.063090   287.842498    49.427155     1.588253    -0.112434
      1968.0    29.897842   927.759559   875.158471  1740.227018     5.100284   176.337152    93.811391    82.525724    87.308161    89.540779          0.0   291.259222   288.057170    49.210133     0.957917    -0.372702
      1969.0    27.721391   937.037155   878.191029  1741.200101     5.058845   177.525704    93.900795    83.624889    89.750820    89.618294          0.0   291.431826   288.371891    48.910225     1.249962    -1.105609
      1970.0    28.569604   946.407578   881.128738  1741.331662     5.000635   177.537025    94.125077    83.411909    89.255442    90.115070          0.0   291.294192   288.291073    48.850117     1.072337     0.728067
      1971.0    32.136437   955.871615   884.153743  1743.689331     4.980550   178.090232    95.259922    82.830299    86.975148    90.450336          0.0   291.079673   287.838009    49.129921     1.784592     1.117520
      1972.0    32.206089   965.430338   887.786842  1747.353242     4.918091   180.529342    96.097983    84.431369    87.854042    91.384249          0.0   291.279905   288.034944    49.571884     1.080624    -0.133704
      1973.0    27.298837   975.084658   890.221313  1748.876431     4.672471   179.119759    94.705517    84.414268    91.311985    91.362678          0.0   291.575615   288.527011    50.016991     0.908341    -1.472496
      1974.0    30.073320   984.835529   892.232525  1750.001673     4.840507   178.663027    95.008310    83.654700    89.196768    91.307239          0.0   291.331511   288.134058    50.487206     1.689877     0.985230
      1975.0    33.188403   994.683855   895.466139  1752.905944     4.791480   180.746314    96.854151    83.892187    88.090715    91.550294          0.0   291.185290   287.976250    50.746799     2.070220     0.555307
      1976.0    33.426057  1004.630664   899.614939  1756.518926     4.751686   182.444755    97.383670    85.061077    88.561510    92.215234          0.0   291.311606   288.048422    50.783112     1.019643     0.040743
      1977.0    27.766636  1014.676982   902.180253  1758.489279     4.657083   179.766974    94.589620    85.177386    91.568536    92.070766          0.0   291.652376   288.692775    50.626190    -0.046492    -1.468124
      1978.0    28.916337  1024.823783   903.826239  1758.718800     4.929742   180.425249    95.569180    84.856083    91.900936    92.080725          0.0   291.470687   288.364273    50.402905     1.842456    -0.049732
      1979.0    33.853388  1035.072021   906.912804  1760.507155     4.864112   182.714458    97.871989    84.842440    89.422529    92.490570          0.0   291.187747   287.924062    50.232529     2.294883     1.279685
      1980.0    34.239459  1045.422739   910.824730  1764.049020     4.823130   183.262876    98.086714    85.176176    89.407055    93.249839          0.0   291.282605   288.035827    50.328251     0.924936     0.300919
      1981.0    32.052473  1055.876964   914.416467  1766.939609     4.705806   184.829279    98.128570    86.700671    91.724509    93.458746          0.0   291.656159   288.590066    50.599598     1.078125    -1.156351
      1982.0    29.697207  1066.435727   916.791305  1767.648094     4.652828   183.447100    97.115890    86.331217    93.217390    93.853418          0.0   291.660447   288.701952    50.967567     0.887627    -0.072457
      1983.0    34.901755  1077.100061   919.903677  1769.709186     4.856410   186.200541    99.784119    86.416439    91.084501    94.060941          0.0   291.434522   288.330621    51.441238     2.610789     0.915348
      1984.0    34.172242  1087.871061   923.891067  1772.799687     4.717471   187.255689    99.799197    87.456523    91.893920    94.723407          0.0   291.633902   288.459795    51.960056     1.088370    -0.261014
      1985.0    28.988101  1098.749772   927.093649  1773.647143     4.609383   186.015684    97.878675    88.137031    95.293334    94.612448          0.0   292.029917   289.280465    52.178677     0.063623    -1.528342
      1986.0    33.085108  1109.737289   928.485536  1774.334077     4.949078   184.573681    98.168361    86.405368    92.071761    94.393377          0.0   291.650777   288.561573    52.176624     2.383049     1.634682
      1987.0    34.304983  1120.834643   932.571224  1776.717648     4.781499   188.441778   100.325332    88.116490    93.083918    94.898741          0.0   291.755852   288.690876    52.112415     1.340859    -0.568747
      1988.0    30.534598  1132.042999   935.004908  1777.540158     4.992245   186.649006    98.147996    88.501030    95.130711    95.422861          0.0   292.071017   289.181331    52.014965     0.291430    -0.530361
      1989.0    33.246800  1143.363465   936.724762  1778.387423     5.026123   186.383334    98.840671    87.542686    93.404593    95.078560          0.0   291.836449   288.835338    51.795017     2.042234     0.826702
      1990.0    35.764388  1154.797083   939.723042  1780.827596     5.174332   187.793867   100.273848    87.520068    92.702235    95.516248          0.0   291.654204   288.671033    51.752678     1.759271     0.373840
      1991.0    35.813876  1166.345070   943.309997  1783.961035     4.899436   188.616519   100.388855    88.227636    92.717709    95.957721          0.0   291.784246   288.766190    51.946026     0.844207     0.106573
      1992.0    32.423559  1178.008539   945.639921  1785.988078     4.964503   189.253571    99.671311    89.582258    95.681440    96.552253          0.0   292.121462   289.310812    52.252079     0.789136    -1.156230
      1993.0    34.569827  1189.788601   947.795617  1787.326945     4.850003   189.503772   100.452082    89.051686    94.440812    96.441138          0.0   292.014464   289.138937    52.553150     1.855253     0.661460
      1994.0    35.987728  1201.686472   950.434125  1789.641431     5.246830   189.993970   100.954136    89.039861    94.152910    96.733378          0.0   291.872431   288.812344    52.962196     1.582224     0.265982
      1995.0    32.159745  1213.703278   952.560107  1791.323935     4.945589   188.746215    99.292269    89.453952    96.281464    96.702633          0.0   292.149803   289.339954    53.144032     0.463648    -1.261334
      1996.0    30.530791  1225.840371   952.966858  1790.941784     4.894308   187.920532    98.758626    89.161897    97.603462    96.838705          0.0   292.172518   289.399804    52.987209     1.513179    -0.382606
      1997.0    34.901504  1238.098737   954.703844  1791.333774     4.822235   188.959892   100.313868    88.646002    94.993610    96.504061          0.0   291.989213   289.035688    52.744400     2.072843     1.118462
      1998.0    37.396910  1250.479731   957.962179  1793.361159     4.995839   192.204393   102.191418    90.013003    94.811643    97.138254          0.0   292.034196   289.002408    52.637096     1.794801     0.299226
      1999.0    33.026536  1262.984602   961.372661  1794.225745     4.839138   192.113753   101.080422    91.033331    98.180366    97.525169          0.0   292.367446   289.597748    52.569653     0.144771    -1.519783