        time     emission          CO2         cveg        csoil        fgco2         fgpp         fnpp           ra          frh     fvegsoil         fluc          tas     tas_land        cprod     fcvegout    fcsoilout
      1850.0    -0.989776   284.496864   507.881740  1707.179996    -0.864052    87.118096    39.960248    47.157848    37.572000    37.252123     0.000000   286.910007   281.705820     0.000000     2.323352          0.0
      1851.0    -1.266093   284.564453   507.657321  1706.921072    -0.797834    87.426059    39.913664    47.512395    37.832749    37.573825     0.226044   287.090500   281.865228     0.794901     2.564257          0.0
      1852.0    -1.053976   284.654390   506.823712  1706.723102    -0.750473    87.275072    40.563220    46.711852    38.104421    37.906451     0.240591   287.010562   281.750161     1.514271     3.490379          0.0
      1853.0    -0.054794   284.750250   507.491558  1706.673036    -0.799827    88.734499    40.773501    47.960999    37.024433    36.974368     0.253292   286.882453   281.539876     2.157354     3.131287          0.0
      1854.0    -1.572268   284.841926   506.295039  1706.917044    -0.902403    86.337324    39.681561    46.655763    37.563617    37.807624     0.266718   286.884227   281.634689     2.729000     3.070456          0.0
      1855.0     0.037375   284.929897   506.426602  1707.068238    -0.982559    87.733703    40.663077    47.070626    36.599144    36.750339     0.279404   286.605137   281.094844     3.225332     3.781175          0.0
      1856.0    -1.108019   285.027145   506.027509  1707.287021    -0.877882    87.152358    40.015648    47.136710    37.322081    37.540863     0.294021   286.769816   281.340669     3.653014     2.873878          0.0
      1857.0    -0.568675   285.152732   505.840438  1707.135036    -0.727068    87.811844    40.209011    47.602833    37.297330    37.145345     0.305897   286.861175   281.474312     4.011060     3.250737          0.0
      1858.0     0.235697   285.288042   506.161415  1707.331389    -0.694520    89.483385    41.262895    48.220490    37.100310    37.296663     0.318913   286.687737   281.212711     4.302410     3.645255          0.0
      1859.0    -1.659042   285.431087   505.290474  1707.706489    -0.633627    86.612889    39.052305    47.560584    37.213201    37.588301     0.331503   286.987514   281.697515     4.527318     2.334944          0.0
      1860.0    -1.170081   285.596892   503.871317  1707.516011    -0.566457    86.458000    39.716578    46.741421    37.567229    37.376751     0.344981   286.975729   281.733547     4.635892     3.758984          0.0
      1861.0     0.064973   285.767910   504.522399  1707.386966    -0.718121    88.018199    40.638505    47.379695    37.016755    36.887710     0.234814   286.767162   281.339325     4.392282     3.099713          0.0
      1862.0     0.228684   285.929212   504.920087  1707.363875    -0.716451    90.439295    41.925746    48.513549    38.251248    38.228157     0.230095   286.843342   281.472031     4.170469     3.299901          0.0
      1863.0    -1.467379   286.094652   504.687000  1707.650471    -0.552609    86.406403    39.078550    47.327853    37.267187    37.553783     0.226442   286.939031   281.646430     3.973911     1.757853          0.0
      1864.0    -1.435148   286.263623   503.373704  1707.265906    -0.673107    84.919630    38.953248    45.966382    37.131517    36.746952     0.222158   286.941356   281.681434     3.799925     3.519592          0.0
      1865.0     0.747866   286.434816   504.167389  1707.092145    -0.595583    87.784921    40.747455    47.037466    36.672496    36.498735     0.217270   286.648068   281.284355     3.649630     3.455035          0.0
      1866.0    -1.251029   286.598331   503.957151  1707.402023    -0.599539    86.216130    39.057063    47.159067    37.084827    37.394705     0.213704   286.894879   281.584089     3.526656     1.872597          0.0
      1867.0    -1.170499   286.769031   503.206873  1707.080873    -0.850665    85.704871    39.214845    46.490026    37.221697    36.900547     0.209233   286.966184   281.708242     3.427220     3.064576          0.0
      1868.0    -0.100210   286.930030   503.331903  1707.288543    -0.553979    86.739299    39.855939    46.883360    36.819443    37.027112     0.205037   286.837458   281.445875     3.352412     2.703797          0.0
      1869.0    -1.079872   287.074762   502.952801  1707.434027    -0.698149    86.168620    39.756603    46.412017    37.369523    37.515007     0.199465   286.963784   281.686784     3.301920     2.620698          0.0
      1870.0     0.210891   287.219282   503.368788  1707.140470    -0.733596    87.184563    40.163370    47.021193    36.752327    36.458770     0.196103   286.915027   281.504819     3.309528     3.288613          0.0
      1871.0    -1.386484   287.367309   502.496771  1707.271955    -0.621316    85.730993    39.102610    46.628384    37.042248    37.173733     0.415457   287.028352   281.836426     4.092388     2.800893          0.0
      1872.0     0.933010   287.525782   502.427328  1707.031614    -0.431064    89.276151    41.448166    47.827985    37.393824    37.153484     0.431620   286.898992   281.541519     4.792367     4.364125          0.0
      1873.0    -0.877255   287.697815   501.763863  1707.510027    -0.439653    86.956027    39.564253    47.391774    37.327994    37.806406     0.447539   286.959628   281.639093     5.411525     2.421312          0.0
      1874.0     0.898470   287.880015   502.114072  1707.663847    -0.528336    89.984695    41.602459    48.382236    37.337541    37.491361     0.465132   286.793435   281.472127     5.958426     3.760888          0.0
      1875.0    -0.598924   288.082367   501.221747  1708.708594    -0.563083    86.285712    39.305317    46.980395    36.445882    37.490630     0.479200   286.814898   281.552831     6.416024     2.707013          0.0
      1876.0    -0.761389   288.287766   500.225990  1708.901871    -0.741343    86.962717    39.878804    47.083913    37.105866    37.299143     0.493943   286.847921   281.416175     6.788810     3.575418          0.0
      1877.0     0.185736   288.498160   499.598060  1709.093206    -0.565759    88.487366    41.043534    47.443832    37.694969    37.886305     0.510350   286.967549   281.685478     7.099942     3.785160          0.0
      1878.0    -0.014914   288.723849   499.971175  1708.942767    -0.710270    89.445574    40.996467    48.449107    37.626770    37.476332     0.526222   286.986226   281.713724     7.337177     3.147021          0.0
      1879.0     0.770960   288.939848   500.121891  1709.566480    -0.646636    90.013365    41.729424    48.283941    37.348515    37.972228     0.541796   286.724749   281.280039     7.504177     3.606480          0.0
      1880.0    -0.670874   289.169573   499.473821  1710.479450    -0.615919    87.950499    40.194119    47.756379    37.273888    38.186857     0.560861   286.772444   281.382732     7.560991     2.655332          0.0
      1881.0    -0.085465   289.417056   499.147872  1710.317672    -0.513599    89.598425    41.319405    48.279020    38.048395    37.886618     0.455181   287.011784   281.789196     7.433958     3.758737          0.0
      1882.0     0.280280   289.675287   498.819959  1710.977056    -0.172752    87.506699    40.057686    47.449013    36.899299    37.558683     0.453366   286.870541   281.474283     7.315000     2.826916          0.0
      1883.0     0.056468   289.923575   498.086032  1710.721696    -0.198409    88.221421    40.743426    47.477995    38.051085    37.795726     0.450471   286.978288   281.865513     7.200147     3.681627          0.0
      1884.0     1.374056   290.172070   498.309858  1711.344645    -0.084669    88.438062    40.951448    47.486614    36.568167    37.191116     0.449191   286.661006   281.166242     7.097073     3.536506          0.0
      1885.0     0.228613   290.440947   497.909323  1712.083408    -0.622017    87.637508    40.191032    47.446476    36.794324    37.533087     0.444833   286.736713   281.327271     7.002642     3.058480          0.0
      1886.0     0.417839   290.718704   498.273040  1712.512430    -0.464177    89.170264    40.652812    48.517452    36.999458    37.428479     0.441888   286.689225   281.273465     6.915491     2.860616          0.0
      1887.0     0.422459   291.004070   496.810304  1713.768965    -0.268690    86.042924    39.707385    46.335539    36.614379    37.870915     0.439193   286.698138   281.163867     6.837116     3.299206          0.0
      1888.0     1.000029   291.317134   496.985751  1713.833618    -0.549839    89.294547    41.446115    47.848431    37.432851    37.497504     0.438176   286.707281   281.341809     6.772595     3.773163          0.0
      1889.0     2.012962   291.639355   498.201491  1714.599595    -0.731998    91.613312    42.180660    49.432651    36.866139    37.632116     0.434760   286.478534   280.982900     6.720359     3.332805          0.0
      1890.0    -0.264240   291.963205   497.451045  1716.175391    -0.455355    88.360925    40.013306    48.347619    37.204979    38.780775     0.431388   286.703610   281.312779     6.690867     1.982977          0.0
      1891.0     0.562764   292.297845   496.577099  1716.559522    -0.877605    89.942692    41.447679    48.495013    37.676653    38.060785     0.534302   286.690976   281.280320     6.972440     4.260840          0.0
      1892.0     1.229108   292.634560   496.756468  1717.601668    -0.520211    89.960988    41.293751    48.667237    36.946295    37.988441     0.544188   286.529256   280.931664     7.224054     3.125941          0.0
      1893.0     0.296674   292.952119   495.896835  1718.462021    -0.517668    89.175776    40.867223    48.308554    37.746513    38.606865     0.551663   286.775659   281.318253     7.441933     3.119990          0.0
      1894.0     0.135265   293.278380   495.754720  1718.609005    -0.244838    89.379266    40.423829    48.955437    37.675881    37.822865     0.561346   286.903038   281.556220     7.627993     2.743078          0.0
      1895.0     1.149839   293.594004   495.801155  1719.171601    -0.411291    90.778171    41.900817    48.877354    37.722797    38.285393     0.568549   286.704533   281.309417     7.773335     3.568989          0.0
      1896.0     1.411681   293.900755   495.435305  1720.137416    -0.460440    90.971135    42.352858    48.618277    37.955180    38.920995     0.581186   286.594066   281.068668     7.890664     3.797713          0.0
      1897.0     0.350945   294.185585   495.380727  1721.334200    -0.327073    90.482738    41.310048    49.172690    37.693526    38.890310     0.588658   286.672923   281.201217     7.970518     2.474316          0.0
      1898.0     0.785807   294.491755   494.899168  1721.694458    -0.491755    91.277525    42.026075    49.251450    37.929560    38.289818     0.601749   286.726662   281.403333     8.022437     4.217816          0.0
      1899.0     0.695458   294.818292   494.574275  1722.230551    -0.472972    90.735453    41.639680    49.095773    37.872846    38.408940     0.611200   286.732538   281.417332     8.049715     3.555634          0.0
      1900.0     0.831200   295.158331   494.084493  1723.408269    -0.449450    89.350048    40.896433    48.453615    37.083991    38.261709     0.620113   286.643695   281.049447     8.027164     3.124506          0.0
      1901.0     0.808988   295.488586   494.133280  1723.609429    -0.465143    92.178112    42.330460    49.847653    38.699118    38.900278     0.554050   286.878230   281.581450     7.915037     3.381395          0.0
      1902.0     2.231251   295.811730   495.233073  1724.330097    -0.411171    94.647277    43.764310    50.882968    38.389100    39.109767     0.557128   286.672958   281.290266     7.810063     3.554749          0.0
      1903.0    -0.119407   296.141805   493.981228  1726.000534    -0.065465    89.022086    40.183257    48.838829    37.561527    39.231964     0.560117   286.708203   281.300107     7.712361     2.203138          0.0
      1904.0    -0.037595   296.459088   493.258296  1725.948931    -0.661157    91.715715    42.031244    49.684470    38.579189    38.527586     0.561365   286.699740   281.359082     7.616526     4.226590          0.0
      1905.0     1.535873   296.788469   493.639857  1726.720434    -0.561422    91.622384    42.437643    49.184741    37.518945    38.290448     0.560995   286.479885   280.982678     7.534133     3.765633          0.0
      1906.0     1.377186   297.133190   493.340128  1728.035038    -0.445774    90.936102    42.001196    48.934906    37.705921    39.020524     0.563881   286.705124   281.165382     7.460174     3.280401          0.0
      1907.0    -0.157628   297.516382   492.676031  1728.895055    -0.466017    89.063332    40.440036    48.623296    37.752180    38.612197     0.564355   286.860094   281.532701     7.392102     2.491937          0.0
      1908.0     0.928948   297.910454   491.812647  1729.634042    -0.175270    88.478050    40.911002    47.567048    37.618521    38.357508     0.566637   286.765220   281.365767     7.339880     3.416879          0.0
      1909.0     1.467946   298.310755   492.527768  1730.080210    -0.400904    92.389842    42.662064    49.727778    38.294160    38.740328     0.562346   286.830346   281.463911     7.291135     3.206614          0.0
      1910.0     2.098532   298.719523   492.116893  1731.354940    -0.216045    90.340112    41.834016    48.506096    37.235611    38.510342     0.560447   286.603871   281.037315     7.255718     3.734549          0.0
      1911.0     1.114461   299.143691   492.420298  1732.316873    -0.222084    91.183148    41.769793    49.413355    38.352027    39.313960     0.415875   286.825554   281.343363     7.146743     2.152428          0.0
      1912.0     1.984742   299.615328   492.548602  1733.130469     0.041131    91.127286    41.758638    49.368647    37.778070    38.591665     0.414436   286.753787   281.336655     7.056025     3.038669          0.0
      1913.0     2.207012   300.112483   492.498747  1734.444557     0.070046    90.138456    41.663386    48.475071    37.515448    38.829536     0.411846   286.594334   281.044670     6.978031     2.883704          0.0
      1914.0     1.442211   300.592045   492.758781  1735.402929    -0.138836    89.985825    40.981559    49.004266    37.284448    38.242819     0.408440   286.649967   281.154471     6.903286     2.478706          0.0
      1915.0     2.448379   301.103187   493.097677  1736.133771    -0.138514    91.695228    42.133607    49.561621    37.727116    38.457957     0.405474   286.666934   281.288528     6.834671     3.336753          0.0
      1916.0     1.558902   301.627329   493.231630  1737.539029    -0.190168    90.315081    41.349582    48.965500    37.563806    38.969064     0.402006   286.509948   280.966102     6.768478     2.246565          0.0
      1917.0     1.908768   302.142954   493.320136  1738.180964    -0.261247    91.448749    42.314747    49.134002    38.320377    38.962312     0.401330   286.580791   281.101112     6.716946     3.263929          0.0
      1918.0     3.026777   302.610338   494.572149  1739.164622    -0.333026    94.060288    43.334668    50.725620    38.011063    38.994722     0.399626   286.561277   281.005207     6.682236     3.087933          0.0
      1919.0     0.585314   303.037830   494.679372  1740.657310    -0.195273    92.059238    41.231795    50.827443    38.093386    39.586073     0.402492   286.798426   281.418116     6.677542     1.538499          0.0
      1920.0     1.844413   303.497668   493.737014  1741.799387    -0.043206    91.321499    42.324617    48.996881    38.399985    39.542062     0.400792   286.720488   281.126061     6.703325     3.724913          0.0
      1921.0     1.417767   303.912553   493.715606  1742.647106    -0.102473    91.410261    42.150901    49.259360    38.449871    39.297590     0.498670   286.831439   281.463837     6.899375     2.874718          0.0
      1922.0     1.440616   304.310571   493.532279  1743.483000    -0.155372    91.357531    42.180581    49.176950    38.309313    39.145207     0.512872   286.742564   281.295472     7.073152     3.218701          0.0
      1923.0     1.717224   304.671668   494.155164  1744.172039    -0.230795    93.810756    43.089485    50.721270    38.830496    39.519535     0.525492   286.786144   281.405865     7.215012     2.947065          0.0
      1924.0     1.746721   305.043385   494.117919  1745.572466    -0.273555    93.217757    42.937498    50.280259    38.476297    39.876725     0.544639   286.670486   281.283792     7.344136     3.098018          0.0
      1925.0     1.607613   305.326355   493.711669  1746.972300    -0.314766    92.299462    42.828370    49.471092    38.432991    39.832824     0.553453   286.677792   281.201165     7.434081     3.401796          0.0
      1926.0     1.598755   305.561751   494.262485  1748.457594    -0.305780    93.806041    43.070271    50.735770    38.398234    39.883528     0.568276   286.690773   281.260401     7.498640     2.635927          0.0
      1927.0    -0.107706   305.814103   492.652789  1749.998930    -0.409921    89.795452    41.685506    48.109946    38.777678    40.319014     0.587636   286.793961   281.311925     7.550637     2.976187          0.0
      1928.0     0.712841   306.032164   492.126416  1750.713484    -0.107194    90.498228    41.782585    48.715643    38.335758    39.050312     0.604843   286.903968   281.552884     7.586139     3.258645          0.0
      1929.0     2.004295   306.240958   492.499987  1751.337264    -0.260066    92.566330    43.309246    49.257084    38.353055    38.976835     0.621485   286.795178   281.326790     7.615255     3.958841          0.0
      1930.0     0.390134   306.415953   492.924319  1752.694239    -0.162207    93.080533    42.244921    50.835613    38.591574    39.948550     0.637193   286.811015   281.363738     7.633216     1.872039          0.0
      1931.0     0.759033   306.619234   490.960319  1754.096826    -0.046021    89.573181    41.522415    48.050767    38.282342    39.684930     0.694607   286.865840   281.523809     7.902004     3.801484          0.0
      1932.0     1.331590   306.857144   491.236256  1754.761835    -0.245531    93.867783    43.774478    50.093305    39.445775    40.110784     0.711829   286.823552   281.435649     8.156863     3.387758          0.0
      1933.0     0.615791   307.117126   490.066493  1756.639088    -0.126174    89.765267    41.755016    48.010251    38.075874    39.953127     0.730129   286.716482   281.281636     8.395361     2.971652          0.0
      1934.0     1.412926   307.420942   489.765530  1757.568013    -0.158819    92.064043    42.693738    49.370305    38.363233    39.292157     0.740159   286.649472   281.128427     8.594327     3.702544          0.0
      1935.0     0.861369   307.779290   488.722453  1759.039047    -0.188133    90.383582    42.048132    48.335449    38.462205    39.933240     0.754145   286.703295   281.317456     8.766870     3.157970          0.0
      1936.0     1.992008   308.335891   488.198955  1760.154366    -0.153741    92.726852    43.002999    49.723853    38.695891    39.811210     0.764653   286.668390   281.147838     8.905289     3.715287          0.0
      1937.0     1.776484   308.928036   487.620994  1761.402658    -0.084235    92.298694    42.794867    49.503827    38.739857    39.988149     0.772748   286.708656   281.301717     9.019820     3.384679          0.0
      1938.0     1.997444   309.441070   488.167315  1761.419698    -0.049360    96.608218    44.133541    52.474676    39.520475    39.537514     0.788980   286.890457   281.724444     9.113591     4.049706          0.0
      1939.0     2.174584   309.964977   487.638032  1763.068555     0.011455    94.123502    43.298894    50.824608    38.720607    40.369464     0.802038   286.583453   281.023058     9.186989     3.458713          0.0
      1940.0     0.779797   310.475252   487.072041  1764.243414    -0.135420    92.439536    42.153148    50.286388    38.719829    39.894688     0.816641   286.838427   281.472027     9.233555     2.824451          0.0
      1941.0     2.226191   310.965540   487.296242  1765.100992    -0.208152    94.718360    43.769464    50.948896    39.137130    39.994707     0.725395   286.829134   281.295969     9.209195     3.550556          0.0
      1942.0     1.051649   311.407242   487.354496  1766.130059    -0.259408    94.117622    43.065262    51.052360    39.125579    40.154647     0.734102   286.833752   281.437040     9.167595     2.852361          0.0
      1943.0     1.212084   311.753260   487.506788  1767.140868     0.004011    93.744460    42.703980    51.040479    38.742846    39.753654     0.751029   286.678821   281.143743     9.129651     2.798034          0.0
      1944.0     1.768859   311.973116   487.632117  1767.792025    -0.023756    95.909656    44.074155    51.835501    39.476716    40.127873     0.774696   286.818433   281.342008     9.117627     3.820954          0.0
      1945.0     2.196375   312.119815   488.482975  1769.065640    -0.194901    97.583455    45.039162    52.544292    39.491982    40.765598     0.790253   286.731310   281.210599     9.121327     3.422706          0.0
      1946.0     0.309276   312.242439   488.085887  1770.628136    -0.320025    94.693579    43.284594    51.408986    39.296475    40.858971     0.810553   286.795022   281.352460     9.144830     2.822711          0.0
      1947.0    -1.010001   312.387534   486.585065  1772.574060    -0.299470    90.982703    41.525666    49.457037    38.949279    40.895203     0.837856   286.832918   281.316969     9.186726     2.131284          0.0
      1948.0     0.501351   312.486655   485.074168  1773.617317    -0.172046    90.479993    42.499056    47.980937    38.581498    39.624755     0.864121   286.760828   281.325152     9.238380     4.385199          0.0
      1949.0     1.377977   312.605899   485.570306  1774.345569    -0.172772    93.586005    43.669925    49.916081    39.028925    39.757178     0.881840   286.734422   281.250198     9.298409     3.416609          0.0
      1950.0     1.257317   312.762794   486.269983  1775.171277    -0.266625    96.656115    44.707280    51.948835    39.845982    40.671690     0.912278   286.768271   281.172313     9.401966     3.335913          0.0
      1951.0     1.404989   312.925708   485.733808  1776.424537    -0.271544    96.204238    44.211731    51.992507    39.373122    40.626383     1.047379   286.686533   281.046718    10.031993     4.121524          0.0
      1952.0     0.058501   313.167822   485.143966  1778.392317    -0.339648    94.019298    42.801529    51.217769    38.765035    40.732815     1.105722   286.633823   281.169479    10.620124     2.658556          0.0
      1953.0     0.862000   313.457679   484.024799  1779.765389    -0.455575    93.295582    42.975250    50.320332    38.456881    39.829953     1.148913   286.782596   281.312180    11.112296     4.264464          0.0
      1954.0     0.665527   313.755312   483.117870  1781.132468    -0.301429    94.334351    43.709885    50.624466    39.577219    40.944298     1.189331   286.786227   281.237904    11.516482     3.672516          0.0
      1955.0     0.144182   314.049175   482.289588  1782.246251    -0.302464    93.809462    43.029416    50.780046    39.164102    40.277886     1.236638   286.890467   281.398569    11.842554     3.579812          0.0
      1956.0     2.441537   314.335872   482.213309  1783.589215    -0.249945    97.340377    45.599262    51.741115    39.423536    40.766499     1.294295   286.652972   281.059276    12.113330     4.909042          0.0
      1957.0     0.435705   314.626720   481.411849  1785.463581    -0.136503    95.618737    43.926615    51.692122    39.791315    41.665681     1.328585   286.875000   281.371165    12.324311     3.062395          0.0
      1958.0     0.449758   314.948394   479.930329  1786.962580    -0.111712    93.915499    43.035680    50.879819    39.203641    40.702640     1.357668   286.926381   281.496858    12.455911     3.814561          0.0
      1959.0     0.730441   315.329074   478.552772  1788.288991    -0.051162    93.376866    43.395842    49.981023    39.158632    40.485043     1.381098   286.794097   281.298045    12.501480     4.288356          0.0
      1960.0     1.217038   315.915371   477.421610  1789.195798    -0.224599    93.787280    43.503553    50.283727    39.350490    40.257297     1.402823   286.876780   281.380683    12.451567     4.377419          0.0
      1961.0     1.573963   316.485143   476.958595  1790.755632    -0.157665    92.695691    42.733763    49.961928    38.951400    40.511235     0.825597   286.957418   281.499618    11.799489     2.685543          0.0
      1962.0     2.342667   317.106054   477.313965  1792.018317     0.066509    95.080084    44.103998    50.976086    39.582072    40.844756     0.805841   286.910997   281.554167    11.174584     2.903872          0.0
      1963.0     3.960116   317.692595   478.626500  1792.952801    -0.148638    99.991065    46.944281    53.046785    40.549499    41.483984     0.790085   286.734998   281.128262    10.592458     4.147762          0.0
      1964.0     3.070587   318.325164   479.404726  1794.889324    -0.072969    99.946612    46.223145    53.723467    40.697022    42.633545     0.773633   286.768834   281.301613    10.049073     2.811372          0.0
      1965.0     2.240998   318.876571   479.568774  1796.840411    -0.097412    98.054798    45.038697    53.016102    40.189887    42.140973     0.752546   286.684534   281.242376     9.557028     2.733676          0.0
      1966.0     1.855714   319.703587   478.343686  1798.467819     0.015361    94.715341    43.224670    51.490671    39.901188    41.528596     0.726870   286.942722   281.505854     9.108130     2.921161          0.0
      1967.0     1.265994   320.373146   478.213587  1799.022720    -0.025451    94.570032    42.788478    51.781554    39.715612    40.270513     0.707473   287.108468   281.923994     8.729997     2.648065          0.0
      1968.0     3.229663   321.151168   478.008353  1800.710600     0.110662    95.514429    44.499652    51.014778    39.494780    41.182661     0.683451   286.818388   281.260366     8.409764     3.522224          0.0
      1969.0     2.224539   321.947152   477.574304  1801.711837     0.230937    94.893401    43.822202    51.071199    40.286067    41.287303     0.651236   287.035305   281.720831     8.150412     2.968948          0.0
      1970.0     5.148694   323.094608   478.367939  1802.663474     0.291189    98.611279    45.920793    52.690486    40.307148    41.258786     0.620038   286.837118   281.255950     8.040391     3.868371          0.0
      1971.0     2.840835   323.870682   478.747082  1804.343459     0.373136    97.229731    44.499248    52.730484    40.398575    42.078559     0.550004   286.991861   281.613247     8.030178     2.041545          0.0
      1972.0     4.834265   325.280651   477.622715  1806.088770     0.499490    95.198210    44.429455    50.768755    40.114117    41.859428     0.556921   286.871034   281.289756     8.029213     3.694394          0.0
      1973.0     6.177870   327.181581   479.036232  1807.109491     0.526829    99.242093    45.565608    53.676485    40.608818    41.629538     0.555453   287.001290   281.581778     8.024385     2.522552          0.0
      1974.0     4.651717   328.323416   479.188226  1808.935774     0.499355    98.048462    45.578160    52.470303    40.372438    42.198722     0.554410   286.926440   281.592152     8.019000     3.227444          0.0
      1975.0     4.490648   329.006872   479.574847  1810.686992     0.484631    98.992542    46.189023    52.803519    40.268272    42.019490     0.552820   286.792743   281.283344     8.012220     3.782913          0.0
      1976.0     4.442231   329.904760   480.310691  1812.411631     0.462282   101.273457    46.773217    54.500240    41.360658    43.085296     0.556131   286.832557   281.190538     7.998713     2.952076          0.0
      1977.0     4.825066   331.305106   480.080595  1814.412178     0.428253    98.450991    45.398832    53.052159    40.787608    42.788155     0.555870   286.860047   281.217171     7.977177     2.840774          0.0
      1978.0     5.795602   332.731615   480.843659  1815.998151     0.550237   101.175909    46.829944    54.345965    41.276627    42.862600     0.552433   286.942692   281.450734     7.952229     3.204280          0.0
      1979.0     5.245845   334.159306   481.217775  1817.752997     0.537224   100.128156    46.204439    53.923717    40.932454    42.687300     0.548629   287.004191   281.684571     7.916046     3.143023          0.0
      1980.0     6.175693   335.887394   480.967186  1819.843764     0.526082    98.929763    46.025060    52.904704    40.919910    43.010676     0.549804   287.003714   281.500680     7.870648     3.264972          0.0
      1981.0     4.989693   337.342359   481.518948  1820.929908     0.640144    99.784997    45.635732    54.149264    40.961493    42.047637     0.721164   287.018838   281.694825     8.450720     3.036334          0.0
      1982.0     4.101855   338.339439   481.501677  1822.326010     0.351395    98.900609    45.432450    53.468159    40.490418    41.886521     0.740496   286.926064   281.573077     8.958283     3.563200          0.0
      1983.0     6.055840   339.803432   482.035235  1823.982520     0.381880   101.446435    46.786340    54.660095    40.920741    42.577252     0.760806   286.810978   281.227100     9.395437     3.675531          0.0
      1984.0     5.321966   341.405347   481.833641  1826.397199     0.706394   100.152219    45.956667    54.195552    41.300790    43.715469     0.779753   286.994356   281.487913     9.756535     2.442792          0.0
      1985.0     5.824390   342.874255   482.260724  1827.716019     0.670559   101.927303    47.175099    54.752204    41.550446    42.869265     0.793892   287.092508   281.724386    10.043464     3.878751          0.0
      1986.0     5.212491   344.344622   482.471235  1829.183082     0.574632   102.337835    47.203282    55.134553    42.140957    43.608020     0.810744   287.207972   281.952701    10.269977     3.384750          0.0
      1987.0     6.090469   346.022806   482.562188  1831.259732     0.755027   101.375784    46.673802    54.701982    41.218082    43.294733     0.822230   287.150927   281.725719    10.423346     3.288116          0.0
      1988.0     6.920776   348.032703   483.276903  1832.426589     0.764559   104.586740    48.043863    56.542877    42.446932    43.613789     0.833496   287.224178   281.834696    10.517992     3.715359          0.0
      1989.0     6.281340   349.730782   483.156124  1834.264858     0.933328   102.223232    46.993915    55.229317    41.465047    43.303316     0.844016   287.250463   281.918834    10.546165     3.811379          0.0
      1990.0     4.856295   351.211125   483.373125  1835.421925     0.984301   101.570034    46.236459    55.333575    41.771173    42.928239     0.860756   287.290029   282.083701    10.488605     3.091218          0.0
      1991.0     6.562922   352.711306   484.439943  1836.463046     0.899898   103.794754    47.974574    55.820181    42.242339    43.283460     0.601695   287.236333   281.882563     9.920672     3.624297          0.0
      1992.0     5.709661   353.990958   485.994964  1838.048159     1.016576   104.935008    47.937811    56.997196    42.365145    43.950258     0.594460   287.202322   281.842846     9.388124     2.432532          0.0
      1993.0     6.203164   355.062403   487.259379  1839.396425     0.946718   105.621263    48.579997    57.041267    42.302148    43.650414     0.579032   287.068718   281.711008     8.885958     3.665167          0.0
      1994.0     6.080853   356.333184   488.650099  1842.016461     0.855621   103.922025    47.704822    56.217204    41.770152    44.390188     0.567542   287.054490   281.688642     8.421315     1.923914          0.0
      1995.0     5.911778   357.925170   489.757824  1843.742700     0.895253   104.616255    47.263587    57.352668    42.054313    43.780553     0.554391   287.185879   281.826065     7.995126     2.375310          0.0
      1996.0     6.593585   359.508035   490.263822  1845.326557     0.806664   105.025701    48.245539    56.780163    42.611411    44.195268     0.542751   287.200314   281.808499     7.614015     3.544273          0.0
      1997.0     5.170113   360.888259   491.355961  1847.045400     0.971617   103.698022    47.070710    56.627312    42.527892    44.246735     0.528234   287.357802   282.129986     7.281491     1.731835          0.0
      1998.0     7.783897   362.968171   491.707407  1848.813643     1.387319   102.040089    47.263830    54.776258    42.232164    44.000406     0.509817   287.246682   281.907746     6.991892     2.911978          0.0
      1999.0     8.756755   364.833192   493.847243  1849.812748     1.186036   107.836497    50.109285    57.727212    43.278090    44.277195     0.499794   287.351545   282.078473     6.760813     3.692254          0.0
      2000.0     6.801235   366.370115   495.763365  1851.602855     1.174936   108.054815    49.255955    58.798860    43.666110    45.456217     0.501743   287.421545   282.090279     6.667063     1.883616          0.0
      2001.0     5.629280   367.991071   495.451965  1853.848458     0.989724   103.883025    47.764483    56.118542    43.190623    45.436227     0.812246   287.437317   282.220163     7.250763     2.639656          0.0
      2002.0     8.191566   369.863351   498.454152  1854.754555     1.022722   108.783348    50.027845    58.755503    43.152039    44.058136     0.465630   287.328874   282.115595     7.046343     2.967522          0.0
      2003.0     8.183681   371.998229   500.507955  1855.924879     1.307392   109.149979    49.671112    59.478866    43.885832    45.056156     0.608264   287.530199   282.299362     7.244799     2.561153          0.0
      2004.0     6.308064   373.813571   500.444068  1857.756277     1.167398   106.495264    48.364364    58.130900    43.445582    45.276981     1.030461   287.625520   282.441922     8.293737     3.151270          0.0
      2005.0     8.128294   375.731183   503.519775  1858.678020     1.263395   110.701975    50.341216    60.360759    43.904574    44.826316     0.859380   287.512641   282.345566     8.514720     2.439193          0.0
      2006.0     8.226415   377.779742   504.803307  1860.523082     1.248010   108.529681    49.417784    59.111897    43.400450    45.245512     0.616127   287.491801   282.265517     8.323676     2.888740          0.0
      2007.0     7.921374   379.524996   507.906850  1861.553652     1.258475   113.222832    51.497348    61.725485    45.011388    46.041959     0.709898   287.654098   282.493647     8.422912     2.351846          0.0
      2008.0     7.115940   381.535688   509.341626  1862.981920     1.350407   111.517373    49.895939    61.621433    44.759523    46.187791     0.738875   287.699062   282.446919     8.485008     2.273371          0.0
      2009.0     7.029240   383.278463   510.227924  1864.541525     1.121610   110.683087    50.106655    60.576432    44.246573    45.806177     0.704450   287.589858   282.328246     8.486713     3.414180          0.0
      2010.0     7.488052   385.433997   511.201159  1866.267660     1.419885   110.678719    49.925249    60.753470    43.765685    45.491820     1.776663   287.708088   282.513539     9.949637     3.460194          0.0
      2011.0     7.315701   387.573574   512.115475  1867.872421     1.468475   108.429556    48.970043    59.459513    43.967346    45.572108     0.889942   287.707862   282.557303    10.532228     2.483620          0.0
      2012.0     8.249436   389.626030   513.269468  1868.817520     1.446176   111.789804    50.606253    61.183551    44.418079    45.363178     1.014517   287.715867   282.501536    10.512411     4.089082          0.0
      2013.0     8.274695   391.993582   515.669022  1870.245808     1.549668   110.976377    49.691169    61.285207    43.955371    45.383659     1.061328   287.731252   282.613188    10.546523     1.907957          0.0
      2014.0     8.203878   393.975426   516.015043  1871.621675     1.648997   112.417753    50.906625    61.511128    44.526299    45.902166     1.303255   287.615927   282.349983    10.868293     4.658437          0.0
      2015.0     7.960592   396.254961   517.851851  1873.334586     1.474303   111.363792    49.228018    62.135773    43.511970    45.224880     0.813962   287.717825   282.530444    10.438088     2.166330          0.0
      2016.0    10.310150   398.996070   519.615232  1874.766217     1.677903   111.885358    50.699863    61.185495    44.721259    46.152890     0.447055   287.810952   282.615673     9.524445     2.783593          0.0
      2017.0    10.164946   401.558723   522.998627  1875.558290     1.755128   114.428599    51.137442    63.291158    44.980154    45.772227     0.426774   287.909170   282.927418     8.635388     1.981820          0.0
      2018.0    10.406822   404.179511   526.238150  1876.833503     1.810111   115.638848    51.727102    63.911746    45.331542    46.606754     0.405185   287.869200   282.915733     7.800740     1.880825          0.0
      2019.0    11.446207   406.852476   529.218244  1878.364349     1.982466   117.898129    53.008317    64.889812    45.875354    47.406200     0.386156   287.797784   282.714156     6.855946     2.622022          0.0
      2020.0     9.940464   409.626980   531.059692  1879.958492     1.664033   115.113811    50.998795    64.115015    45.412798    47.006941     0.315512   287.979513   283.104709     6.272587     2.150407          0.0
      2021.0    11.789927   412.309103   534.779272  1881.269677     1.753865   118.958286    53.610433    65.347854    45.856259    47.167444     0.281736   287.854464   282.734409     5.726483     2.723409          0.0
      2022.0     8.983798   415.012196   536.384753  1883.191802     1.783270   112.577718    49.415528    63.162189    45.047469    46.969594     0.249606   287.994063   282.994391     5.247267     0.840453          0.0
      2023.0     8.863358   417.662275   537.530569  1884.427416     1.965879   111.449595    49.585807    61.863788    45.386847    46.622461     0.216006   288.102579   283.225341     4.817638     1.817530          0.0
      2024.0    10.973996   420.153322   540.292404  1884.962708     1.908638   115.303988    51.915697    63.388290    44.983817    45.519109     0.169154   288.066338   283.234373     4.565828     3.634754          0.0
      2025.0     9.705318   422.460037   542.546953  1886.702247     2.112879   113.569582    50.675061    62.894521    44.781326    46.520865     0.145159   288.012020   283.048651     4.401214     1.899647          0.0
      2026.0     7.985203   424.616301   544.173259  1887.741031     1.688474   112.110259    49.491904    62.618355    44.795072    45.833857     0.235951   288.052781   283.203189     4.486689     2.031741          0.0
      2027.0    10.058825   426.627880   546.853067  1889.381661     1.955330   114.802913    51.508002    63.294910    44.456872    46.097503     0.248777   287.855115   282.749000     4.559196     2.730692          0.0
      2028.0     8.167345   428.512037   548.705816  1890.761941     1.700929   115.076202    51.187437    63.888765    45.735086    47.115366     0.268029   288.197648   283.234834     4.626022     2.219321          0.0
      2029.0     8.035487   430.190229   551.820807  1891.522374     1.629580   118.262781    52.036633    66.226148    45.999191    46.759623     0.276560   288.097094   283.243160     4.645467     2.162018          0.0
      2030.0     7.939813   431.721088   553.678871  1893.242448     1.632264   115.816802    51.463127    64.353675    45.038392    46.758466     0.290571   287.958763   283.054668     4.645952     2.846598          0.0
      2031.0     7.752160   433.039318   556.512575  1894.505091     1.763833   119.028289    52.838802    66.189487    46.205199    47.467842     0.389691   288.039793   283.064276     5.011003     2.537256          0.0
      2032.0     5.507856   434.262794   557.779025  1895.658517     1.456578   117.183079    51.199113    65.983966    46.463527    47.616952     0.436678   288.351090   283.477267     5.359909     2.315711          0.0
      2033.0     6.516041   435.363329   560.125124  1896.302571     1.351736   121.178575    53.457540    67.721035    47.019725    47.663779     0.455865   288.299655   283.439942     5.614863     3.447662          0.0
      2034.0     4.239302   436.343460   560.700962  1897.548851     1.267186   115.343817    50.877995    64.465822    46.582273    47.828553     0.472373   288.338687   283.479761     5.822923     2.473604          0.0
      2035.0     4.891857   437.193653   561.091714  1898.781187     1.574187   113.912398    50.572701    63.339696    45.717412    46.949748     0.493403   288.272945   283.494545     5.986290     3.232202          0.0
      2036.0     7.348795   437.925420   562.766927  1900.666971     1.396299   117.149722    53.487121    63.662601    45.494725    47.380508     0.449169   288.075262   283.061127     6.251049     4.431400          0.0
      2037.0     4.446488   438.541837   565.148628  1901.968603     1.470597   118.406914    51.882201    66.524712    46.712598    48.014230     0.463609   288.245739   283.230632     6.472676     1.486270          0.0
      2038.0     4.941766   439.053271   566.627476  1902.751361     1.274830   118.428001    52.318593    66.109408    46.562728    47.345486     0.475618   288.276278   283.363547     6.649309     3.494259          0.0
      2039.0     3.303808   439.461874   567.815910  1904.203516     1.265948   115.329754    50.183918    65.145835    45.772493    47.224647     0.488503   288.322015   283.481923     6.789485     1.770837          0.0
      2040.0     3.248192   439.781771   568.471836  1904.896147     1.152485   116.594509    51.150992    65.443517    46.372740    47.065371     0.503806   288.352716   283.552119     6.887908     3.429695          0.0
      2041.0     4.888149   439.985261   571.974082  1905.578764     1.167162   119.941469    52.784635    67.156834    46.383664    47.066281     0.250228   288.163530   283.214723     6.277310     2.216107          0.0
      2042.0     4.016303   440.100469   573.153927  1907.396868     1.067424   116.561940    51.513806    65.048134    45.975766    47.793870     0.238349   288.233932   283.287247     5.706869     2.540092          0.0
      2043.0     4.920765   440.137653   576.223746  1908.954388     0.894719   119.454573    53.098920    66.355653    46.260354    47.817874     0.224667   288.096185   283.136618     5.170130     2.211227          0.0
      2044.0     2.522485   440.098323   576.859888  1911.469835     1.097163   115.520952    50.706034    64.814918    46.342636    48.858083     0.208524   288.260204   283.213206     4.690363     1.211810          0.0
      2045.0     2.814118   440.000545   579.080771  1911.718682     0.971654   118.711060    52.390012    66.321049    47.395067    47.643914     0.192666   288.446655   283.657769     4.262234     2.525215          0.0
      2046.0     3.830591   439.835464   581.717107  1912.958557     0.902278   119.249968    52.606342    66.643626    46.349876    47.589751     0.196052   288.260582   283.292729     3.891049     2.380254          0.0
      2047.0     2.293831   439.609865   584.077284  1914.265483     0.690460   118.507223    51.149557    67.357666    46.066152    47.373078     0.187049   288.309985   283.370041     3.577644     1.416302          0.0
      2048.0     2.780575   439.318509   585.521790  1915.533142     0.662565   119.458705    52.669428    66.789276    47.161646    48.429305     0.175214   288.277273   283.321881     3.313188     2.795617          0.0
      2049.0     1.896763   438.959481   587.510837  1916.893167     0.565608   117.556333    51.129767    66.426566    46.182169    47.542195     0.164631   288.251215   283.323265     3.093006     1.598526          0.0
      2050.0     1.576676   438.556617   588.072250  1918.922501     0.578484   113.455503    49.996297    63.459207    45.303975    47.333309     0.146622   288.252622   283.330123     3.015074     2.101575          0.0
      2051.0     1.235451   438.085443   589.023457  1920.491178     0.676722   114.211508    50.462938    63.748569    45.906786    47.475462     0.203241   288.331559   283.551693     3.222019     2.036268          0.0
      2052.0     2.097074   437.571009   590.017211  1921.758029     0.682870   115.568022    51.536097    64.031925    46.194124    47.460975     0.204951   288.178944   283.075256     3.399426     3.081368          0.0
      2053.0     1.538682   437.038070   592.498783  1922.618556     0.721734   118.059071    51.207740    66.851331    46.309042    47.169569     0.205560   288.173253   283.096024     3.546059     1.556598          0.0
      2054.0     1.946189   436.461849   593.907720  1924.342643     0.373899   118.250032    52.336226    65.913806    46.197774    47.921861     0.208070   288.179844   283.122095     3.686341     3.005428          0.0
      2055.0     0.621209   435.883735   594.666273  1925.912259     0.192945   116.026732    51.081972    64.944760    46.400479    47.970095     0.209936   288.145726   283.069547     3.806217     2.353325          0.0
      2056.0     0.296137   435.275255   595.428175  1927.243005     0.407660   114.668176    50.461629    64.206547    46.298293    47.629040     0.171685   288.353357   283.509672     3.720436     2.070687          0.0
      2057.0     1.624123   434.641019   597.681432  1927.917203     0.506802   118.531875    52.360708    66.171167    46.775804    47.450001     0.174490   288.236128   283.250398     3.630123     2.657450          0.0
      2058.0    -0.071240   434.025363   599.003548  1928.747038     0.296295   117.338021    51.192452    66.145568    47.158139    47.987975     0.184394   288.341989   283.451605     3.557110     1.882361          0.0
      2059.0     1.512763   433.391527   600.257839  1929.780203     0.241219   117.601773    52.027116    65.574658    46.521236    47.554401     0.188364   288.194379   283.165325     3.478915     3.218424          0.0
      2060.0     1.269165   432.728095   601.433799  1931.467302     0.479783   117.127758    51.266449    65.861308    46.131331    47.818430     0.193971   288.249859   283.196584     3.376514     2.272059          0.0
      2061.0    -1.467104   432.068548   602.088485  1932.670420     0.109421   114.204467    48.848455    65.356012    46.142132    47.345250     0.195137   288.381509   283.638546     3.361326     0.848519          0.0
      2062.0     2.362996   431.391398   603.127060  1933.681448     0.369802   117.595968    52.826845    64.769123    46.369339    47.380366     0.196847   288.204880   283.255166     3.350207     4.407904          0.0
      2063.0     2.028314   430.706297   605.406880  1934.954629     0.145890   121.351163    53.583468    67.767695    47.353784    48.626965     0.203837   288.167688   283.097923     3.366133     2.676683          0.0
      2064.0    -1.000369   429.989229   605.954677  1937.104736     0.028440   115.750977    49.365098    66.385879    45.841089    47.991196     0.209487   288.310216   283.347446     3.401978     0.826105          0.0
      2065.0     0.256777   429.276425   606.220238  1938.250430     0.093731   116.615379    51.283583    65.331796    46.525440    47.671134     0.210516   288.197670   283.208479     3.457194     3.346888          0.0
      2066.0     0.373373   428.554331   607.698710  1939.420060     0.072389   117.070289    51.176209    65.894080    46.586574    47.756204     0.241008   288.227683   283.147979     3.696494     1.941533          0.0
      2067.0    -1.145688   427.807813   607.406867  1940.447153    -0.071352   116.276263    51.221315    65.054949    47.798678    48.825771     0.259588   288.463711   283.657937     3.980623     2.687387          0.0
      2068.0    -0.783625   427.053607   607.376298  1941.987155     0.312041   113.599442    49.934415    63.665027    46.417996    47.957999     0.269141   288.256409   283.110503     4.265625     2.006985          0.0
      2069.0    -1.842752   426.294740   606.967474  1943.048954     0.143439   111.470019    48.934739    62.535280    46.307506    47.369304     0.279985   288.437308   283.564409     4.542486     1.974258          0.0
      2070.0     0.862466   425.542476   608.167548  1943.267398    -0.015545   117.071693    52.395974    64.675719    47.001266    47.219710     0.293888   288.320406   283.320424     4.811147     3.976189          0.0
      2071.0    -1.742265   424.745667   608.565966  1944.209576    -0.027593   115.028038    50.002306    65.025732    46.864916    47.807094     0.382490   288.404356   283.478475     5.299630     1.796795          0.0
      2072.0     0.466749   423.946026   609.627820  1945.221371    -0.136490   118.331571    51.875327    66.456244    45.959708    46.971502     0.395146   288.199993   283.154707     5.721766     3.841970          0.0
      2073.0    -1.988504   423.134741   608.932321  1946.702291    -0.017290   113.477733    49.231496    64.246237    45.978688    47.459608     0.416536   288.291762   283.265800     6.146572     2.467388          0.0
      2074.0    -1.707588   422.323506   609.381844  1946.768799    -0.315743   117.141061    50.776292    66.364769    46.843010    46.909518     0.429382   288.445847   283.499895     6.504932     3.417251          0.0
      2075.0    -1.277592   421.487473   609.807997  1947.361544    -0.224547   116.366105    50.660279    65.705827    46.628988    47.221733     0.439724   288.374218   283.410931     6.779261     3.012392          0.0
      2076.0    -2.539040   420.635876   608.705135  1948.443459     0.090928   113.240738    49.098671    64.142067    47.085351    48.167267     0.332363   288.535726   283.602199     6.663041     2.034266          0.0
      2077.0    -2.536536   419.769298   607.703424  1948.853812     0.202041   111.476892    48.989118    62.487773    47.019890    47.430243     0.333765   288.662329   283.829966     6.545593     2.560587          0.0
      2078.0     0.106261   418.887266   608.591145  1948.642781    -0.063561   117.336863    52.355644    64.981219    47.273850    47.062819     0.335091   288.440764   283.511086     6.427224     4.405104          0.0
      2079.0    -1.572054   418.006385   609.321964  1949.584617    -0.146862   115.983179    50.596011    65.387168    47.357262    48.299098     0.342057   288.472267   283.578432     6.340340     1.566094          0.0
      2080.0    -1.028849   417.126609   608.701451  1950.883311    -0.141533   114.250060    50.932655    63.317405    46.968451    48.267144     0.342608   288.465515   283.660546     6.232099     3.286023          0.0
      2081.0    -1.535060   416.229621   609.102410  1951.834200    -0.052704   113.869610    49.339143    64.530467    45.984540    46.935429     0.308569   288.380218   283.397304     6.044704     2.002756          0.0
      2082.0    -0.610979   415.304616   609.118941  1952.347431    -0.290292   118.690814    52.665827    66.024986    48.215190    48.728421     0.307222   288.338351   283.344012     5.881402     3.920874          0.0
      2083.0    -0.659653   414.385591   610.579619  1953.749598    -0.010914   117.953548    51.597063    66.356485    47.055409    48.457576     0.303854   288.228511   283.244103     5.740893     1.678810          0.0
      2084.0    -3.335805   413.443024   609.950909  1954.438603    -0.324353   114.542714    49.391303    65.151411    47.340655    48.029660     0.303689   288.383657   283.548787     5.637234     1.990353          0.0
      2085.0    -1.212320   412.463680   609.977120  1954.771391    -0.343384   116.492998    51.113310    65.379687    46.722403    47.055191     0.308727   288.215630   283.213670     5.625970     4.031908          0.0
      2086.0    -1.935088   411.476248   609.986683  1956.167802    -0.449136   114.544316    50.111809    64.432508    46.576531    47.972941     0.222480   288.210818   283.065225     5.440530     2.129305          0.0
      2087.0    -1.131644   410.479163   611.019595  1956.681138    -0.441080   117.596525    51.330776    66.265749    47.360985    47.874321     0.219196   288.429166   283.548671     5.262108     2.423542          0.0
      2088.0    -3.535320   409.461788   610.508882  1957.911647    -0.531888   113.376352    49.122122    64.254229    47.005016    48.235526     0.215301   288.414693   283.592253     5.089332     1.397310          0.0
      2089.0    -2.114544   408.442666   611.028168  1958.247983    -0.580449   113.872159    50.180408    63.691750    45.824109    46.160444     0.210611   288.084395   283.113929     4.931211     3.500677          0.0
      2090.0    -2.381091   407.434412   610.918126  1959.269873    -0.446291   111.660411    48.518829    63.141581    45.256737    46.278627     0.209900   288.129528   283.154965     4.817183     2.350244          0.0
      2091.0    -3.817660   406.352282   609.705888  1959.797888    -0.484521   112.506000    49.244333    63.261667    47.469831    47.997846     0.241257   288.368547   283.403007     4.836299     2.458726          0.0
      2092.0    -2.863538   405.247473   609.418019  1960.039726    -0.633587   114.384469    50.456786    63.927682    47.551089    47.792928     0.243590   288.215014   283.174780     4.863970     2.951727          0.0
      2093.0    -1.917317   404.122167   610.377250  1960.951313    -0.473405   116.433953    51.113517    65.320436    46.864870    47.776457     0.246294   288.171334   283.261273     4.910355     2.377829          0.0
      2094.0    -3.127379   402.985069   609.590825  1961.689232    -0.641587   114.055363    50.069407    63.985955    46.913648    47.651567     0.247901   288.340892   283.381037     4.958101     3.204265          0.0
      2095.0    -4.237414   401.841189   608.078674  1962.500471    -0.355986   109.121033    47.712481    61.408553    46.374582    47.185821     0.248714   288.368794   283.433734     5.028618     2.038811          0.0
      2096.0    -4.046771   400.700759   608.129915  1962.142963    -0.815037   114.360615    49.847595    64.513020    47.599448    47.241940     0.255186   288.397609   283.563076     5.102951     2.554414          0.0
      2097.0    -2.604123   399.537804   607.538333  1962.920998    -0.750445   112.020869    49.955710    62.065159    46.143237    46.921272     0.258290   288.053107   283.017429     5.156619     3.626019          0.0
      2098.0    -1.978463   398.387597   608.388121  1963.568958    -0.801560   115.631806    51.472221    64.159585    47.233607    47.881567     0.266890   288.204365   283.088097     5.199625     2.740867          0.0
      2099.0    -4.269282   397.189422   607.677792  1964.756788    -0.746423   112.190142    48.873546    63.316596    46.740631    47.928460     0.271868   288.311411   283.269559     5.223841     1.655415          0.0
      2100.0    -4.787401   395.952383   606.125771  1964.978398    -0.757027   109.881301    48.464602    61.416699    47.022162    47.243772     0.273741   288.455171   283.542766     5.215877     2.772851          0.0