        time     emission          CO2         cveg        csoil        fgco2         fgpp         fnpp           ra          frh     fvegsoil         fluc          tas     tas_land        cprod     fcvegout    fcsoilout
        1850    -0.280931   284.316986   545.450655  1980.685713     -0.27852    95.202908     37.96173    57.241177    36.603935    37.081178     0.028763   286.920497   281.691854     2.969004     0.597143     0.689355
        1851     0.245062   284.450989   545.257807  1980.636088    -0.174248    96.945004    39.074294     57.87071    37.070083    37.474536     0.188004   286.964653   281.757393     5.699495     1.792606     0.454079
        1852    -0.707133   284.597992   544.588701  1980.748948    -0.185674    95.698785    38.281115    57.417669     36.91898     37.42976     0.217657   287.047929   281.846264     7.943914     1.520461     0.397919
        1853    -0.276185   284.730988   543.868596  1980.649848    -0.213868    96.709868     38.90584    57.804028     37.33057    37.313264     0.240841   287.024706   281.857901     9.742354     2.312681     0.081794
        1854    -0.187476   284.846008   543.488564   1980.72196    -0.077711    96.708074    38.835994     57.87208    36.880172    37.719535     0.259717   286.930843   281.716335    11.337529     1.496491      0.76725
        1855     -0.62211    284.94101    542.58604  1980.934425    -0.059832    96.020335    38.448147    57.572188    36.679002    37.478252     0.275521   287.045404    281.74048    12.692865     1.872418     0.586785
        1856    -0.376009   285.049011   541.673207  1980.930894     0.020866    95.225667    38.335494    56.890173    36.649594    37.068204     0.287511   287.095444   281.975335    13.831986     2.180123     0.422142
        1857     0.027016    285.20401   541.173416  1981.066548     0.119239    96.256621     38.89975    57.356871    36.774926    37.499675     0.297113   287.006896   281.811413    14.957952     1.899865     0.589094
        1858    -0.834737   285.368988   539.844325  1981.645363     0.095451    95.106773    37.553041    57.553732    36.179628    37.538095      0.30426   287.188712   281.975627    15.825027     1.344038     0.779652
        1859    -0.936127   285.545013   537.899483  1981.765353     0.093323    95.933305    38.439199    57.494106    37.416058    37.409751     0.310254   287.257632   282.285852    16.710178     2.974289    -0.126297
        1860     0.217441   285.739014   537.873811  1980.922525     0.210622    97.416336    39.294536    58.121801    37.479533    37.485925     0.316064   287.046236   281.897369    17.503447     1.834282     0.849219
        1861    -0.569914   285.933014    537.00442  1981.039241     0.037303    95.669695    38.069651    57.600044    36.685192    37.387017      0.29121   287.181249   282.244882     18.13526     1.552024      0.58511
        1862     0.460338   286.100006   536.334088  1980.974028     0.041014    96.884453    39.248508    57.635945    37.189685    37.131586     0.293178   286.818121   281.450878    18.709314     2.787255     0.007114
        1863     0.735085   286.270996    537.16345  1980.469182     0.003161    98.637377    39.914806    58.722571     37.20238    37.422179     0.295249   286.858243   281.600414    19.258133     1.663266     0.724644
        1864    -0.129473   286.441986    537.39323  1980.381947    -0.012492    97.608318     38.89813    58.710188    37.100093    37.909715     0.297099   287.068272    281.73317    19.802094     0.758635     0.896857
        1865    -0.623933   286.614014   536.354986  1980.479543    -0.081895    97.199642    38.866026    58.333616    37.592366    37.493635     0.297969    287.20542   281.998458      20.2861     2.410635    -0.196327
        1866    -0.118811   286.781006    536.05571  1980.161785    -0.088555    96.923225    38.957464    57.965762    37.085404    37.464838     0.299083   287.049064   281.928121    20.744902     1.791901     0.697191
        1867     0.463442   286.954987   535.850772  1980.162368     0.003181    97.280976     38.94695    58.334026    36.845797    37.767263     0.299856   287.021245   281.760959    21.193092     1.384626     0.920883
        1868    -0.596381   287.105011   535.244499  1980.424495      -0.0774    97.422154    38.538771    58.883383    36.977016    37.445896     0.300351   287.230892   282.234128    21.746618     1.699147     0.206754
        1869    -0.250998   287.225006   534.394435  1980.332332     0.039869    96.453535    38.803222    57.650313    36.981387    37.376833     0.301573   287.190592   282.103036    22.082043     2.276453     0.487609
        1870    -0.410055   287.355011   534.104218  1980.200107     0.075816    96.713065    38.492296    58.220769    37.005091    37.503151     0.301861   287.204395   282.091471    22.538736     1.279363     0.630285
        1871    -0.457483   287.493988   533.123803  1980.014803    -0.012795    97.696593    39.210218    58.486376    37.595822     37.11976     0.378698   287.319172   282.511833    23.370539     3.070873    -0.290759
        1872     0.396875   287.664001   533.320641   1979.50412     0.115913    97.978317    39.558786    58.419531    36.903988    37.795058     0.385115   287.047989   281.931568    24.090361      1.56689     1.401753
        1873    -0.405085   287.859985   532.331107  1980.069322     0.246064    96.666567    38.361847     58.30472    36.731212    37.814214     0.389191   287.291903    282.20322     24.78895     1.537167     0.517801
        1874    -0.233877   288.061005   531.347021  1979.857608     0.026201    97.606531    39.308901     58.29763    37.684746    37.140396      0.39281   287.295776   282.239359    25.430189     3.152591    -0.332636
        1875     0.621677   288.290985   531.793816  1979.235166     0.054053   100.442971    40.482726    59.960245    37.691269    37.968602     0.397231   287.190092   282.279315    26.039585     2.067329     0.899774
        1876    -0.040874   288.519989    531.56174  1979.265599     0.108447     98.79221     39.08221        59.71    37.070175    38.209395     0.400045   287.313302   282.270221    26.595613     1.104891     1.108787
        1877    -0.609732   288.752014   530.075042   1979.57049     0.072168    97.639552    38.911901    58.727651    37.574634    37.668283     0.401284   287.332824   282.325548    27.163952     2.730316    -0.211242
        1878      0.56782   288.993011   529.745743  1979.131865     0.025867     98.44396    39.894424    58.549535    37.434207    37.692919     0.404351   287.076925    281.93487    27.631945     2.530805     0.697338
        1879     -0.09242   289.221008    529.61641  1979.299037     0.070882    97.783177    38.919521    58.863656    36.737558    37.974845     0.406352   287.219567   282.130394    28.172789     1.074009     1.070115
        1880    -0.724134   289.470001   527.897141  1979.701705     0.116085    95.893974    38.142273    57.751701    36.796966    37.613046     0.407435   287.422301   282.455096    28.773949     2.248496     0.413412
        1881    -0.339598      289.737   526.822672  1979.532458     0.175494    97.335782    39.071449    58.264333    37.427133    37.199486     0.406865    287.42776   282.374043    29.122705     2.946432    -0.058401
        1882    -0.749898   290.019012   526.122669  1979.064771     0.206246    96.399762    38.507629    57.892133    37.118796    37.831755     0.407388   287.451106   282.412335    29.571573     1.375878     1.180646
        1883    -0.747195      290.263   524.451812  1978.893866     0.182231    95.347702     38.24093    57.106772    36.970002    36.833829     0.408747   287.464663   282.390557    30.067377     3.077958     0.034732
        1884      0.73373   290.511993   524.021919  1978.503116     0.332181    97.008208    39.390328     57.61788    36.525862    37.044402     0.410389   287.085997   281.917992    30.468792     2.775818      0.90929
        1885     0.841174   290.796997   524.181575  1978.240303     0.328856    97.470549     39.40371    58.066839     37.00683    37.225533     0.411749   286.983961   281.669714    30.857256     2.018521     0.481516
        1886     0.636142   291.100006   524.104834  1978.264159     0.289562    96.794374    38.722288    58.072087    36.579019    37.137899     0.414024   287.009358   281.675949    31.229195     1.661129     0.535025
        1887     0.495094   291.414001   523.459011  1978.504581     0.227702    98.020568    39.099993    58.920575    36.925175    37.394266     0.415344   287.079442   281.960213    31.717787     2.351551     0.228668
        1888     0.584619      291.763   523.355759  1978.155773     0.349348    98.009756     39.09721    58.912546     37.02267    37.465334      0.41776   287.062164   281.735697    32.106953     1.735128     0.791472
        1889     0.998358   292.113007   522.968632   1978.06365     0.270912    98.519888     39.44624    59.073648    36.924258    37.423137     0.418817   287.303889   282.298402    32.528217     2.410231     0.591001
        1890     0.432573   292.458008   522.522305  1978.240564     0.315811    97.647034    39.019633    58.627401    37.031268    37.473192     0.420953   287.130534   281.907307     32.97039     1.992768     0.265011
        1891     0.445708    292.81601   521.765934  1978.287659     0.413557     98.50256    39.290536    59.212024    36.975895    37.643058     0.475001   287.327317   282.317257    33.753429     2.403849     0.620068
        1892      0.09999   293.166992    521.10173  1978.050777     0.365729    97.133493     38.88109    58.252403    36.930444    37.187389     0.479603   287.411175   282.340512    34.459415     2.357905     0.493827
        1893     0.161625    293.47699   520.230386  1977.748515     0.433717    97.538188    38.958658     58.57953    37.072806    37.390946     0.483567   287.523162   282.595112    35.040775     2.439056     0.620402
        1894     0.034175   293.790985   519.201963  1977.852075      0.39073    96.511898    38.737363    57.774536    36.875071    37.228908     0.487661    287.31107   282.292789    35.537285     2.536878     0.250276
        1895     1.255132    294.07901    519.63966  1977.002458      0.32701    99.734173    40.559653     59.17452     37.74175    37.364894     0.490267   287.144487    282.00594    36.119114     2.757062     0.472763
        1896     0.494504    294.36499   519.741595  1977.047542     0.294238    98.308113    38.988421    59.319691     36.50473     38.14186     0.493941   287.254068    282.25014    36.690556     0.744625     1.592046
        1897    -0.375614   294.645996   518.422806  1977.475371     0.264227    97.710583    39.032485    58.678098    37.084824    37.483109     0.495367   287.243548   282.244266    37.258423     2.868165    -0.029543
        1898     0.638443    294.95401    517.74758  1977.081209      0.22619    98.999681    40.223628    58.776054    37.658833    37.392731     0.497363   287.085573   282.004312    37.822239     3.506122      0.12806
        1899     1.392747   295.299988   518.353037  1976.553654     0.345214   100.067531    40.327529    59.740002    37.426202    37.812128     0.500432   287.195334   282.085812    38.231728     1.909944     0.913481
        1900    -0.031275   295.674988   518.050054  1976.726896     0.262196    97.944285    38.754309    59.189977     36.72426    37.866705     0.501978   287.290696   282.237715    38.651241     1.190586     0.969203
        1901     0.344788   296.006989    516.38062  1977.065984     0.418453    98.429247    39.318357     59.11089    37.290119    37.521328      0.53747   287.284402   282.313439    39.399635     3.466462    -0.107879
        1902     0.260315   296.325012   515.972888  1976.689728     0.214147    98.997174    39.947762    59.049412    37.462602    37.741912     0.542124   287.079393   281.982203    40.083447     2.613582     0.655565
        1903     1.118103   296.653992   515.762065  1976.605827     0.477359    99.545582    39.817967    59.727615    36.802901    37.690749     0.545942   286.918187   281.617699    40.766747     2.338042      0.97175
        1904    -0.081969    296.95401     514.9197  1976.764106     0.366532    98.365394    39.042652    59.322742    37.062936    37.387066     0.550257   287.105523   281.957058    41.299339     2.497951     0.165852
        1905     0.863232   297.289001   514.305897  1976.638986     0.269455    99.549508    39.698526    59.850982    36.823783    37.365997     0.553698   287.084565   281.891575    41.885914     2.946331     0.667335
        1906      0.47981   297.661987   513.843652  1976.744655     0.277438    98.280026    39.342877     58.93715    36.747205    37.485168     0.557267   287.159983   282.065101    42.434765     2.319955     0.632293
        1907     0.779788   298.097992   513.120396  1976.924086     0.413323    98.242536    39.264045    58.978491    36.750198    37.728492     0.559249   287.180222   281.916193     42.89386     2.258809     0.798863
        1908     0.437379   298.518005   512.174977  1976.921091      0.39513    98.563839    39.620057    58.943782    37.412897    37.438345     0.561174   287.287576   282.218839    43.427822      3.12713     0.028443
        1909     1.097842   298.936005   512.279399  1976.305709     0.396067    99.335841    40.346473    58.989369     37.57924    37.532894     0.565686   287.206149   282.109321    44.091984     2.709157     0.569037
        1910      0.60049   299.376984   512.255029  1976.139196     0.418375    98.992641    39.666648    59.325993    37.200253    37.869296     0.569375   287.213987   282.146759    44.575207     1.821722     0.835555
        1911      0.80572   299.828979   511.299224  1976.230014     0.457653     98.78958    39.733105    59.056476    37.068957    37.622306     0.558579   287.233208   282.065091    44.998127     3.066604     0.462531
        1912     2.034759   300.352997   511.598143  1975.727299     0.499931   100.627956     40.76192    59.866036    37.307391    37.946346     0.561061    287.20245   282.181924    45.555721     2.516655      1.14167
        1913     1.072648   300.910004   511.119852  1976.117484     0.631288    99.799319    39.566773    60.232546    37.202515    37.681844     0.564974   287.129791   281.948912    45.936054      2.36322     0.089144
        1914      0.91813   301.418976   510.273434  1976.131744     0.528634    98.967009    39.599069     59.36794    37.018018    37.603693     0.566123     287.2796   282.289986    46.448376     2.841793     0.571415
        1915     1.433286   301.936981   509.991958  1976.004767     0.513493    99.118525    40.129925      58.9886    36.926603    37.826234     0.568137   287.073642   281.919874    46.755177     2.585168     1.026609
        1916      1.61253   302.484985   509.875962  1976.096623     0.439444   100.488504    40.213648    60.274856    36.967542    37.828783     0.569704   287.187048   282.132815    47.116524      2.50086     0.769384
        1917     1.270415   303.010986   509.304602  1976.341504     0.527222   100.417348    39.815263    60.602084    37.181239    37.659994     0.572016   287.236526   282.055254    47.484589     2.726629     0.233875
        1918     0.251703   303.448975   508.399158  1976.357035     0.464985    99.325772    39.568733    59.757039    37.278837    37.760668     0.573569   287.467739   282.506861    47.866741      2.71351     0.466299
        1919     1.217112   303.813995      507.973  1976.102785     0.542359    99.190745    39.969458    59.221287    37.045982    37.377368     0.575366    287.33531   282.114336    48.173592     3.018248     0.585636
        1920     1.416772   304.246002   508.166451  1975.898149     0.599327   100.627625    40.317786    60.309838    37.206912    37.755278     0.578364   287.422278   282.423009    48.696911     2.369057     0.753001
        1921      0.34327   304.599976   507.831557  1975.775434     0.539093    99.745714    40.315385    59.430329    37.719737    37.930416     0.627959   287.354236   282.373485    49.457657     2.719863     0.333394
        1922     1.518422   304.944977   507.846699  1975.190528     0.633783    102.17859    41.331767    60.846824    37.716102    38.124122     0.633017   287.391331   282.513476    49.961597     3.192503     0.992926
        1923      0.44103   305.270996   507.416365  1975.258574     0.541068   100.699329    40.231639     60.46769    37.511432    38.256476     0.637363   287.330966   282.141254    50.535748     2.405497     0.676999
        1924    -0.308731   305.629974    506.31968  1975.380207     0.558873    99.108766    39.257501    59.851265    37.026434     38.18597     0.642238   287.331196   282.251648    51.124733     2.168216     1.037903
        1925     0.358962   305.812988   504.680392  1975.338087      0.64801    100.30212     40.16091    60.141211    37.432499    37.745554     0.643625   287.437073    282.33757    51.634422     4.054644     0.355175
        1926    -0.376012   305.953979   503.941226  1975.310235     0.583671     98.40057    39.266289    59.134282    36.938601    37.830081     0.646486   287.562931   282.515594     52.17495     2.175373     0.919332
        1927     1.177681   306.176971   503.022385   1975.39742      0.69941   100.525281    40.519531     60.00575     37.25554    37.721254     0.650166   287.270007   282.041653    52.698334     3.717118     0.378529
        1928     0.429415   306.328979   502.906433  1975.329509     0.704696   100.943274    40.173595    60.769678    37.322665     37.99613     0.654005   287.353482   282.334587    53.172359     2.293418     0.741376
        1929     0.747287   306.494995   502.258369  1975.354661     0.621328    99.913274    40.048447    59.864827    37.007037    37.770117     0.657472   287.333474   282.268201    53.710125     2.926395     0.737928
        1930     0.172679   306.619995   502.049317  1975.245857     0.467844   100.748958    40.668197    60.080761     37.60588    37.965921     0.661538   287.212496   282.090276    54.277969     2.911328     0.468846
        1931      0.10547   306.821991   501.604244  1974.779406     0.613917   100.714009    40.562148    60.151861     37.77712    37.681908     0.748826   287.237391   282.239337    55.393845     3.325313     0.371238
        1932     0.226453   307.092987   500.984091  1974.518598     0.515647    100.35429    40.184628    60.169662    37.270303    37.978405     0.759162   287.279322   282.180613    56.273167     2.826377      0.96891
        1933     1.326039   307.401978      500.539  1974.333357     0.550092    101.79191     41.21699     60.57492    37.803353    38.019726     0.766815   287.270511   282.265474    56.921463     3.642354     0.401614
        1934     1.002358   307.784973   500.532394  1974.286516     0.512465   102.197233    40.808578    61.388655    37.546713    38.037006     0.775973   287.213113   282.095486     57.76627     2.778178     0.537133
        1935     1.169123    308.22699   500.269727  1974.147988     0.721546   102.435356    40.792915    61.642442    37.797089    38.375479     0.783681   287.377133   282.396647     58.47467     2.680102     0.716918
        1936     1.878502   309.011993   499.454114  1974.188986     0.674282   101.183295     40.83722    60.346075    37.819103    38.040266     0.790558   287.280649    282.31313    59.114231     3.612566     0.180165
        1937     1.435754   309.763977   499.098345  1974.155748     0.636363   101.122534    40.571858    60.550676     37.55543    38.369108     0.797183    287.19203   282.069134    59.646957      2.55852     0.846916
        1938       1.2136   310.293976   498.130701  1974.114713     0.554844   101.807366    40.887197    60.920168    37.760647    38.057389      0.80089   287.267519   282.284986    60.261368     3.797452     0.337777
        1939     1.429418   310.850983   498.109538  1973.852066     0.610069   101.822651    40.939722     60.88293    37.702347    38.141301     0.805478   287.208195   282.005706    60.867825     2.819584     0.701601
        1940     0.460012   311.356964   497.443506  1973.888109     0.554118   100.712678    40.114816    60.597862    37.364886      38.0391     0.809495   287.308395   282.262179    61.469242     2.741747      0.63817
        1941     1.296351   311.810974   496.391192  1973.727336     0.524537    101.59094    40.916097    60.674843    37.234108    38.022072     0.854531   287.249808   282.077471    62.088467     3.946339     0.948737
        1942     0.883952   312.171967   495.983456  1973.874488     0.554917   101.579429    40.700687    60.878742    37.182555    37.825621     0.862328   287.364486   282.387998    62.821056     3.282802     0.495914
        1943    -0.305837   312.389984   495.014755  1974.251891     0.523261   100.005395    39.689985     60.31541    36.829945    38.315597     0.869691   287.459998   282.442429    63.544209      2.34309     1.108249
        1944    -0.991045   312.412964     492.7741  1974.585122     0.650448     98.82604    39.824499    59.001541    37.286749    37.868349     0.875039   287.460289   282.427509     64.04879     4.196805     0.248369
        1945    -0.312119   312.384979   491.587587  1974.488822     0.624022    99.553108    39.991096    59.562012    36.986817    37.380047     0.880535    287.26702   282.179374    64.435379     3.797562      0.48953
        1946    -0.256827   312.389984   490.802195  1974.467627     0.521297    99.796332    39.973151    59.823181    37.046986    37.412921     0.885406     287.2757   282.182336    65.025642     3.345622     0.387131
        1947     0.762865   312.485962   491.184117  1973.679109     0.418948   102.284517    41.710425    60.574093    37.905216    37.676498     0.890736   287.170538   282.082618    65.526596     3.652004       0.5598
        1948      0.11882   312.520966   491.339379  1973.514054     0.375663   102.426251    41.099596    61.326656     37.63458    38.188969     0.898126   287.142705   281.856208    65.952156     2.755364     0.719444
        1949    -0.299236   312.631958   490.685338  1973.481504     0.318428    101.20402    40.465316    60.738705    37.485511    37.965229     0.902727   287.284419   282.195946     66.40696     3.154128     0.512268
        1950     0.359918   312.820984    490.22487  1973.341028     0.457617   102.072894    41.098373    60.974521    37.600837    38.189072     0.903278    287.29645   282.226016    66.869141     3.369768     0.728711
        1951    -0.168341   313.013977   489.297652  1973.224195     0.486999   101.123399    40.496615    60.626784    37.489024    37.777697     1.060332    287.30721   282.041711    67.773857     3.646136     0.405507
        1952    -0.017863    313.34198   488.236009  1973.115622      0.50604    100.83982    40.585081    60.254739    37.517443    38.005753     1.074122   287.541329   282.502706    68.812531     3.640971     0.596883
        1953    -0.017568    313.72998   486.384365    1973.4951     0.553705    99.579146    40.048368    59.530778     37.02722    38.005647     1.085445   287.427204   282.197266     69.69632     3.894365     0.598949
        1954     1.061218   314.094971   485.705622  1973.147446     0.627678    101.82861    41.435708    60.392902    37.866002    37.844459     1.096203   287.401629   282.262454    70.985527     4.269992     0.326111
        1955     0.372511   314.414978   485.175506  1972.825285     0.624434   101.277081    41.066122    60.210959    37.912954    37.965548     1.112214   287.425649   282.411758    72.083298     3.630689     0.374755
        1956    -0.229303   314.697968   484.255908  1972.727593     0.741014    98.691532    39.567267    59.124266    36.884648    37.985758     1.125838   287.372564   282.143205    73.255653     2.501107     1.198801
        1957     0.343978   314.991974    482.50283  1973.041317     0.581266   100.526327    40.744755    59.781572     37.47427    37.646823     1.136996   287.387327   282.375808    74.033554      4.85101    -0.141171
        1958     0.374342   315.344971    481.35553  1973.129921     0.664216   100.581269    40.881903    59.699366    37.434889    38.258698     1.148679   287.257295   282.173018    74.953743     3.770505     0.735205
        1959     1.196331   315.806976   480.640431  1972.820234     0.746067   100.574059    40.973426    59.600633    37.655196    37.731897     1.151504   287.327969   282.064396    75.974281     3.956628     0.386388
        1960     1.408903   316.624969     480.1835  1972.592436     0.607139   101.736642     41.18398    60.552662    38.037941    38.239428      1.14637   287.478609   282.382486    76.917213     3.401483     0.429285
        1961     1.673229    317.29895   479.992938  1972.395192     0.770185   102.504095    41.800282    60.703813    37.875501     38.55803     0.930176   287.359309   282.220882    76.565453     3.432813     0.879773
        1962     1.410471   318.043976    479.08673  1972.434638      0.72293   100.854823     40.77467    60.080152    37.589237    38.246152     0.919953    287.36116   282.164121    76.271042     3.434727     0.617469
        1963     0.852268   318.649963   478.017322  1972.775942     0.920924   101.010348    40.732998     60.27735    37.301142    38.397193     0.915636   287.477368   282.418737    76.305046     3.405213     0.754747
        1964     2.586809   319.332947   477.068722  1972.716955     0.919235   102.607009    41.847691    60.759318    37.648623    38.250633     0.907748   287.160083   281.897889    76.336433     4.545658     0.660997
        1965     1.331376   319.815948   476.824253  1972.978087     0.977215   100.523318    40.687546    59.835773    37.119655    38.178334     0.907691   287.104916    281.82193    76.779343     2.753681     0.797547
        1966     2.875685   320.879974   475.799695  1973.227129     0.689791   101.598893    41.343293      60.2556    37.539801    38.107449     0.904093   287.141962   282.024692    76.809219     4.260402     0.318605
        1967     2.169959    321.47995   475.949493  1973.361447     0.680602   102.772258    42.080796    60.691462    37.720831    38.461708     0.907067   286.935884   281.636207    77.086411      3.46929     0.606559
        1968     3.136668   322.388947   476.168949  1973.500967     0.636452   103.549513     42.08025    61.469263    37.566334    38.621309     0.904523   287.138747   282.003042    77.334145     3.239485     0.915455
        1969     2.368191   323.250946   475.542473  1974.153321     0.892523    101.65708    41.055036    60.602044    37.292536    38.619272     0.903423   287.265987   282.012716    77.564232     3.062239     0.674382
        1970     2.945938   324.782959   474.429719  1974.578288     0.913627   100.683411    40.807458    59.875953     37.94258    38.308957     0.901175   287.517846    282.39845    77.804153     3.611255     -0.05859
        1971     2.258521   325.399963   474.274687  1973.993112     1.036414   102.543498    42.356904    60.186594    38.183315     38.60685     0.907514   287.483089   282.479657    78.283447     3.905086     1.008712
        1972     5.433983   327.348969   473.588143  1974.324009     1.299528   100.865578    41.455026    59.410552    37.430083    38.323161      0.90849   287.503987    282.40842    78.686401     3.818409     0.562181
        1973     7.313774   329.908966   473.689565  1974.394148      1.54033   102.337349    42.131374    60.205975    37.917137    38.250349     0.910237    287.41198   282.174033    79.175331     3.779604     0.263073
        1974     4.068348   330.755951   474.436926  1974.467437     1.511521   104.637996    42.758192    61.879804     38.07964    39.148431     0.914153   287.374207   282.124711    79.960464       2.8624     0.995502
        1975     1.431488   330.826965   474.169472   1974.92953     1.309443   104.090865    42.677951    61.412914    38.414237     39.14028     0.916582   287.335462   282.114894    80.507553     3.805124      0.26395
        1976     4.012173   331.544952   474.291083   1975.21357     1.324731   105.839715    43.596098    62.243616    38.290102    39.031718     0.918093   287.245103   281.893272    80.737686      4.44277     0.457576
        1977     5.551292   333.352936   474.726192  1975.623636      1.33592   104.332889    42.726796    61.606093    38.195656     39.33892     0.923286    287.48822   282.213218    81.047462     2.952767     0.733198
        1978     4.690951   335.009949   474.268454  1976.253302     1.426481   103.316721    42.368473    60.948248    38.224108    39.397398     0.926923   287.572606   282.396688    81.654404     3.428812     0.543625
        1979       5.9727    336.60495   474.438233  1976.127304     1.556365   106.502456    44.240493    62.261962    39.117603     39.16992     0.930686   287.494584    282.40876    82.160408     4.900795     0.178315
        1980     6.246358   338.704956   474.935383  1976.548781     1.671341   104.602319    42.570222    62.032096    38.069883    39.678991     0.937053   287.431299   282.151143    82.805946     2.394081      1.18763
        1981     4.182109    340.05896   473.459192  1977.578607     1.703495   103.866794    42.294351    61.572443    38.216699    39.254164     1.048971   287.495624   282.327124    83.642021     4.516378      0.00764
        1982     4.497323   340.643951   473.590548  1977.758849     1.681428   106.082937    44.284539    61.798397    38.621192    39.248035     1.058246   287.444249   282.250094    84.976326     4.905149       0.4466
        1983     5.931842   342.265961   474.311654  1978.255265     1.632341    105.20172    43.720357    61.481363    38.469338    39.553331     1.069734   287.422953   282.059719    85.960365     3.445919     0.587577
        1984      5.25237   344.007935   474.332033  1978.632095     1.635761   105.850585    43.609669    62.240916    38.981174    39.745768     1.076414   287.590576    282.48099    87.092628     3.843522     0.387764
        1985     4.968938   345.458954   473.643622  1979.211437     1.676107   104.910444    43.480312    61.430131    38.310322      39.6112     1.084101   287.546311   282.393641    87.978012     4.557524     0.721536
        1986     6.044862   346.902954   474.156142  1979.383409     1.736856   107.056565    44.621477    62.435088    38.946902    39.462661     1.090449   287.510832   282.337467    88.682465     4.646297     0.343787
        1987      6.68776   348.774933    474.80526    1979.7705      1.67955   107.802882    44.771768    63.031114     39.14716    40.219727     1.101504   287.664835   282.610335    89.321136     3.902923     0.685477
        1988     8.959507    351.27594   475.955285  1979.987221     1.830004   111.505855    46.392486    65.113369    40.362252    40.464859     1.111726   287.638891   282.543166    90.089577     4.777601    -0.114114
        1989     6.248872   352.893921   477.183654  1980.412361     1.728127   110.490085    45.399017    65.091068    39.609573    41.163256     1.116391   287.707539   282.603047     91.12133     3.007392     1.128543
        1990     4.965879   354.072937   477.180458  1981.209562     1.682981   109.598996    45.155785     64.44321    39.762126    40.761611     1.092066   287.781524   282.866724    91.996941      4.39737     0.202284
        1991     5.772372   355.352936    477.59083  1981.744356     1.691128   109.176878    45.213586    63.963293    39.326601    40.696912      0.94192   287.576178   282.444995    91.187759     4.106302     0.835517
        1992     4.609992   356.228943   478.159319  1982.386306     1.835595   107.944991    44.832582    63.112409    39.600713    40.177439     0.931624   287.399311   282.117366    91.332161     4.086655    -0.065224
        1993     3.061724   356.924957   478.800203  1982.629483     1.671216   107.818807    44.333756    63.485051    39.564432    41.036915     0.920065    287.71681   282.645134    91.482498     2.655956     1.229307
        1994     4.089129   358.253967   477.733992  1983.058553     1.629117   107.936538    44.788633    63.147904    40.262981     40.49608     0.911569   287.981948   283.203305    90.308197     5.358765    -0.195971
        1995     7.288547   360.238953   479.281513  1982.247148     1.716193   110.536282    46.709217    63.827065    40.683873    40.788618     0.904205   287.586181   282.572514    90.228119     4.373078     0.916151
        1996     6.880706   362.004974   480.455357  1982.514754     1.792082     110.2005    45.483377    64.717123    39.541823    40.991233     0.900349   287.699027   282.657947     90.17173     3.318301     1.181803
        1997     5.223833   363.251953   480.883804  1983.056107     1.744105   111.570489    46.127965    65.442524    40.862472    41.191019      0.89605   287.896052   283.020264    89.714195     4.508498    -0.212805
        1998     9.440394   365.932953   482.575605  1982.744582      1.94692   113.379988    47.414433    65.965555    41.023055    41.639169      0.89614   287.768829    282.93772    89.725861     4.083463     0.927639
        1999      7.98729   367.844971   484.483046  1982.898119     1.921354   114.580174    47.532911    67.047262    41.072349    41.994349     0.895335    287.76734   282.859248    89.750648     3.631121     0.768463
        2000      6.09827   369.124969   485.573268   1983.47008     1.726193   113.762673    46.991693     66.77098    40.870008    42.215368     0.896237   287.821477   282.887855    89.781197     3.686102       0.7734
        2001     6.355811   370.673004   486.245065  1984.221564     1.778268   114.394454    47.167712    67.226742    41.042631    42.201687     1.096848    287.98354   283.041088    91.269714     4.294227     0.407571
        2002     7.361967   372.834991   486.936416  1984.725393     1.905841   113.560953    46.661441    66.899512    41.302689    41.989224     0.915623   288.188534   283.365117    91.030136     3.980866     0.182706
        2003     9.080683    375.41098   487.637783  1984.893986      2.18582   114.423043    47.542627    66.880416    41.287725    42.188509     1.110296   288.179003   283.423205    92.399796      4.65275     0.732192
        2004     6.504284      376.987   487.985253  1985.466343     2.311516   114.496734    47.211122    67.285611     41.25366    42.289572     1.277388    288.18187   283.435574    94.481895     4.574081     0.463555
        2005     7.757199   378.907013   488.050258  1986.381536     2.370369   115.195184    47.043538    68.151646    41.043486    42.472804     1.110165   288.209336   283.382829    94.674026     4.505729     0.514125
        2006     8.002073    381.01001   488.931741  1986.973141     2.321427   115.063112    47.757258    67.305855    41.714765    42.633541     1.004327   288.279079   283.483289    94.630028     4.242234      0.32717
        2007     7.049572   382.603027   489.877827  1987.462603     2.310594   116.286122    47.927698    68.358425    41.614348    42.606026     0.985868   288.315888   283.587966    94.185249     4.375585     0.502216
        2008     8.724262   384.739014   490.951288  1987.694607     2.240364   117.202242    48.824214    68.378028     42.00987     42.94882     1.017529   288.324172   283.520586    94.588158     4.801933     0.706946
        2009     7.320345   386.280029   492.540872  1988.089567     2.233494   117.509329    48.665091    68.844238    42.061227    42.978941     1.069318    288.23023   283.465671    94.565971     4.096565     0.522755
        2010     6.297243   388.717041   491.188839  1989.443571     2.506858   113.149968    46.539651    66.610317    41.129387    42.930786      1.54246   288.319046   283.530158    96.577171     4.960899     0.447393
        2011     8.295464      390.944   490.890918  1989.604722     2.311708   115.760326     48.73015    67.030176    42.434829    42.792474     1.139094    288.29808   283.598414    96.934929     6.235597     0.196494
        2012     8.910967   393.015991   493.240629   1989.14601     2.303304   118.265327    50.011023    68.254303    42.555348    42.975615     1.105822   288.080803   283.423038     97.25145     4.685697     0.878979
        2013     9.394676   395.724976   494.180127  1989.690712     2.219231   117.830765    49.122939    68.707826    42.362243    43.305248     1.256112   288.018456   283.043327    98.157051     4.878193     0.398303
        2014     7.445191   397.546967   495.232246  1990.230164     2.309932   118.225347    49.106634    69.118713    42.166412    43.398816     1.210112   288.315667   283.553084    98.839279     4.655699     0.692952
        2015     8.518874   399.948425   495.591457  1990.631184     2.500939   117.809983    49.148991    68.660992    43.008731    43.805774     1.095344   288.544584   283.919011    98.889236     4.984007     0.396023
        2016      10.0478   403.116974   496.062189  1991.253534     2.537521   117.697161     49.41382     68.28334    42.323315    43.971332     1.298152   288.321679   283.629365    99.800545     4.971756     1.025667
        2017      8.33122   405.812958   495.183371  1992.330062     2.856107   116.064815     48.11129    67.953525    42.137087    43.692446     1.304401   288.273707   283.495078   100.529564     5.297661      0.47883
        2018     9.683513    408.83197   494.623923  1992.748276     2.752613   116.708703    48.976764    67.731939    42.661747    43.220974     1.308212   288.414185   283.637331   101.535629     6.315239     0.141014
        2019    11.014607   411.945953   495.895379  1992.451035     2.919626    118.65538    50.064611    68.590769    42.658761    43.514194     1.311559   288.397167   283.639211   102.850792     5.278961     1.152675
        2020    10.735878   415.154968   496.345737  1993.155263     2.964972   118.726547    49.577276    69.149271    42.520987    43.584879      1.31661   288.236859   283.435315   104.130821     5.542039     0.359664
        2021    11.385998   418.460968    496.72471  1993.817954     2.987133   119.781222    50.216749    69.564473    42.578289    44.084587     1.305664   288.282757   283.468977   104.840515     5.753188     0.843607
        2022    10.569588   421.842957   496.940205  1994.385279     2.891616   118.014881    49.045852    68.969028    42.563333    43.770771      1.30699   288.543038   283.787583   105.124657     5.059587     0.640113
        2023    11.194119   425.282959   497.010992  1994.907036     2.973835   119.814292    50.312247    69.502045    42.934974    44.076467     1.308456   288.713607   284.079718   105.581436     6.164993     0.619736
        2024    11.539415   428.783966   497.687829  1995.389133     3.071347   119.606659     50.28724    69.319419    42.924233    44.282901      1.30114   288.553746   283.800219   106.006485     5.327503     0.876571
        2025    12.361527   432.346954    498.18803  1995.884669     3.224967   120.486558    50.594859    69.891699    43.211527    43.859902      1.30352   288.563297   283.921729    105.96492     6.234756     0.152838
        2026    11.998884   435.974945   499.410407  1996.377904     3.210688   120.231442    50.365579    69.865863    43.101434    44.415295     1.242018   288.612025   283.824833   106.565262     4.727907     0.820627
        2027    13.145071   439.669952   500.634793  1996.559169     3.331641   122.575827    51.784933    70.790894    43.695961    44.477908     1.238585   288.720942   284.111347   106.738762     6.082639     0.600682
        2028    14.284409   443.431946   502.408032  1996.897088     3.403415   124.048896    52.469979    71.578917    43.863114    44.908595      1.23871   288.571599   283.803764   106.967766     5.788145     0.707561
        2029    13.027275   447.262939   504.046157  1997.568026     3.414241   122.785943    51.810104    70.975839    44.193873    45.016888     1.237186   288.495327   283.767699    107.39399      5.15509     0.152078
        2030    13.778749    451.16394   505.855709  1997.791585     3.467497   124.153093    52.255517    71.897576    44.250953    45.345591     1.233022   288.578202   284.028516   107.112007     5.100374     0.871078
        2031     13.79243   455.135956   507.124215  1998.516949     3.386053    124.13199    51.855235    72.276755    43.820586    45.719895     1.190403   288.690852   284.023395   107.095428     4.866834     1.173945
        2032    13.724343   459.165955   507.984868  1999.228028     3.485823   125.050876    52.530898    72.519977    44.770985    45.500906     1.186484   288.833236   284.332818     107.2827      6.16934     0.018842
        2033    15.063666   463.241943   509.708926  1999.636012     3.551409   127.047322    53.336918    73.710404    44.532333    45.837617     1.184705   288.716054   284.036689    107.66478     5.775244     0.897299
        2034    13.970384    467.36496   511.286435  2000.617249     3.462014   125.175593    52.452092    72.723501    44.498999    46.137518     1.184948   288.823977   284.121753    107.72261     4.737065     0.657282
        2035    14.714535    471.53894   512.652078  2001.241545     3.666265   126.578998    53.172239    73.406759    44.948892    45.885807     1.182482   288.912115   284.354313   107.362877     5.920789     0.312619
        2036    15.435421   475.764954   514.625511  2001.548967     3.707104   127.513338    53.891331    73.622007    45.426429    46.240227     1.181306   288.930984   284.435811   107.531708     5.677671     0.506376
        2037    15.734387   480.044952   516.742764  2002.326623     3.734828    128.21465    53.711203    74.503447     44.93479    46.630527     1.180463   288.911632   284.210836   107.709175     4.963424     0.918081
        2038     14.42203   484.379944   517.689288  2003.513906     3.784718   125.908655    52.721417    73.187238    45.290525    46.454079     1.181048   289.141347   284.586844   107.735268     5.320813    -0.023728
        2039    15.940225   488.771942   519.081745  2004.018685     3.748237   127.625838     54.17015    73.455688    45.462351    46.252596     1.179792   288.991219   284.319724   107.931152     6.525098     0.285467
        2040    16.692581   493.220947   522.278765   2004.24822     3.876608   130.611547    55.312652    75.298895    46.086625    47.112904     1.180111   288.891898   284.418436   108.196365     5.002727     0.796744
        2041    16.622949   497.730957   524.817516  2004.894433     3.760355   130.446251    55.241953    75.204297    46.239448    47.215888     1.210633   288.955633   284.220276   108.664772     5.487315     0.330227
        2042    16.459203   502.291931   527.561943  2005.416385     3.873717   133.262927    56.161568     77.10136    47.107068    48.202763     1.218309    289.24228   284.741885   109.110397     5.214377     0.573743
        2043    16.789305    506.90094   529.489968  2006.262624      4.09493   132.928326    55.692634    77.235692    46.851157    48.264813     1.223718   289.368119   284.989517   108.744781     5.499797     0.567417
        2044    16.781149   511.556946   531.346979  2007.201939     3.943633   133.435242    56.436673    76.998569    47.110451    48.770536     1.229071   289.293114   284.873479   109.119011     5.809125      0.72077
        2045    16.684648   516.263916   533.352702  2008.153222     4.032975   132.407947    55.829323    76.578624    47.041368    48.552045     1.231233   289.223959   284.677157   109.629395     5.271555     0.559394
        2046    16.075908   521.020935   534.282654  2009.368167     3.919252   132.235011    55.486252    76.748759     46.84604    48.609817     1.241386   289.477875   285.028348   110.297295     5.946483     0.548831
        2047    16.244337   525.829956    535.55181  2010.148492      3.98611   132.593066    56.449874    76.143192    47.861434     48.61884     1.245532    289.51497   285.115139   110.316826     6.561877    -0.022918
        2048    17.265083   530.691956   537.842488  2010.446671     4.018639   134.463838    57.247038    77.216799    47.723441    48.976032     1.245609   289.309976   284.879832   110.531876     5.980328     0.954412
        2049    17.117739   535.608948   539.255038  2011.740141     3.972738   132.923257    56.031332    76.891925    46.626827    48.986828     1.246397   289.193647   284.584165   110.206703     5.631954     1.066531
        2050    16.971784   540.580933   540.438005  2013.038633     4.029352    132.77607    55.758086    77.017984    46.955905    48.641547     1.246975   289.347944   284.819416   110.363251     5.933572      0.38715
        2051     17.28437   545.609924   542.098547  2013.561891     4.079602    134.10416    56.929129    77.175032    48.214447    48.426412     1.367589   289.514583   285.210183   110.938492     6.842175    -0.311293
        2052    18.349855   550.690918   544.961629   2013.90719      4.03523   135.184172    57.666057    77.518116    47.543414    49.274345     1.376121   289.319621   284.656806   112.319504      5.52863     1.385632
        2053    17.245665    555.82196   546.434096  2015.269341     4.079994   136.175265    57.316767    78.858498     48.18362       49.758      1.38479    289.66186   285.207682   112.935112       6.0863     0.212228
        2054     18.39206   561.003967   548.661084  2015.396986     4.100184   139.132792    59.772574    79.360217    50.002146    50.035417     1.386762   289.763184   285.473903    113.96048      7.51017    -0.094374
        2055     18.11074   566.238953   551.382539  2015.980814     4.130268   137.975789    58.391312    79.584477    48.639731    50.590249     1.394577   289.543847   285.182719   113.806061     5.079607      1.36669
        2056    17.573237    571.52594   552.702128  2017.253969     4.069344   137.737823    57.760131    79.977691    48.910584     50.71242      1.46923   289.694785   285.307271   113.762329     5.728122     0.528681
        2057     17.73366    576.86792   553.688852  2018.140822     4.084318   138.784193    59.133453    79.650741    49.571636      50.6582     1.475975   289.803203   285.450525   114.786896     7.488529     0.199712
        2058    18.944869    582.26593   555.917085  2018.857376     4.223455   139.823063    59.255353     80.56771    49.133305    50.622854     1.472471   289.625386   285.165221   115.749969     6.404266     0.772995
        2059    17.955531   587.718933   557.706729  2019.924742     4.185424   139.535706    58.858645    80.677061    49.560815    51.188835     1.475766   289.845013   285.558477   116.543365     5.880166     0.560654
        2060     18.12689   593.229919   558.909901  2020.606382     4.209185   138.744307     59.26996    79.474347    50.117853    50.833897     1.476707   289.773271   285.293156   116.291351      7.23289     0.034404
        2061       19.263   598.797913   561.104352   2021.16348     4.402125   140.573614    59.602487    80.971127    49.420327    51.257674     1.493595   289.725185   285.340857   116.966492     6.150363     1.280249
        2062    18.311958    604.42395   562.593669  2022.370397     4.330359     139.6895     59.03663     80.65287    49.870807    51.405883     1.495381    289.87003   285.497078   117.517479     6.141429     0.328159
        2063    19.792128   610.106934   564.090561  2023.277109     4.299274   142.080079    60.021896    82.058183    49.704359    51.320659      1.49571   289.941635   285.502476   117.395775     7.204345     0.709587
        2064    18.400193   615.846924   565.250957  2024.772047      4.15499   138.952361    58.928461      80.0239    49.850013    51.465629     1.499322    290.05623   285.681699   117.745186     6.302437     0.120678
        2065    19.404579   621.646912    566.90609  2025.568576     4.363731   140.102002    59.950893     80.15111     50.35342    51.270095     1.499006    290.11316   285.889549    117.19278     7.025665     0.120145
        2066    19.257232   627.504944   569.261965   2026.11699     4.366326   141.538056    59.907926     81.63013    50.402726    51.762818     1.524565   290.069029   285.789277   117.718346     5.789233     0.811679
        2067    19.591032   633.422913   570.744931  2026.629468     4.432612    142.16972    61.041998    81.127721    51.641868    52.063877     1.513583   290.102542   286.035017   117.651894     7.495155     -0.09047
        2068     20.28517   639.401917    573.21928  2027.047497     4.380464   143.467341    61.415872    82.051469    50.677028    52.413048     1.513592   289.766697   285.414901   117.407837     6.528476     1.317991
        2069    18.970359   645.441956   574.580408     2028.642     4.229062   142.090002     59.67509    82.414911    49.745111    52.934809     1.507574   290.010652   285.759933   117.532928     5.379152     1.595195
        2070    18.789084   651.543945   574.896711  2029.908538     4.016945   140.857176    59.872066     80.98511    50.950123    51.782483     1.502435   290.250958   286.023179   117.374329      7.77328    -0.434178
        2071    20.353331   657.707947   577.142316  2030.105788     4.275296   143.200408    61.382228     81.81818    51.382421     52.42006     1.511366   290.315395   286.139015   118.267883     6.716563     0.840389
        2072    20.043303    663.93396   578.823014  2031.219424     4.310712   143.824346    60.971136     82.85321    51.222916    52.925833     1.511868   290.322412   286.097529   117.699631     6.364606      0.58928
        2073    19.624963   670.221924   580.185755  2032.171168     4.498789   141.744293    60.334417    81.409876    51.350023    52.872487     1.509576   290.511465   286.537306   116.715706     6.099189      0.57072
        2074    21.721783   676.571899   582.057395  2032.579892     4.514307   145.809016    62.744236     83.06478    52.209861    52.748361     1.503585   290.340135   286.163707   117.079651     8.124235     0.129775
        2075    20.475612   682.984924   584.841211  2033.377305      4.50316   144.943306    61.475176     83.46813     51.51352    53.721428     1.501576   290.533975   286.591809   117.823006     4.969933     1.410495
        2076    19.851239   689.460938   585.396089  2034.420587     4.491838   144.017909    61.107542    82.910367    52.215603     53.08509     1.480432   290.566737   286.439654    117.47464     7.467574    -0.173795
        2077    21.208276   696.001953   587.227021   2034.87764     4.284007   146.257462    63.155354    83.102108     53.18514    53.794238     1.473087   290.652852   286.464006   117.878281     7.530184     0.152045
        2078    21.351999   702.605957   590.009695  2035.375793     4.395557   147.276988    62.928246    84.348742    52.355915    54.078217     1.470024    290.59021   286.351268   117.307053     6.067356     1.224148
        2079    21.926253   709.274902   592.268432  2035.784954     4.406081   147.187271    63.654834    83.532437    53.623179    54.255486     1.461754   290.692985    286.62127   116.460953     7.140611     0.223146
        2080    21.557616   716.007935   595.044239  2036.717064     4.409619     148.3274    62.836902    85.490498    52.608618    54.767745     1.461545   290.560969   286.378716   116.775696      5.29335     1.227018
        2081    20.639292   722.807922   596.185675  2037.702213     4.335664   147.159156    62.969152    84.190005      53.8197    54.614528     1.419066   290.751712   286.671981   116.516312     7.213187    -0.190321
        2082    22.093725   729.678955   598.564164  2038.099692     4.302194   149.575302    63.882203    85.693099    53.615638    54.913415     1.413528   290.889146   286.863986   116.453911     6.590299     0.900298
        2083    22.397523   736.628906   600.560363  2038.732781     4.533526   148.940918    64.011112    84.929806    54.115188    55.459262     1.408095   290.890809   286.882705   116.174789     6.555652     0.710984
        2084    22.037735   743.656921    602.16016  2039.931767     4.447219   150.881845    64.427532    86.454313    53.868181    55.080865     1.404479   290.740554   286.558829    115.95813      7.74687     0.013699
        2085    21.821481   750.763916   605.132325  2039.922472     4.267546   150.103937    64.612074    85.491863    55.131747    55.579324     1.391238   290.979617   286.904631   115.481361     6.060584     0.456873
        2086    22.303423   757.950928   607.328628  2040.254209     4.332308   149.633172    64.150099    85.483073    54.284277    55.734196     1.374463   291.069518   287.011817   114.892822       6.2196     1.118181
        2087    22.408459   765.215942   609.238546  2041.077763     4.330468    150.26493     64.52425    85.740679    54.644729    55.725154     1.368839   291.184349   287.253394   114.573441     6.889178     0.256872
        2088     23.17166   772.560913   611.552806  2041.831452     4.489769   150.707318    64.303213    86.404106    53.889995    55.746999     1.364634   291.116931   287.072452   114.101944     6.241955     1.103314
        2089    22.621913   779.983948   613.635826  2042.177505     4.460834   150.734001    65.345861     85.38814    55.891539    55.726439     1.359434   291.250274   287.451016   114.026718     7.536402    -0.511153
        2090    23.833301   787.487915    616.59619  2042.510594      4.45299   152.420368    65.481989    86.938379    54.868594    56.461918     1.357845   291.119331   287.117145   113.480453     6.059707     1.260235
        2091    23.099187   795.069946   618.989277  2043.097943     4.362734   152.427567    65.297209    87.130358    55.229557    56.879134     1.339327   291.401746   287.526233   113.571602     6.024988     1.062227
        2092    23.030905   802.735901   620.746464  2043.383815     4.526659   151.252708    65.820331    85.432378     56.59537    56.565543     1.333436   291.417709   287.476872   112.775932     7.497601    -0.315699
        2093    24.880912   810.488892   624.004252  2043.468644     4.387084   155.512173    67.377256    88.134917     55.85044    57.369012     1.328335   291.355153   287.408035   113.626762     6.750457     1.433743
        2094    22.988307   818.327942   626.453286   2044.32466     4.394276   154.143076    65.923325     88.21975    56.268325    57.581529     1.324614   291.586908   287.725288   113.491623     5.892762     0.457188
        2095     23.87583   826.253906   627.302214   2045.34631     4.506485   153.263356    66.416814    86.846542    56.610864    57.797721     1.318719   291.621998   287.868776   112.450668     7.770165     0.165206
        2096    24.930483   834.266907   629.381557  2046.260326     4.483608   154.761684    66.257045    88.504639     55.34072    57.342143     1.291142   291.326529   287.221181   112.063194      6.83556     1.087407
        2097     24.18493   842.366943   632.333673   2046.58075     4.222157   154.983948    66.878036    88.105912    57.110419    57.686113     1.283152    291.71412    287.93458   111.630264     6.239807      0.25527
        2098    24.119529   850.553894   634.440667  2047.063615     4.455786   154.558419    66.870124    87.688295    56.973901    58.437189     1.280109   291.865723   288.166843   111.514931     6.325941     0.980423
        2099    24.295806   858.828918   636.311562  2047.437792     4.545737   153.903859    67.141714    86.762145    57.807073    57.971567     1.276353   291.881566   288.117266   110.819786     7.299253    -0.209683
        2100    25.805937   867.190918   639.176134  2047.308539     4.343231   156.707868    68.166304    88.541564    57.196489    58.380823     1.279075   291.753979   287.989179   110.709824     6.920908     1.313587