        time     emission          CO2         cveg        csoil        fgco2         fgpp         fnpp           ra          frh     fvegsoil         fluc          tas     tas_land        cprod     fcvegout    fcsoilout
      1850.0    -4.003615   284.572954   418.169392   548.775100     0.152235    94.054899    50.765338    43.289560    47.230857    45.453023          0.0   286.485290   280.655073          0.0     5.293308          0.0
      1851.0     1.081274   284.054661   418.069103   548.589064     0.013374    98.632496    53.944678    44.687818    46.673580    46.487543          0.0   286.399258   280.592634          0.0     7.557424          0.0
      1852.0    -1.835196   283.761956   417.849519   549.994823     0.039041    98.214843    53.006882    45.207960    48.058695    49.464454          0.0   286.609684   280.804529          0.0     3.762013          0.0
      1853.0    -0.461935   285.081532   415.512825   548.718292     0.314256    95.133753    51.120027    44.013726    48.097137    46.820605          0.0   286.655349   280.978456          0.0     6.636116          0.0
      1854.0    -0.973631   284.780890   415.324627   547.700045     0.102645    96.715864    52.666440    44.049425    46.918297    45.900051          0.0   286.445007   280.741928          0.0     6.954587          0.0
      1855.0     1.859051   284.131883   415.788270   548.113158     0.025513   102.096407    56.179894    45.916514    47.113753    47.526866          0.0   286.368622   280.585191          0.0     8.189385          0.0
      1856.0    -2.351199   284.017444   415.987030   549.698395    -0.107755    98.223175    52.959936    45.263239    48.365592    49.950829          0.0   286.594104   280.904262          0.0     2.810347          0.0
      1857.0     0.908342   285.229495   414.263472   548.469502     0.324978    96.245939    51.856235    44.389704    47.768375    46.539481          0.0   286.643987   281.009967          0.0     7.040312          0.0
      1858.0    -0.132179   285.211972   413.658493   547.670809     0.284257    97.091823    53.006845    44.084978    47.328132    46.529439          0.0   286.486068   280.709010          0.0     7.082386          0.0
      1859.0    -1.919191   285.054279   413.753431   547.362415     0.135112    96.512639    52.245339    44.267300    47.326115    47.017721          0.0   286.533681   280.803757          0.0     5.132679          0.0
      1860.0     1.832438   285.293299   413.180902   546.750318    -0.013975    98.287778    53.894050    44.393728    46.663741    46.051643          0.0   286.452251   280.717434          0.0     8.414936          0.0
      1861.0    -0.212301   284.914969   413.426100   547.903951    -0.070281    98.504332    53.818332    44.686000    46.996219    48.149852          0.0   286.368829   280.472182          0.0     5.423283          0.0
      1862.0     0.310221   285.260510   412.812421   548.505280     0.034045    96.331564    52.761974    43.569590    46.742691    47.344020          0.0   286.383246   280.645095          0.0     6.031634          0.0
      1863.0     1.149616   285.372824   413.242149   548.316397     0.016059    98.669702    53.977553    44.692149    47.262585    47.073702          0.0   286.420787   280.678532          0.0     6.474123          0.0
      1864.0    -1.252609   285.721603   413.004448   548.431200     0.178954    96.154367    52.082953    44.071414    47.513009    47.627812          0.0   286.554603   280.910505          0.0     4.692843          0.0
      1865.0    -0.072263   286.727302   411.489986   546.938970     0.349182    94.822711    51.176650    43.646060    47.672177    46.179947          0.0   286.639071   281.026193          0.0     6.511166          0.0
      1866.0    -1.382372   286.850177   410.769789   545.615752     0.470085    94.176487    51.127991    43.048496    47.056332    45.733115          0.0   286.638078   280.951192          0.0     6.115073          0.0
      1867.0    -1.120112   286.864930   410.073907   544.440885     0.548356    94.438610    51.206475    43.232135    46.611391    45.436524          0.0   286.601476   280.817478          0.0     6.465833          0.0
      1868.0    -0.017419   286.834578   409.226266   543.916928     0.422720    95.159972    51.688430    43.471543    46.336476    45.812519          0.0   286.526907   280.778242          0.0     6.723552          0.0
      1869.0     0.501258   286.676718   409.179703   543.790974     0.119955    97.545606    53.425929    44.119677    46.834876    46.708922          0.0   286.542501   280.962464          0.0     6.763570          0.0
      1870.0    -0.186726   286.516412   409.533791   544.177981     0.114322    97.440095    52.882611    44.557484    46.890444    47.277451          0.0   286.581609   280.855229          0.0     5.251072          0.0
      1871.0    -0.086663   286.930414   408.669299   544.207165     0.312801    96.330604    52.292058    44.038547    47.199322    47.228506          0.0   286.579818   280.786624          0.0     5.928044          0.0
      1872.0    -0.475051   287.508339   407.522083   543.485278     0.342870    95.620810    51.530692    44.090119    47.067646    46.345760          0.0   286.633759   280.942732          0.0     6.332148          0.0
      1873.0    -0.783171   287.739654   406.263842   542.836509     0.447426    94.139884    51.227475    42.912409    46.192730    45.543961          0.0   286.525660   280.829159          0.0     6.941755          0.0
      1874.0    -0.852348   287.690936   405.808068   542.231751     0.367813    94.859128    51.325795    43.533333    46.721392    46.116634          0.0   286.636406   280.930644          0.0     5.664935          0.0
      1875.0    -0.129592   287.965155   404.834489   541.745869     0.246601    95.142003    51.291910    43.850093    46.134566    45.648683          0.0   286.634133   280.925346          0.0     6.616806          0.0
      1876.0     0.397156   287.728307   404.802813   541.897942     0.028932    97.186492    53.153868    44.032623    46.328069    46.480142          0.0   286.533120   280.767338          0.0     6.705402          0.0
      1877.0     0.171710   287.863381   404.374109   542.447094     0.210808    96.288839    52.246356    44.042483    46.741220    47.290372          0.0   286.552359   280.797856          0.0     5.384688          0.0
      1878.0     0.690559   288.021939   404.347365   542.652536     0.175792    96.474958    52.578908    43.896050    46.541652    46.747094          0.0   286.556790   280.732747          0.0     5.858558          0.0
      1879.0     0.031243   288.411769   403.966242   542.453432     0.444121    96.572333    52.469470    44.102863    47.418738    47.219635          0.0   286.722367   281.102964          0.0     5.630958          0.0
      1880.0     0.337153   288.939667   403.053389   541.795994     0.396005    95.106291    51.585467    43.520825    46.651535    45.994096          0.0   286.569903   280.838885          0.0     6.504224          0.0
      1881.0     0.461320   289.024640   402.627988   541.563464     0.282075    95.580644    52.025382    43.555262    46.032219    45.799689          0.0   286.529803   280.781845          0.0     6.651094          0.0
      1882.0     1.267910   288.736264   403.047470   542.123384     0.163623    97.820435    53.532311    44.288123    46.038934    46.598854          0.0   286.444991   280.732909          0.0     6.513976          0.0
      1883.0    -0.871609   289.217884   402.432536   542.877256     0.400250    95.942216    52.545194    43.397022    47.764156    48.518029          0.0   286.546274   280.831427          0.0     4.642099          0.0
      1884.0     2.153285   289.856808   401.303828   542.073966     0.597842    95.234414    52.979451    42.254964    45.962683    45.159393          0.0   286.191025   280.111557          0.0     8.948765          0.0
      1885.0    -0.213973   289.774444   401.320039   542.270592     0.242650    95.352256    52.547263    42.804994    46.153930    46.350555          0.0   286.245463   280.362435          0.0     6.180497          0.0
      1886.0     1.592969   289.682493   402.259657   542.515153    -0.169397    99.917482    55.256785    44.660697    47.017715    47.262277          0.0   286.338193   280.524052          0.0     7.054890          0.0
      1887.0     1.870843   289.718762   402.897997   543.526230     0.067527    99.727301    55.158592    44.568709    47.006654    48.017731          0.0   286.400263   280.586714          0.0     6.502521          0.0
      1888.0    -0.331053   290.574838   402.079706   544.233226     0.277113    95.887850    52.299219    43.588631    47.895595    48.602591          0.0   286.628834   280.781208          0.0     4.514919          0.0
      1889.0     2.044317   291.375194   401.446098   543.081895     0.308500    97.385512    53.372567    44.012944    47.274967    46.123636          0.0   286.693852   280.929484          0.0     7.882540          0.0
      1890.0     0.176523   291.475418   401.663069   542.592251     0.263449    98.059355    53.687448    44.371907    47.157622    46.667978          0.0   286.604528   280.810633          0.0     6.802500          0.0
      1891.0     1.242920   291.675387   401.384125   542.698442     0.267781    97.614609    53.956431    43.658178    47.081360    47.187552          0.0   286.622612   280.734236          0.0     7.047822          0.0
      1892.0    -0.860396   292.085988   400.815927   543.132471     0.365417    94.675805    51.640683    43.035122    46.923664    47.357692          0.0   286.619042   280.776907          0.0     4.851190          0.0
      1893.0     0.825021   292.788860   399.725616   542.450849     0.337010    97.050231    53.031829    44.018402    46.941860    46.260238          0.0   286.676144   280.896568          0.0     7.861902          0.0
      1894.0     0.071911   293.055841   399.382722   541.840591     0.378716    96.498923    53.030326    43.468597    47.099604    46.489346          0.0   286.692214   280.892179          0.0     6.883874          0.0
      1895.0     0.137473   293.273418   399.199303   541.193231     0.519218    95.577402    52.312641    43.264760    46.739845    46.092485          0.0   286.731483   280.960552          0.0     6.403575          0.0
      1896.0    -0.546904   293.848779   398.138321   540.647271     0.411082    94.795725    51.683027    43.112698    46.863780    46.317820          0.0   286.804704   281.030679          0.0     6.426189          0.0
      1897.0     1.175247   293.819648   398.105275   539.994785     0.338126    98.427258    53.986929    44.440329    46.815971    46.163485          0.0   286.769650   281.118022          0.0     7.856490          0.0
      1898.0     0.514417   293.797410   398.272223   540.281140     0.322096    97.072479    53.427295    43.645184    46.789050    47.075405          0.0   286.716705   280.858867          0.0     6.184943          0.0
      1899.0    -1.200728   294.540105   397.364835   539.892770     0.499634    94.067517    51.241693    42.825824    47.288656    46.900286          0.0   286.872348   281.192958          0.0     5.248794          0.0
      1900.0    -0.802901   295.644616   395.431294   538.110954     0.649063    93.325564    50.921663    42.403902    46.982925    45.201109          0.0   286.923036   281.280632          0.0     7.654095          0.0
      1901.0     0.224830   295.798168   394.264642   536.675934     0.435996    95.071336    52.523983    42.547353    45.948480    44.513460          0.0   286.700587   280.861322          0.0     9.177175          0.0
      1902.0     1.306174   295.072029   395.252969   536.848259    -0.015457    98.924187    54.854790    44.069397    45.848038    46.020363          0.0   286.652071   280.856868          0.0     7.846100          0.0
      1903.0     0.610446   295.104920   395.294112   538.305654     0.260537    96.500485    53.581244    42.919240    46.585667    48.043062          0.0   286.536127   280.439474          0.0     5.497039          0.0
      1904.0    -0.699924   296.141402   393.864862   538.326691     0.558396    93.707634    51.233912    42.473722    47.336668    47.357705          0.0   286.821141   280.941758          0.0     5.305456          0.0
      1905.0     0.982863   296.853978   392.336426   537.235704     0.590500    95.342177    52.440401    42.901775    46.347519    45.256532          0.0   286.797893   281.055260          0.0     8.712306          0.0
      1906.0     0.462353   296.601658   392.444868   537.000066     0.395936    98.111795    54.233892    43.877902    46.487733    46.252095          0.0   286.727472   280.860103          0.0     7.873355          0.0
      1907.0     0.812284   296.670821   392.398915   537.495224     0.340378    97.889904    53.948651    43.941254    46.662562    47.157720          0.0   286.741656   280.924350          0.0     6.836884          0.0
      1908.0     0.290664   297.085704   391.938193   538.066538     0.389514    96.527352    53.093307    43.434045    46.600271    47.171586          0.0   286.759224   280.920858          0.0     6.382444          0.0
      1909.0     1.194561   298.057276   390.452742   537.600040     0.635686    95.736899    52.615209    43.121690    47.005574    46.539076          0.0   286.911967   281.321265          0.0     7.561584          0.0
      1910.0    -0.185860   298.422403   390.141156   536.611559     0.764741    95.578043    52.520576    43.057468    47.506053    46.517572          0.0   286.930547   281.271837          0.0     6.314589          0.0
      1911.0     0.393474   299.074181   389.241078   535.252678     0.832705    94.194178    51.694838    42.499340    46.429230    45.070349          0.0   286.927399   281.274711          0.0     7.524567          0.0
      1912.0     1.290310   298.923545   389.248745   534.943910     0.624253    96.016548    53.576469    42.440078    45.594890    45.286122          0.0   286.566173   280.693886          0.0     8.282680          0.0
      1913.0     2.256519   299.087206   389.071642   535.432298     0.637255    96.297605    54.117140    42.180466    46.017391    46.505779          0.0   286.481370   280.621713          0.0     7.788463          0.0
      1914.0     0.816429   299.409505   389.062467   536.379475     0.642266    96.935664    53.418644    43.517020    46.854933    47.802109          0.0   286.768322   280.931202          0.0     5.625709          0.0
      1915.0     1.351196   300.553542   387.772751   536.177397     0.790332    95.266594    52.331513    42.935081    47.105644    46.903567          0.0   286.831430   281.096556          0.0     6.717662          0.0
      1916.0     0.575002   300.968303   387.458826   535.782333     0.741289    95.890571    52.871924    43.018647    46.476064    46.081000          0.0   286.808914   281.047929          0.0     7.104849          0.0
      1917.0     2.571611   301.797823   386.535230   534.987152     0.637915    96.940879    53.865364    43.075515    46.598809    45.803628          0.0   286.749848   281.067191          0.0     8.985332          0.0
      1918.0    -0.670086   302.139154   386.276719   534.853601     0.741481    94.556812    52.084807    42.472006    46.878015    46.744464          0.0   286.828002   281.194863          0.0     5.598853          0.0
      1919.0    -0.157044   303.232603   384.991795   533.232118     0.896300    92.315767    50.544581    41.771186    46.879976    45.258493          0.0   286.940175   281.186759          0.0     6.571013          0.0
      1920.0     1.759013   303.429345   384.591499   531.759495     0.773243    95.569330    53.037023    42.532307    45.954900    44.482278          0.0   286.951664   281.393141          0.0     8.955041          0.0
      1921.0     0.924102   302.849195   385.672212   532.068377     0.576090    98.157460    55.044711    43.112749    46.129735    46.438616          0.0   286.748699   281.075947          0.0     7.525382          0.0
      1922.0     0.139224   303.473712   385.308319   532.554751     0.635294    95.195645    52.819146    42.376499    46.872588    47.358962          0.0   286.810112   281.073477          0.0     5.824077          0.0
      1923.0     1.179071   304.758979   383.710685   531.158955     0.936173    92.777545    51.419191    41.358354    46.679699    45.283904          0.0   286.894559   281.184540          0.0     7.732922          0.0
      1924.0     2.232494   304.471497   384.248903   530.151206     0.675879    97.621388    54.628652    42.992736    45.854797    44.847048          0.0   286.798893   281.075989          0.0     9.243386          0.0
      1925.0     0.457365   304.053926   385.113267   531.251731     0.528519    98.134668    54.808117    43.326551    46.156273    47.256798          0.0   286.751678   281.044840          0.0     6.686954          0.0
      1926.0     2.219124   304.570182   384.930849   531.823294     0.597529    97.345848    54.451312    42.894537    46.491794    47.063357          0.0   286.708164   280.855922          0.0     7.570373          0.0
      1927.0    -0.310342   305.035597   384.358322   532.333318     0.705602    95.815444    53.043897    42.771547    47.187284    47.697309          0.0   286.864681   281.126542          0.0     5.919115          0.0
      1928.0     0.677502   306.300914   382.621397   530.359235     1.005784    94.420599    52.443843    41.976755    47.137983    45.163900          0.0   286.963254   281.306098          0.0     9.016868          0.0
      1929.0    -0.865573   306.276076   382.012082   528.976369     0.915953    93.935242    51.974127    41.961115    45.866667    44.483801          0.0   286.877360   281.266210          0.0     8.099642          0.0
      1930.0    -0.364219   306.274232   381.507078   528.153112     0.697850    94.444615    52.327912    42.116703    46.004739    45.181482          0.0   286.817881   281.114890          0.0     7.651433          0.0
      1931.0    -1.153076   306.397862   380.399127   527.772204     0.874558    92.813411    51.460417    41.352994    46.126230    45.745322          0.0   286.900337   281.256800          0.0     6.823047          0.0
      1932.0    -2.279605   307.297304   378.292499   525.918387     0.992195    90.028404    49.855074    40.173330    46.027909    44.174091          0.0   286.974973   281.207682          0.0     7.787610          0.0
      1933.0     0.564246   307.491167   376.630414   524.070381     0.877847    92.820816    51.629168    41.191649    45.130312    43.282306          0.0   286.925246   281.238648          0.0    10.008946          0.0
      1934.0    -0.372215   306.868660   376.762241   523.810854     0.648630    94.544963    52.682002    41.862961    44.959745    44.700218          0.0   286.808901   281.092228          0.0     7.849958          0.0
      1935.0     0.299044   306.917055   376.435013   524.051801     0.691571    93.685908    51.944622    41.741286    45.088849    45.329797          0.0   286.798067   281.082171          0.0     6.942053          0.0
      1936.0     1.426197   307.189024   376.243239   524.067771     0.499314    95.202588    53.218711    41.983876    45.437793    45.453763          0.0   286.727104   281.045781          0.0     7.956724          0.0
      1937.0     1.199742   307.945227   375.185319   524.276838     0.731771    93.127067    51.883315    41.243753    45.210356    45.419423          0.0   286.695138   281.018581          0.0     7.521812          0.0
      1938.0     2.137823   308.592282   374.727942   524.005469     0.828122    93.741989    52.381653    41.360336    45.371627    45.100259          0.0   286.791978   281.191020          0.0     7.738770          0.0
      1939.0    -0.355999   309.410726   374.134916   523.455310     0.959181    90.706892    50.055029    40.651863    45.340730    44.790571          0.0   286.854775   281.221794          0.0     5.857485          0.0
      1940.0     1.506942   310.404827   372.839605   522.057368     0.995335    90.907849    50.338844    40.569005    44.774512    43.376569          0.0   286.878702   281.276645          0.0     8.257585          0.0
      1941.0     1.495134   310.448986   372.505929   521.477628     0.927183    92.594650    52.158878    40.435772    44.388943    43.809203          0.0   286.669680   281.020749          0.0     8.683351          0.0
      1942.0     1.170665   310.359539   372.891707   521.853559     0.820201    94.144289    52.913048    41.231241    44.988545    45.364475          0.0   286.681436   280.871949          0.0     7.162795          0.0
      1943.0     0.258452   311.476965   371.463686   521.450760     0.942413    91.458265    50.737697    40.720568    45.438123    45.035324          0.0   286.802772   281.091156          0.0     7.130394          0.0
      1944.0     0.820847   312.125379   370.329796   520.101854     0.951225    90.650578    50.743830    39.906748    44.555198    43.206292          0.0   286.727579   281.057192          0.0     8.671427          0.0
      1945.0     1.388065   311.656883   370.533100   519.964775     0.670076    94.353510    53.377118    40.976392    44.112654    43.975575          0.0   286.513018   280.847131          0.0     9.198240          0.0
      1946.0    -0.340275   311.259061   370.536306   521.276226     0.564216    93.565727    52.606818    40.958908    44.829257    46.140708          0.0   286.602387   280.808574          0.0     6.462904          0.0
      1947.0     0.001643   312.144112   368.539149   521.367128     0.852775    91.014371    50.653121    40.361250    45.271430    45.362332          0.0   286.800537   281.104511          0.0     7.287946          0.0
      1948.0     0.744389   312.380008   367.121212   520.622414     0.911492    91.567332    51.446535    40.120797    44.843569    44.098855          0.0   286.705974   280.950221          0.0     8.765617          0.0
      1949.0    -0.861260   311.855420   367.250318   520.617931     0.690020    92.530570    51.980350    40.550220    44.681078    44.676595          0.0   286.657698   280.824950          0.0     7.174648          0.0
      1950.0    -0.006580   312.549246   365.531516   520.126054     0.752853    89.526601    50.211863    39.314738    44.701791    44.209915          0.0   286.749355   281.042245          0.0     7.720751          0.0
      1951.0     0.667636   312.399542   365.322327   519.352142     0.573506    91.768650    51.868270    39.900380    43.828203    43.054291          0.0   286.653261   281.063382          0.0     9.023169          0.0
      1952.0    -0.485803   312.214340   365.031001   519.818108     0.677371    91.213324    51.402980    39.810344    44.305392    44.771358          0.0   286.675039   280.924939          0.0     6.922948          0.0
      1953.0    -0.546661   313.115200   362.912587   519.592855     0.907494    88.233453    49.437387    38.796066    44.419068    44.193815          0.0   286.792216   281.124574          0.0     7.361985          0.0
      1954.0     0.504173   313.288149   362.198272   518.518109     0.790333    91.334969    51.391565    39.943403    44.330096    43.255351          0.0   286.788754   281.174854          0.0     8.850529          0.0
      1955.0     0.632485   313.523371   361.555240   518.063822     0.598033    90.525240    51.202704    39.322536    43.859972    43.405685          0.0   286.725284   281.302518          0.0     8.440051          0.0
      1956.0     1.652908   313.422892   361.739540   517.977194     0.490881    93.014487    52.931923    40.082565    43.738791    43.652163          0.0   286.666175   280.995337          0.0     9.095460          0.0
      1957.0    -0.321806   313.792886   361.067985   518.586151     0.498336    90.207004    50.831562    39.375443    44.007245    44.616202          0.0   286.710310   281.039527          0.0     6.886915          0.0
      1958.0     0.217195   314.773110   359.547785   517.770832     0.749938    88.502940    49.755680    38.747259    44.493240    43.677921          0.0   286.838671   281.118427          0.0     7.597958          0.0
      1959.0    -0.024335   315.093718   358.725931   516.543101     0.791842    89.666878    50.623768    39.043110    44.334691    43.106960          0.0   286.894050   281.254381          0.0     8.338663          0.0
      1960.0     0.684129   315.076829   358.198499   516.084640     0.950020    90.176102    51.196157    38.979945    43.635292    43.176830          0.0   286.778935   281.160976          0.0     8.546759          0.0
      1961.0     1.565220   315.425775   357.955078   516.022933     0.808795    90.270224    51.386682    38.883543    43.626988    43.565281          0.0   286.709378   281.012282          0.0     8.064822          0.0
      1962.0     0.358341   316.152026   356.860703   516.356887     1.022926    88.193313    49.987816    38.205497    43.684182    44.018136          0.0   286.730452   281.033172          0.0     7.064054          0.0
      1963.0     2.562498   317.135163   355.790533   515.252492     1.109081    88.964497    50.853549    38.110949    43.245335    42.140940          0.0   286.591827   280.859569          0.0     9.782778          0.0
      1964.0     1.898904   317.013900   356.411671   515.436714     0.657062    91.001634    52.326909    38.674725    42.757207    42.941429          0.0   286.294796   280.501484          0.0     8.764342          0.0
      1965.0     3.048182   317.466326   356.200971   516.748346     0.721251    91.642146    52.828673    38.813474    43.395689    44.707321          0.0   286.398496   280.502716          0.0     8.332052          0.0
      1966.0     1.063582   318.276142   355.598842   517.705089     0.887133    89.471922    50.836908    38.635014    43.941716    44.898459          0.0   286.628128   280.853935          0.0     6.540579          0.0
      1967.0     1.508831   320.174911   352.909200   516.834275     1.275145    85.190733    48.473756    36.716977    43.586192    42.715379          0.0   286.700904   280.911212          0.0     8.448019          0.0
      1968.0     2.675169   320.374716   352.897494   515.847949     0.995592    90.527985    51.919144    38.608841    43.243535    42.257209          0.0   286.687438   280.913305          0.0     9.673641          0.0
      1969.0     1.617381   320.548414   353.143379   516.326308     0.935210    90.928927    52.000703    38.928223    43.396188    43.874546          0.0   286.666227   280.864952          0.0     7.880272          0.0
      1970.0     2.564691   321.781195   352.022959   516.520564     0.897056    88.797001    50.967197    37.829805    43.288817    43.483073          0.0   286.605456   280.721630          0.0     8.604544          0.0
      1971.0     2.963992   322.635824   351.902971   516.592803     0.998653    90.162557    51.591474    38.571083    43.508259    43.580498          0.0   286.627335   280.730338          0.0     8.130964          0.0
      1972.0     1.617553   324.319861   350.240911   516.212731     1.409827    86.302920    49.223805    37.079115    44.122161    43.742089          0.0   286.819619   281.105588          0.0     7.143776          0.0
      1973.0     3.533775   325.650906   349.598387   514.588626     1.397905    88.689907    50.548194    38.141713    43.321514    41.697409          0.0   286.859057   281.193901          0.0     9.493310          0.0
      1974.0     4.388362   326.965204   349.187907   514.789199     1.315436    89.242386    50.945711    38.296675    42.655065    42.855639          0.0   286.718765   281.028461          0.0     8.500552          0.0
      1975.0     4.573908   328.072530   349.246248   515.572746     1.314469    90.768254    52.276578    38.491676    42.735538    43.519085          0.0   286.559629   280.629128          0.0     8.699152          0.0
      1976.0     2.547466   329.219625   347.874913   516.638871     1.420095    88.664333    50.783249    37.881084    43.785844    44.851969          0.0   286.713409   280.918575          0.0     7.302615          0.0
      1977.0     2.597450   330.328628   346.654372   516.054309     1.458426    88.976124    50.995386    37.980738    43.759569    43.175007          0.0   286.838070   281.126235          0.0     9.040920          0.0
      1978.0     2.952982   331.306285   346.169468   515.546026     1.469859    89.482729    51.286368    38.196361    43.510827    43.002544          0.0   286.755801   280.844865          0.0     8.768729          0.0
      1979.0     4.901043   332.445848   346.003404   515.580756     1.470868    91.032746    52.492055    38.540691    43.140384    43.175115          0.0   286.699693   280.871062          0.0     9.483004          0.0
      1980.0     4.327071   333.758785   345.955855   516.157226     1.520927    90.024359    51.942469    38.081890    42.669498    43.245968          0.0   286.650533   280.868298          0.0     8.744050          0.0
      1981.0     3.316515   335.971050   344.881026   515.961077     1.694026    87.223924    50.085271    37.138653    44.011348    43.815199          0.0   286.825057   281.053253          0.0     7.344901          0.0
      1982.0     4.810527   338.389092   343.090700   514.279138     1.943226    87.502181    50.200343    37.301838    43.727175    42.045235          0.0   286.911869   281.151794          0.0     9.945434          0.0
      1983.0     3.901898   338.769945   343.338128   513.617426     1.786189    89.915011    52.383585    37.531426    42.702049    42.040338          0.0   286.653725   280.793185          0.0    10.095819          0.0
      1984.0     3.618662   339.547836   343.260269   514.236213     1.602689    90.178723    52.639466    37.539257    43.198628    43.817414          0.0   286.565878   280.656971          0.0     8.899911          0.0
      1985.0     5.092369   341.040794   342.931266   514.704718     1.664318    90.318676    52.656383    37.662293    43.317422    43.785927          0.0   286.651435   280.832759          0.0     9.199459          0.0
      1986.0     4.788867   342.675836   342.640908   514.954981     1.805044    90.181160    52.170947    38.010213    43.692603    43.942865          0.0   286.814127   281.027197          0.0     8.518439          0.0
      1987.0     4.189511   344.443344   341.942840   514.688120     1.982347    88.624458    51.242898    37.381560    43.537422    43.270561          0.0   286.839275   281.119492          0.0     8.670405          0.0
      1988.0     5.990660   345.886698   342.079036   514.073942     1.748588    90.693982    53.043834    37.650147    43.227252    42.613074          0.0   286.780573   280.999971          0.0    10.294564          0.0
      1989.0     5.318970   347.607540   342.147705   514.648951     1.866665    90.477368    52.395371    38.081997    43.807878    44.382887          0.0   286.893426   281.071077          0.0     7.943816          0.0
      1990.0     5.363994   350.069303   341.282206   514.169405     2.085904    88.867083    51.124465    37.742618    44.153422    43.673876          0.0   287.155357   281.433357          0.0     8.316087          0.0
      1991.0     5.391939   351.655588   340.959551   513.447757     2.272154    89.918219    51.881958    38.036261    43.994050    43.272401          0.0   287.154026   281.535325          0.0     8.932213          0.0
      1992.0     6.850026   352.266543   341.402438   513.774711     2.086922    92.728519    55.078315    37.650204    42.895068    43.222023          0.0   286.489929   280.552871          0.0    11.413405          0.0
      1993.0     4.101029   352.752280   342.163720   515.657994     1.996455    92.144993    54.107285    38.037708    43.632610    45.515893          0.0   286.572405   280.705876          0.0     7.830110          0.0
      1994.0     3.636274   354.889275   340.979987   515.428088     2.058375    88.708084    51.619245    37.088840    44.380435    44.150529          0.0   286.817163   280.977142          0.0     8.652449          0.0
      1995.0     4.160968   356.061923   341.175180   514.216445     2.017026    90.133612    52.594784    37.538828    43.741161    42.529519          0.0   286.802250   280.954316          0.0     9.870072          0.0
      1996.0     5.705590   357.039086   341.868013   514.110074     1.890707    92.927115    54.140901    38.786215    43.621351    43.514980          0.0   286.883608   281.164375          0.0     9.933086          0.0
      1997.0     7.253616   358.207228   342.962425   514.737932     1.951502    94.995877    55.777709    39.218168    44.675318    45.303175          0.0   286.965265   281.268339          0.0     9.380122          0.0
      1998.0     5.012793   359.986540   343.601989   514.951128     2.144458    92.076773    53.591586    38.485187    45.203178    45.416374          0.0   287.018976   281.397256          0.0     7.535648          0.0
      1999.0     6.654832   362.241732   343.703481   514.338584     2.123109    92.387166    53.852302    38.534865    44.938450    44.325906          0.0   287.059242   281.362490          0.0     9.424902          0.0
      2000.0     5.816498   364.668597   343.437132   513.574728     2.291467    90.937491    52.783253    38.154238    44.660080    43.896223          0.0   287.172312   281.562608          0.0     9.153379          0.0
      2001.0     4.878758   366.576202   342.708264   512.684983     2.436943    90.814666    52.583884    38.230782    45.000124    44.110378          0.0   287.295874   281.803682          0.0     9.202374          0.0
      2002.0     6.161262   368.019453   342.815112   511.577137     2.293379    92.856690    54.050152    38.806538    44.384823    43.276977          0.0   287.244164   281.639405          0.0    10.666327          0.0
      2003.0     5.438134   368.979398   343.501795   512.196883     2.053612    93.474243    54.703844    38.770399    44.469005    45.088752          0.0   287.176335   281.549284          0.0     8.928410          0.0
      2004.0     5.600849   371.957550   342.215938   512.063702     2.320493    89.352950    51.779030    37.573921    44.880756    44.747575          0.0   287.261124   281.603443          0.0     8.317311          0.0
      2005.0     7.307056   373.841856   342.483536   511.222219     2.319552    92.755678    54.191452    38.564226    44.289772    43.448289          0.0   287.197512   281.620138          0.0    10.475566          0.0
      2006.0     7.526084   375.103159   343.438224   511.460434     2.178696    95.122456    56.207881    38.914575    44.458372    44.696586          0.0   287.110219   281.504576          0.0    10.556607          0.0
      2007.0     6.836877   376.745609   344.404026   512.350088     2.226999    94.652463    55.414915    39.237547    44.765394    45.655048          0.0   287.165617   281.544182          0.0     8.794064          0.0
      2008.0     5.937639   378.967406   344.661149   512.598438     2.379241    93.564259    54.676222    38.888037    45.607600    45.855950          0.0   287.249181   281.618120          0.0     8.563150          0.0
      2009.0     6.462633   381.397422   344.409571   511.543948     2.659469    92.742924    53.973995    38.768929    45.515318    44.460828          0.0   287.351631   281.810272          0.0     9.764745          0.0
      2010.0     6.579702   383.378392   343.699827   510.499891     2.748515    92.179182    54.049085    38.130097    44.586352    43.542295          0.0   287.253353   281.573558          0.0    11.216534          0.0
      2011.0     7.072029   384.629359   344.272216   510.619797     2.523843    95.125889    56.123364    39.002525    45.094566    45.214472          0.0   287.272556   281.676112          0.0    10.336504          0.0
      2012.0     4.322046   387.241339   343.816498   510.705419     2.809766    90.219436    52.355915    37.863522    45.631448    45.717070          0.0   287.448541   281.832714          0.0     7.094562          0.0
      2013.0     8.612106   390.182908   342.290721   508.705698     2.764430    93.504870    54.553811    38.951059    45.467644    43.467923          0.0   287.553547   282.212912          0.0    12.611665          0.0
      2014.0     7.016058   391.308039   343.292992   509.121434     2.468314    95.536249    56.120816    39.415433    44.182052    44.597788          0.0   287.286176   281.688181          0.0    10.520757          0.0
      2015.0     8.220655   393.374377   343.560131   510.180556     2.446475    96.055814    56.678579    39.377235    45.390722    46.449844          0.0   287.353033   281.841528          0.0     9.961596          0.0
      2016.0     7.227971   395.410654   344.439083   510.781334     2.594236    95.585786    56.402980    39.182806    46.220363    46.821141          0.0   287.417354   281.818690          0.0     8.702887          0.0
      2017.0     8.746654   398.758101   344.173661   509.823281     2.751055    93.575364    54.684031    38.891333    45.971104    45.013052          0.0   287.591756   282.081487          0.0     9.936401          0.0
      2018.0    10.819545   401.029875   345.106489   509.597527     2.763676    96.761078    57.469221    39.291857    44.886350    44.660595          0.0   287.399836   281.824688          0.0    11.875797          0.0
      2019.0     8.972232   402.789561   347.398335   510.857539     2.757693    99.099822    58.750301    40.349521    45.956381    47.216393          0.0   287.498883   281.989998          0.0     9.242062          0.0
      2020.0     9.810917   406.139318   348.228573   511.019919     3.054838    96.685232    56.903040    39.782191    47.013028    47.175409          0.0   287.705257   282.237451          0.0     8.897394          0.0
      2021.0     9.817290   409.607709   348.502363   510.002200     3.297459    95.854900    56.172910    39.681991    46.873991    45.856271          0.0   287.835510   282.548838          0.0    10.042848          0.0
      2022.0    11.196204   411.863409   350.068248   509.396047     3.085711    98.605156    58.462174    40.142981    45.465632    44.859479          0.0   287.623599   282.140906          0.0    12.036810          0.0
      2023.0    10.497612   413.837597   352.441492   510.478793     2.839309   101.520190    60.292549    41.227641    46.372471    47.455216          0.0   287.558553   282.112417          0.0    10.464089          0.0
      2024.0    10.498272   416.847557   353.602225   511.459904     2.947828    99.423277    58.773173    40.650104    47.081578    48.062689          0.0   287.624351   282.299055          0.0     9.549751          0.0
      2025.0     9.767632   419.829303   355.101784   511.356117     3.067426    98.523860    58.080009    40.443852    47.761195    47.657408          0.0   287.809306   282.546513          0.0     8.923041          0.0
      2026.0    10.930309   422.917280   355.588701   510.563117     3.310691    98.395275    58.104537    40.290737    47.098542    46.305542          0.0   287.788574   282.401931          0.0    11.312079          0.0
      2027.0     9.639300   424.592089   357.756862   511.226628     3.179885   100.045258    59.464070    40.581188    46.537731    47.201243          0.0   287.642683   282.238239          0.0    10.094667          0.0
      2028.0    11.185298   426.964139   359.294479   512.033252     3.118938   101.615367    60.760314    40.855054    47.866179    48.672803          0.0   287.701845   282.321565          0.0    10.549894          0.0
      2029.0     9.092047   429.848363   360.446306   511.971642     3.282032   100.210069    59.524010    40.686059    48.183388    48.121778          0.0   287.876678   282.541879          0.0    10.250405          0.0
      2030.0     9.821486   432.396072   361.874206   511.390756     3.223661   100.933921    59.735568    41.198353    48.173521    47.592635          0.0   287.844958   282.436412          0.0    10.715033          0.0
      2031.0    10.182740   434.850977   362.809726   511.070152     3.352181   100.731135    60.107353    40.623782    48.039083    47.718479          0.0   287.836448   282.541254          0.0    11.453354          0.0
      2032.0    10.243064   436.487804   364.940833   511.519133     3.135232   103.116635    61.624049    41.492586    47.404805    47.853786          0.0   287.736768   282.381608          0.0    11.639157          0.0
      2033.0     8.154965   438.450975   366.741336   513.086409     3.058746   102.259637    60.426566    41.833071    48.761200    50.328476          0.0   287.931022   282.593851          0.0     8.297587          0.0
      2034.0    11.572308   441.109781   367.645658   512.908493     3.200566   104.772187    62.425924    42.346263    49.037148    48.859232          0.0   287.945660   282.690670          0.0    12.662370          0.0
      2035.0     9.737347   442.881090   369.083018   513.804705     3.128769   104.882669    62.820219    42.062450    48.659054    49.555266          0.0   287.749423   282.334528          0.0    11.827592          0.0
      2036.0     8.116732   444.826244   370.468292   514.937672     3.038679   103.169088    61.353721    41.815366    49.259115    50.392082          0.0   287.810936   282.278100          0.0     9.576366          0.0
      2037.0    10.271695   447.200742   371.062172   514.898872     3.276232   104.507820    62.360650    42.147171    49.651534    49.612734          0.0   287.952597   282.701850          0.0    12.154036          0.0
      2038.0     8.447906   448.401516   373.346393   515.783739     3.027666   106.349958    63.657167    42.692791    49.021676    49.906544          0.0   287.829618   282.502732          0.0    11.466402          0.0
      2039.0     9.638980   450.297642   374.549524   516.857640     2.945423   106.291276    63.564806    42.726470    49.513043    50.586944          0.0   287.821646   282.522177          0.0    11.774731          0.0
      2040.0    10.162835   451.566661   377.050228   517.894534     2.984115   108.939840    65.473072    43.466769    50.104483    51.141377          0.0   287.774556   282.383524          0.0    11.830990          0.0
      2041.0     7.272048   453.306355   378.903056   519.032371     2.962363   106.555907    63.329740    43.226167    50.916439    52.054276          0.0   287.985755   282.722305          0.0     9.422636          0.0
      2042.0     8.545943   456.023883   378.497422   518.457836     3.095380   102.864847    61.486379    41.378469    50.085504    49.510968          0.0   287.968213   282.612348          0.0    12.381045          0.0
      2043.0     8.692581   457.037199   380.352151   518.250912     2.858487   107.181063    64.278850    42.902212    49.880591    49.673666          0.0   287.978226   282.705913          0.0    12.750455          0.0
      2044.0     6.869295   457.657715   382.835747   519.616048     2.802983   107.166497    64.198557    42.967940    49.832210    51.197347          0.0   287.819873   282.457286          0.0    10.517614          0.0
      2045.0     8.028787   459.386299   383.847161   520.429937     2.759773   105.948010    63.432826    42.515184    50.393685    51.207575          0.0   287.916102   282.589332          0.0    11.213838          0.0
      2046.0     6.212346   460.949314   384.891366   520.647802     2.962486   105.483921    62.744052    42.739868    50.706690    50.924555          0.0   288.037208   282.846123          0.0    10.775292          0.0
      2047.0     8.431792   462.234521   385.693649   520.486770     2.891905   106.669930    64.036539    42.633390    50.067937    49.906905          0.0   287.931660   282.628015          0.0    13.327352          0.0
      2048.0     5.439028   462.967403   386.993442   521.516965     2.793407   104.486259    62.282719    42.203540    49.923212    50.953407          0.0   287.906434   282.532300          0.0    10.029519          0.0
      2049.0     6.352351   464.287917   387.774757   521.773227     2.729190   105.047147    62.410476    42.636670    50.530440    50.786702          0.0   288.054528   282.838952          0.0    10.842459          0.0
      2050.0     7.742648   464.978201   389.036693   522.166321     2.759261   108.108264    64.861460    43.246803    50.331017    50.724111          0.0   287.959286   282.747001          0.0    12.875414          0.0
      2051.0     5.509174   465.429291   390.716987   523.559016     2.532132   107.030115    63.951005    43.079110    50.626740    52.019436          0.0   287.972908   282.685432          0.0    10.251275          0.0
      2052.0     7.535691   466.516777   391.559330   524.281586     2.676351   109.641594    65.898402    43.743191    51.533950    52.256520          0.0   287.972251   282.677831          0.0    12.799539          0.0
      2053.0     6.080396   467.033969   393.306591   525.308303     2.532936   108.331156    64.880926    43.450230    50.662618    51.689335          0.0   287.898430   282.604789          0.0    11.444330          0.0
      2054.0     4.491081   468.057355   394.165748   526.028808     2.582927   105.424710    62.934728    42.489982    51.200655    51.921160          0.0   288.021054   282.658328          0.0    10.154410          0.0
      2055.0     4.995716   469.369316   394.481600   525.190441     2.606272   106.513421    63.686230    42.827191    51.549505    50.711138          0.0   288.128001   282.945087          0.0    12.659240          0.0
      2056.0     5.760380   469.488651   396.033432   524.932284     2.430602   109.576642    65.690426    43.886216    51.473654    51.215497          0.0   288.070069   282.762104          0.0    12.923096          0.0
      2057.0     6.274616   469.494071   397.788477   525.826342     2.156712   110.529904    66.284737    44.245167    50.752094    51.646152          0.0   287.958803   282.661160          0.0    12.883539          0.0
      2058.0     5.972645   469.272815   400.219778   527.879154     2.068936   112.820266    67.784787    45.035479    51.574105    53.626917          0.0   287.836233   282.559973          0.0    11.726569          0.0
      2059.0     5.582459   469.463516   402.275860   530.194742     2.056262   113.213302    67.745446    45.467856    52.264170    54.579758          0.0   287.922098   282.656708          0.0    11.109607          0.0
      2060.0     4.517451   470.687401   402.633508   531.287098     2.190483   110.694020    65.944253    44.749767    53.230849    54.323205          0.0   288.082239   282.713642          0.0    11.263400          0.0
      2061.0     4.382445   471.970136   401.978221   530.781359     2.314820   107.765439    64.022530    43.742909    52.615680    52.109941          0.0   288.136603   282.917576          0.0    12.567875          0.0
      2062.0     4.185365   471.726607   403.326767   530.728348     2.155735   110.910138    66.377546    44.532592    52.141630    52.088618          0.0   288.017055   282.831295          0.0    12.940382          0.0
      2063.0     4.000237   471.355752   404.746127   531.794061     1.907961   110.966142    66.667928    44.298214    52.016632    53.082345          0.0   287.946060   282.670273          0.0    12.166224          0.0
      2064.0     5.323825   471.225875   406.567341   532.849919     1.853391   112.128184    67.618011    44.510173    52.258939    53.314798          0.0   287.934443   282.647295          0.0    12.481999          0.0
      2065.0     4.423201   471.136034   408.132229   534.501350     1.921083   111.501545    66.868406    44.633139    52.680772    54.332203          0.0   287.975307   282.664794          0.0    10.971315          0.0
      2066.0     3.462040   471.543555   408.991757   535.437453     2.051801   110.950261    65.976923    44.973338    53.393978    54.330082          0.0   288.137408   282.948339          0.0    10.787313          0.0
      2067.0     5.260195   471.373383   410.288533   536.235830     2.019665   113.426155    68.116694    45.309461    53.231641    54.030017          0.0   288.011480   282.712813          0.0    12.789900          0.0
      2068.0     2.234946   471.513936   411.034394   537.279399     1.850755   109.963212    65.487304    44.475908    52.851361    53.894930          0.0   288.127693   282.917805          0.0    10.846513          0.0
      2069.0     3.040727   471.985023   410.711689   537.705052     1.960460   107.688554    64.206603    43.481951    52.739081    53.164734          0.0   288.157577   282.946651          0.0    11.364574          0.0
      2070.0     4.706108   471.552312   411.762313   537.903906     1.855046   112.229885    67.203501    45.026384    52.383573    52.582427          0.0   288.054953   282.708793          0.0    13.570450          0.0
      2071.0     1.693509   470.762499   413.126232   539.777324     1.824032   111.090696    66.508903    44.581793    52.529528    54.402946          0.0   287.980021   282.576794          0.0    10.742039          0.0
      2072.0     4.869944   470.553597   414.364149   540.839224     1.637176   113.723118    68.161929    45.561189    53.009842    54.071742          0.0   288.004971   282.625410          0.0    12.852270          0.0
      2073.0     2.719930   470.142803   415.721044   542.461778     1.631820   112.070262    67.144371    44.925892    53.069300    54.691854          0.0   287.921721   282.685944          0.0    11.095621          0.0
      2074.0     3.286122   470.271854   416.462057   543.109771     1.647833   111.984123    67.094597    44.889526    53.368766    54.016759          0.0   287.963591   282.680862          0.0    12.336824          0.0
      2075.0     2.400053   469.972782   417.446154   543.421022     1.559211   110.928083    66.615968    44.312115    52.800884    53.112135          0.0   287.904643   282.678796          0.0    12.519737          0.0
      2076.0     2.528891   469.089329   418.986222   544.537953     1.427635   112.563390    67.522266    45.041124    52.867936    53.984866          0.0   287.795972   282.449787          0.0    11.997331          0.0
      2077.0     0.132408   469.166068   419.007966   545.470290     1.592396   108.808384    64.854018    43.954366    53.785677    54.718014          0.0   288.082138   282.828554          0.0    10.114260          0.0
      2078.0     1.883675   469.590224   418.131525   544.231801     1.637521   107.770332    63.868707    43.901625    52.939470    51.700981          0.0   288.227951   283.098615          0.0    13.044167          0.0
      2079.0     0.439940   468.243452   419.388076   543.893944     1.494615   109.420451    65.703459    43.716992    52.280128    51.942271          0.0   287.989441   282.690840          0.0    12.504637          0.0
      2080.0     0.213017   467.396704   420.022296   544.221192     1.341756   109.058410    65.169367    43.889042    52.609055    52.936303          0.0   288.089639   282.829620          0.0    11.598845          0.0
      2081.0     0.904863   466.582147   420.711245   544.585199     1.482653   107.952346    64.555493    43.396853    51.983758    52.347766          0.0   287.974312   282.601497          0.0    11.518778          0.0
      2082.0    -0.283086   465.910764   421.079267   544.641931     1.302658   108.471052    64.499851    43.971201    53.173392    53.230125          0.0   288.218687   282.890178          0.0    10.901705          0.0
      2083.0     0.327365   465.416577   420.789270   544.275804     1.071456   107.529841    64.165420    43.364422    52.006296    51.640169          0.0   288.057074   282.795272          0.0    12.815248          0.0
      2084.0     2.395104   463.218732   423.685223   545.150061     0.860599   114.682391    68.988779    45.693611    51.578943    52.453200          0.0   287.836523   282.577038          0.0    13.639626          0.0
      2085.0    -0.586569   461.740646   425.233938   548.207602     0.865572   112.597234    67.335064    45.262170    53.036276    56.093817          0.0   287.928915   282.595897          0.0     9.692533          0.0
      2086.0     0.702984   462.333084   424.106379   548.369452     1.307148   107.588414    64.030785    43.557629    53.705727    53.867576          0.0   288.124496   282.888128          0.0    11.290767          0.0
      2087.0     0.727959   461.355076   425.105969   547.294740     1.124579   109.431036    65.567058    43.863978    52.513804    51.439092          0.0   287.997148   282.701906          0.0    13.128376          0.0
      2088.0    -0.812257   459.828503   426.234227   547.977684     0.947775   109.509401    65.302894    44.206507    52.326166    53.009110          0.0   288.007166   282.668982          0.0    11.165526          0.0
      2089.0    -0.266086   458.785979   426.876223   548.569159     1.063113   109.724543    65.321782    44.402762    52.579486    53.170961          0.0   288.042000   282.789119          0.0    11.508824          0.0
      2090.0    -1.616287   458.079064   426.542564   549.058546     0.886261   106.693225    63.236279    43.456945    52.279498    52.768886          0.0   288.046044   282.748819          0.0    10.801054          0.0
      2091.0    -0.047829   456.877172   427.075495   549.094444     0.898352   109.663061    65.349953    44.313109    52.052515    52.088413          0.0   287.973270   282.797762          0.0    12.728608          0.0
      2092.0    -1.718521   455.509546   427.556704   549.823298     0.922374   108.120786    64.363454    43.757332    52.560926    53.289780          0.0   288.011305   282.700780          0.0    10.592466          0.0
      2093.0    -0.900289   454.783063   427.273778   549.436521     0.934217   108.277598    64.340406    43.937191    51.958150    51.571373          0.0   287.976125   282.685804          0.0    13.051960          0.0
      2094.0     0.818774   452.943116   428.690185   549.745273     0.722045   111.218906    66.671236    44.547670    51.764803    52.073555          0.0   287.878718   282.604316          0.0    13.181274          0.0
      2095.0    -1.105004   451.417273   429.683123   551.632205     0.576993   109.027590    65.049369    43.978221    51.917685    53.804617          0.0   287.742375   282.354197          0.0    10.251814          0.0
      2096.0     0.197779   450.483491   429.885067   553.172005     0.778185   108.458561    64.512483    43.946078    52.001702    53.541502          0.0   287.801101   282.353844          0.0    10.769038          0.0
      2097.0    -1.457195   449.910077   429.362302   554.015685     0.686877   107.334463    63.543449    43.791014    53.136222    53.979902          0.0   288.066383   282.795705          0.0    10.086312          0.0
      2098.0    -1.311578   449.105500   429.352162   553.488351     0.662673   108.078781    64.376846    43.701935    52.091428    51.564094          0.0   287.927499   282.514895          0.0    12.822892          0.0
      2099.0    -2.147719   447.914981   429.505122   553.602153     0.680003   107.419920    63.632386    43.787534    52.276657    52.390459          0.0   287.947039   282.650368          0.0    11.088966          0.0
      2100.0    -0.583520   447.041319   430.125143   553.310249     0.749214   105.930883    62.844363    43.086520    51.404918    51.113013          0.0   287.946213   282.471677          0.0    11.111329          0.0