        time     emission          CO2         cveg        csoil        fgco2         fgpp         fnpp           ra          frh     fvegsoil         fluc          tas     tas_land        cprod     fcvegout    fcsoilout
        1850     0.236736   284.316986   538.023143  2716.880516     0.138731    95.301631    37.274269    58.027362    36.119751    36.789142            0   287.586665   282.211178            0     2.090812      0.13096
        1851    -0.192996   284.450989   536.956357  2717.172261     0.017071    96.647512    37.703863    58.943648    36.281761    36.858302            0   287.803153    282.67947            0     1.912347     0.284796
        1852     0.043592   284.597992    536.42847  2717.217321     0.081482    96.351657    37.890153    58.461504    36.363109    36.971888            0   287.707629   282.497886            0     1.446152     0.563719
        1853    -0.440289   284.730988   535.358799   2717.39429     0.211076    95.461969    37.579226    57.882743     36.42998    36.805057            0   287.837581   282.714409            0      1.84384     0.198107
        1854    -1.151986   284.846008   534.264154  2717.106681     0.007304    94.423263    37.533753     56.88951    36.859372    36.431006            0   287.888314    282.82199            0     2.197392    -0.140757
        1855     0.184761    284.94101   534.030848   2716.56602      0.13095    96.508496    38.421719    58.086777    36.564378      36.8926            0   287.656942   282.501844            0     1.762424     0.868882
        1856     0.446925   285.049011   533.899834  2716.439568     0.285873    96.506951    38.586249    57.920701    36.711221    36.962327            0   287.627193   282.382755            0     1.754937     0.377558
        1857     0.101031    285.20401   533.553481  2716.569946     0.166473    97.350245    37.867281    59.482964    36.353527    37.172651            0   287.857526   282.718449            0     1.040982     0.688746
        1858    -0.328592   285.368988   532.281997  2716.959801     0.151284    95.676571    37.741563    57.935008    36.548007    36.968178            0   287.690891   282.621568            0     2.044869     0.030316
        1859     0.147469   285.545013   531.945843  2716.661957     0.146437     96.02514    38.355977    57.669163    36.741042    36.819416            0   287.419501   282.191443            0     1.872715     0.376218
        1860     0.249418   285.739014   531.760459  2716.336432     0.233762    96.974839     38.72893    58.245909    37.045407     36.82781            0    287.35749    282.09533            0     2.086503     0.107928
        1861     0.084869   285.933014   531.221202  2716.410881     0.141289    96.005391    37.756657    58.248734    36.229773     36.98305            0   287.362057   282.066999            0     1.312864     0.678828
        1862     0.494043   286.100006   531.113835  2716.375622     0.248982    96.107199    38.188263    57.918936    36.350704    37.099555            0   287.413797   282.178071            0     1.196076      0.78411
        1863    -0.679175   286.270996   529.977566  2716.807747     0.299491    95.060725    37.145679    57.915045     36.23398    36.686664            0   287.728857   282.455398            0     1.595284     0.020559
        1864    -1.038794   286.441986   528.496644  2716.576319     0.188775    94.412052    37.059209    57.352843    36.521279    36.535196            0   287.869746   282.814601            0     2.004935     0.245345
        1865     0.748992   286.614014   528.428034  2715.793497     0.244505    97.129851    38.950727    58.179123    37.026049    36.472558            0    287.60942   282.567486            0      2.54678      0.22933
        1866     0.539135   286.781006   528.764011  2715.606976     0.249672    96.271943    38.133752    58.138191    36.109968    37.090195            0   287.495632   282.279735            0      0.70758     1.166747
        1867     0.423846   286.954987   528.175094  2715.940816     0.377839     96.75483    37.717781    59.037049     36.16568      36.6882            0   287.513707   282.276504            0     1.618498     0.188681
        1868    -0.312746   287.105011   527.964361  2715.692227     0.282297    96.047771    37.870573    58.177198    36.876657    36.586955            0   287.858231   282.736797            0      1.49435    -0.041113
        1869    -0.552345   287.225006    526.59224  2715.671059      0.23712    94.311748    37.078291    57.233457    36.001699    36.635661            0   287.790045   282.700473            0     1.814751      0.65513
        1870     0.637583   287.355011   526.247816  2715.505198     0.352771    95.915205    38.300469    57.614736    36.162334    36.553622            0   287.540348    282.39359            0     2.091272     0.557149
        1871    -0.133713   287.493988   525.758721  2715.609401     0.280602    95.316438    37.557737    57.758701    36.015311    36.569329            0   287.615537   282.387136            0     1.477503     0.449815
        1872    -0.394925   287.664001   524.924154  2715.684895     0.138127    95.835692    37.589057    58.246635    36.247582    36.606982            0   287.601558   282.436527            0     1.816642     0.283906
        1873     0.165045   287.859985   523.601659  2716.072011     0.324188    95.418954    37.393536    58.025417    35.631242    36.674618            0   287.454484   282.220792            0     2.041413      0.65626
        1874     0.450527   288.061005   523.094881  2716.050938     0.373899    95.435329    38.043685    57.391644     36.29285    36.066565            0   287.468565   282.177707            0     2.483897    -0.205211
        1875     0.468706   288.290985   523.145587  2715.689659     0.318936    96.453198    38.207774    58.245424    36.266472    36.650702            0   287.563431   282.349122            0     1.506366     0.745509
        1876     0.605884   288.519989   522.817194  2715.672356      0.32857    97.405001    38.469088    58.935913    36.350754    36.970139            0   287.629318   282.498636            0     1.827342     0.636688
        1877    -0.184748   288.752014    521.91947  2716.049784     0.330129    96.187807    37.374463    58.813345    35.847736    36.606281            0   287.774207    282.61696            0     1.665905     0.381116
        1878     0.535821   288.993011   521.201299  2715.938758      0.30465    97.699453     38.51008    59.189373    36.552373    36.826723            0   287.822101    282.71928            0     2.401529     0.385376
        1879    -0.372943   289.221008   520.292516  2716.116986     0.369993    95.347612    37.287053    58.060558    36.035786    36.638763            0   287.714616   282.547134            0     1.557073     0.424749
        1880      0.12715   289.470001   519.345201   2715.98683     0.347947    95.637137    37.544095    58.093042    36.168752    36.372425            0   287.750726   282.612314            0     2.118986      0.33383
        1881     0.201013      289.737   518.383718  2716.051207     0.367258    94.639933    37.266178    57.373754    35.608515    36.222691            0   287.618139   282.561474            0      2.00497     0.549798
        1882     0.480955   290.019012   518.097266  2715.830959      0.38806    96.528352    38.478143    58.050209    36.646598    36.378314            0   287.523057   282.195874            0      2.38628    -0.048036
        1883     0.840633      290.263   518.065081  2715.419831     0.371095     97.31654    38.639745    58.676795    36.263693    37.007572            0   287.668882   282.514046            0     1.664358     1.155007
        1884     0.807279   290.511993   517.587328  2715.735498     0.611737    97.092832    38.270121    58.822711     36.07266    36.552389            0   287.439307   282.108087            0     2.195485     0.164062
        1885      0.70028   290.796997   517.203146  2715.704021      0.44774    96.713478    38.415706    58.297772    36.273832    36.834522            0   287.619676   282.451951            0     1.965367     0.592167
        1886     0.393925   291.100006   516.957969  2715.598919     0.407365     96.94748    38.248008    58.699472    36.532593      36.9165            0   287.587185   282.506297            0     1.576685     0.489008
        1887     0.845571   291.414001   516.498112  2715.417203     0.491456    96.845338    38.618571    58.226768    36.860516    36.466492            0   287.430655   282.185872            0     2.611936    -0.212307
        1888     0.925355      291.763   516.784824  2714.870902     0.514171    96.855078    38.525241    58.329837     36.55632    36.755804            0   287.535532   282.301166            0     1.482725     0.745784
        1889     0.778041   292.113007   516.395372   2714.92429     0.494278    98.209648    38.362948    59.846699    36.613504    36.706884            0   287.602457   282.372656            0     2.045516     0.039992
        1890     0.584522   292.458008    515.85631  2714.673786     0.418934     97.68141    38.301196    59.380214    36.371773    37.059789            0   287.728618   282.525083            0     1.780469      0.93852
        1891     0.234586    292.81601   515.054334  2714.762967      0.42534    96.772352    38.087894    58.684458    36.448424    36.809493            0   287.758362   282.538626            0     2.080378     0.271888
        1892    -0.120504   293.166992   514.031108  2714.604035     0.456233     96.35807    37.916627    58.441443     36.59122    36.947681            0   287.688884   282.613347            0     1.992172     0.515394
        1893     1.294007    293.47699   513.328281  2714.411184     0.556197    97.577121    39.206819    58.370303    36.643678    36.668152            0   287.631946   282.423053            0     3.241494     0.217325
        1894     0.788933   293.790985   513.541761    2714.1678     0.521506    97.321893    38.492886    58.829007    36.358424     36.56703            0   287.762705     282.5205            0     1.712376      0.45199
        1895     0.133156    294.07901   513.219447  2713.689055     0.480306    98.045119    38.762022    59.283097     37.29176    36.840629            0   287.909299   282.837115            0     2.243707     0.027613
        1896     1.189781    294.36499   513.222253  2713.248639     0.505221     99.11969    39.541206    59.578484    37.007034    37.184584            0   287.705668   282.607396            0     2.353817     0.617966
        1897     0.884334   294.645996    513.16737   2713.16192     0.521406    97.638407    38.811703    58.826705    36.528064    37.365727            0   287.771203   282.579032            0     1.500859     0.924382
        1898     0.967744    294.95401    513.02869  2713.137877     0.453518    99.293543    39.474498    59.819045    37.093304    37.363906            0   287.811758   282.726782            0     2.249272     0.294644
        1899     0.623202   295.299988   512.781767  2713.198264     0.482646    98.710897    38.940295    59.770603    36.946702    37.460003            0   287.804122   282.692648            0     1.727215     0.452915
        1900     1.499032   295.674988   512.077844  2713.295272     0.587985    99.205869    38.976944    60.228925    36.313939    37.164453            0   287.754619   282.728229            0     2.516414     0.753505
        1901     0.486717   296.006989   511.618572  2713.568694     0.617483    99.335844    39.081919    60.253926     37.07837    37.148393            0   287.830231   282.809645            0     2.392799    -0.203399
        1902      0.80369   296.325012   511.123572  2713.125797     0.551407    99.599309    39.199133    60.400176    36.785718    37.278894            0   287.674195   282.434842            0     2.415238     0.936073
        1903    -0.046722   296.653992   509.783235  2713.636191     0.626357    97.035946    37.681533    59.354413    36.189811    37.117728            0   287.646613   282.266611            0     1.904143     0.417522
        1904     0.131947    296.95401   508.364212  2713.655124     0.540174    97.347628    38.223486    59.124142    36.492788    36.567926            0   287.797378   282.605417            0     3.074583     0.056205
        1905     0.484755   297.289001   507.732462  2713.369939     0.608225    97.366682    38.558753    58.807929    36.392007    36.489428            0   287.714207   282.452689            0     2.701076     0.382607
        1906      0.56352   297.661987   507.513361  2712.731972     0.478557    97.761537    38.849714    58.911822    36.797196    36.541971            0   287.740677   282.561423            0     2.526844     0.382741
        1907     1.671398   298.097992   507.800034  2712.177493     0.498287    99.769377    39.938757     59.83062    36.978987    37.123666            0   287.637595   282.441775            0     2.528418     0.699157
        1908     1.036901   298.518005   507.953309  2712.053586     0.595383    98.722734    38.680512    60.042223    36.574834    36.931953            0   287.625531   282.325769            0     1.595283     0.481026
        1909     0.708416   298.936005   507.206419  2712.172858     0.618197    99.237137    38.701257     60.53588    36.684628    37.521111            0   287.814915   282.699182            0     1.927036     0.717211
        1910     1.699214   299.376984   506.746738  2711.967192     0.636339     100.3996    39.903854    60.495746    37.266546    37.145349            0   287.589098   282.397651            0     3.218187     0.084468
        1911     1.573198   299.828979   506.772378  2711.999307     0.757404    99.733312    39.391594    60.341718    36.400117    37.287728            0   287.582261   282.383427            0     2.078227     0.855496
        1912     0.964081   300.352997   505.957964  2712.379245     0.789993     98.34647    38.432422    59.914048    36.309847    37.279787            0   287.626224   282.309632            0      1.96705     0.590002
        1913     0.983578   300.910004   504.601674  2712.581552      0.75524    97.975979     38.49102    59.484959    36.438333    36.946934            0   287.595244   282.310254            0     2.900376     0.306294
        1914     1.486745   301.418976   503.787469   2712.56753     0.792305    98.246947    39.074536    59.172412     36.39397    36.435826            0   287.278842   281.896901            0     3.452915     0.055878
        1915     1.991421   301.936981   504.265616  2712.087149     0.835762    99.502314    39.499915    60.002399    36.701761    37.046781            0   287.512075   282.242117            0     1.974987     0.825401
        1916      1.34069   302.484985   504.083695  2712.034477     0.632107   100.148684    39.296429    60.852255    36.959524    37.416013            0   287.633951   282.324495            0     2.062336     0.509161
        1917     1.573874   303.010986   503.946641  2711.756425      0.70066    99.562122    39.555363    60.006759    37.188138    36.988992            0    287.51531   282.181098            0     2.703426     0.078906
        1918     1.563317   303.448975   504.113988  2711.323582     0.735239   100.210807    39.648454    60.562353    37.057956    37.243366            0   287.723245   282.454339            0     2.237741     0.618254
        1919     0.385417   303.813995   503.648369  2711.312418     0.563304    99.199997    39.095507     60.10449    36.997081    37.159981            0    287.92322   282.694166            0     2.401146     0.174063
        1920     0.864172   304.246002   502.872457  2711.292763     0.654324    98.687198    38.691513    59.995684    36.121781     37.52439            0   287.923446   282.771768            0     1.943035     1.422265
        1921     0.751838   304.599976   501.876042  2711.420981       0.6989    99.052155    39.271383    59.780772    36.873268    36.842065            0   287.719153   282.585949            0     3.425733    -0.159421
        1922     1.062311   304.944977   501.310522   2711.37295     0.739931    98.572786    39.132653    59.440133    36.403236    37.122621            0   287.788748   282.598997            0     2.575552     0.767417
        1923     0.966914   305.270996   501.334675  2711.056763     0.778912   100.781025    39.958486    60.822539    37.108607    37.257162            0   287.897885   282.813344            0     2.677171     0.464741
        1924     0.753368   305.629974   500.698028  2710.960474     0.677167   100.261937    39.209611    61.052326    36.888166    37.315858            0   287.874807   282.755234            0       2.5304     0.523982
        1925      1.51068   305.812988   500.836101  2710.589908     0.768859   101.486891    40.557558    60.929333    37.214771    37.466353            0   287.778658   282.640471            0     2.953133     0.622147
        1926     0.802673   305.953979    500.58547  2710.950501     0.727282   100.131021    39.257627    60.873394    36.386274    37.721151            0   287.623965   282.219558            0     1.787106     0.974284
        1927     0.509977   306.176971   499.216086  2711.732232     0.666104    99.476902    38.965509    60.511393    36.438376    37.323036            0   287.774677    282.48912            0     3.011858     0.102929
        1928     1.036744   306.328979   499.037384  2711.535989     0.683148    100.70564    40.155502    60.550138    37.388991     37.19827            0   287.788806   282.558966            0     3.135934     0.005522
        1929     0.901276   306.494995   499.397878  2711.222592     0.777046   101.376175     39.79176    61.584414    37.198726    37.438526            0   287.846772   282.784906            0     1.992741     0.553196
        1930     0.786559   306.619995   498.942112  2711.149796     0.758558   100.738914     39.97675    60.762164    37.021934    37.473395            0   287.763071    282.66398            0     2.959121     0.524257
        1931     0.851982   306.821991   498.647943  2711.116162     0.673923   101.597392    40.108096    61.489296     37.01397     37.50976            0   287.670663   282.351662            0     2.892504     0.529425
        1932     0.363016   307.092987   497.995345  2711.133478     0.552992   100.992534    39.980948    61.011585    37.229547    37.849751            0   287.794132   282.701985            0     2.783796     0.602888
        1933     0.693788   307.401978   497.399592  2711.173506     0.649816   100.692263    40.089902    60.602361    37.261466    37.673984            0   287.538491   282.265359            0     3.011671      0.37249
        1934     0.992871   307.784973   496.707923  2711.006131     0.822554   101.132788    40.115555    61.017234    37.378889    37.580875            0   287.613534   282.318168            0     3.226348     0.369362
        1935     0.702369    308.22699   496.091097  2710.985675     0.789063   100.895078    39.326375    61.568703    36.811777    37.708345            0   287.772324   282.542712            0     2.234857     0.917024
        1936     1.011356   309.011993   494.373491  2711.188109     0.771246    99.592859     39.13796    60.454899    37.049799    37.285076            0   287.724224   282.577072            0     3.570489     0.032843
        1937     1.780354   309.763977   493.607324   2710.91315     0.866512    99.034887    39.329744    59.705143    36.530937    36.913138            0   287.646187    282.36897            0     3.182773      0.65716
        1938     0.853869   310.293976   492.664047  2710.885994     0.915621    99.941152     39.29674    60.644412    36.998034    37.267866            0   287.699487   282.539914            0     2.972151     0.296989
        1939     1.109441   310.850983   491.940727  2710.596395     0.805953    99.845362    39.572093    60.273269     36.81986    37.100557            0   287.697231   282.521789            0     3.194856     0.570296
        1940     1.142041   311.356964   491.153197  2710.360404     0.941382    99.356432    39.322005    60.034428    36.545494     37.10945            0    287.85744   282.714029            0     3.000084     0.799947
        1941     0.981344   311.810974   490.515146  2709.934203     0.794256   100.600833    40.286018    60.314815     37.49239    37.266947            0   287.805799   282.591382            0     3.657122     0.200759
        1942     1.508897   312.171967   490.426485  2709.669213     0.860278   101.100625    40.285149    60.815475    36.847954    37.427208            0   287.603111   282.383922            0     2.946603     0.844243
        1943     0.297892   312.389984    489.62221  2709.813868     0.866992   100.361078    39.561145    60.799933    37.124462    37.434459            0   287.572995   282.225552            0     2.930961     0.165343
        1944     0.156262   312.412964   488.721584  2709.699856     0.740368    99.905923    39.578376    60.327547    36.909634    37.232656            0   287.698844   282.568132            0     3.246346     0.437034
        1945     0.286162   312.384979   488.279999   2709.63236     0.804458   101.612919    40.483399    61.129519    37.277345    37.644388            0    287.75487   282.617668            0     3.280597     0.434539
        1946     0.171315   312.389984   488.446442  2709.037934     0.649134   102.614399     40.76531    61.849089    37.742937    37.532225            0   287.899893   282.871422            0     3.066641     0.383714
        1947    -0.095786   312.485962   487.917696  2708.725683     0.694765   100.957607    39.790224    61.167382    37.240303    37.720128            0    287.89825   282.798672            0     2.598842     0.792076
        1948     0.029596   312.520966   487.052482  2708.755943     0.624131   102.262463    40.364717    61.897746    37.403217     37.99862            0   287.794688   282.661192            0     3.231311     0.565143
        1949     0.155251   312.631958   486.145877  2708.872687     0.659034   100.598719    39.689627    60.909093    36.783772    37.552566            0   287.835881   282.705856            0     3.043665      0.65205
        1950    -0.254611   312.820984   485.292316  2708.912241     0.654844   100.835895    39.476446    61.359449    37.112881    37.370525            0   287.795623   282.642632            0     2.959483     0.218091
        1951     0.241987   313.013977   483.918815  2708.826826     0.628251   100.995576     40.12618    60.869397    37.001534    37.507035            0   287.751733   282.484826            0     3.992645     0.590916
        1952     0.424577    313.34198   482.868543  2708.924981     0.658583   101.432283    40.458173     60.97411    37.206484    37.682941            0   287.720992   282.522432            0     3.825504     0.378302
        1953      1.18977    313.72998   482.404423   2708.59984     0.764437    101.65567    41.058492    60.597178    37.659775    37.648549            0   287.686733   282.343121            0     3.874062     0.313916
        1954     0.302153   314.094971   481.765386  2708.520192     0.794876   100.601608    39.799082    60.802526    37.058187    37.407159            0   287.870602   282.637883            0     3.030961     0.428619
        1955    -0.225823   314.414978   480.334636  2708.383091     0.709105   100.979521    39.776979    61.202541    37.466709    37.740589            0     288.1156   283.137297            0     3.467141     0.410981
        1956      0.83011   314.697968   479.444647  2708.027407     0.595748    102.29265      41.1082     61.18445    37.726319    37.701208            0    287.83783   282.676218            0      4.29698     0.330573
        1957      1.09657   314.991974   479.742286  2707.505755     0.789917   103.142376    41.437128    61.705248    38.183032    38.059927            0   287.925209   282.839906            0     3.079563     0.398547
        1958      0.06053   315.344971    478.72999  2707.650942     0.678867   100.991921    39.744499    61.247422     37.07901     38.03709            0    287.89686   282.634279            0     2.719704     0.812893
        1959     0.218453   315.806976   476.561795  2708.134405     0.703291   100.375508    39.770434    60.605074    37.073461    37.785676            0   287.956459   282.872764            0     4.152952     0.228751
        1960     1.841004   316.624969   475.389195  2707.991776     0.773391   101.084279     40.95211    60.132169    37.679763    37.562478            0   287.662623   282.483881            0     4.562233     0.025344
        1961      1.83013    317.29895   475.564217  2707.662587     0.961928   100.375749    40.348219    60.027529    37.020748    37.690898            0   287.599399   282.305605            0     2.482299      0.99934
        1962     2.203576   318.043976   474.668521  2707.983796     0.870906   102.263778      40.6409    61.622878    37.117839      37.8474            0   287.619574   282.294966            0     3.689195     0.408352
        1963     2.363282   318.649963   474.256261  2708.286405     0.979881   102.023064    40.781734     61.24133    36.845343    37.830001            0     287.6016   282.256134            0     3.363993     0.682048
        1964     2.413226   319.332947   473.641196  2708.764641     1.091136   101.841088    40.873808    60.967279    37.326451    37.712358            0   287.596988   282.237749            0     3.776516    -0.092329
        1965     1.326754   319.815948   473.072702  2708.959528     1.032682   101.279572    40.424027    60.855544    37.487009    38.056519            0   287.719032   282.338835            0     2.936003     0.374623
        1966     2.480486   320.879974   472.308701  2708.865334      1.01134   101.841438    41.077191    60.764247    37.911305    38.151422            0   287.795794   282.606498            0      3.68977     0.334311
        1967     2.041874    321.47995   471.893877  2708.674461     1.094432   100.882775    40.673455     60.20932    37.374358    37.503113            0   287.409118   282.136532            0     3.585166     0.319627
        1968     2.969814   322.388947   471.579576  2708.662522      1.14563   102.090941     41.38053    60.710411    37.384019    38.331057            0   287.341085   282.110117            0     3.363774     0.958977
        1969     3.000257   323.250946   471.352553  2708.997928     1.258023   101.564175    40.952484    60.611691    37.198102    38.153146            0   287.446663   282.156004            0      3.02636     0.619638
        1970     4.665401   324.782959   471.234266  2709.209791     1.359866   103.366984    41.696159    61.670825    37.589799    38.000896            0   287.612367   282.364238            0      3.81355     0.199235
        1971      2.70851   325.399963   470.783571  2709.390463     1.169606   103.614025    41.693873    61.920152    37.684224     38.42675            0   287.659752   282.340857            0     3.717817     0.561854
        1972     5.572963   327.348969   471.107133  2709.462719     1.420717    103.57447    41.765054    61.809416    37.901643    38.326822            0   287.581174   282.348867            0      3.11467     0.352923
        1973     7.648507   329.908966   471.093854  2709.621752     1.548266   104.111798    42.056439    62.055359     37.82116    38.676751            0   287.571687   282.202194            0     3.392966     0.696558
        1974     3.128937   330.755951   471.061297  2710.083109      1.34225   103.833069     41.99456    61.838509    38.042575    38.848671            0   287.640964   282.268209            0     3.178447     0.344739
        1975     2.785334   330.826965   471.083604  2710.218565     1.309625   105.923168    43.606049    62.317119    38.670593    38.621333            0   287.342408   281.912072            0     4.962408    -0.184716
        1976     4.045818   331.544952   472.433661  2710.365519     1.440207   105.388025    42.970749    62.417276    38.313476    39.356988            0   287.529103   282.085671            0     2.263704     0.896557
        1977     5.566916   333.352936   472.293863  2711.116796     1.437161   106.002851    42.527137    63.475714    38.139237    39.283867            0   287.641783   282.387124            0     3.383069     0.393354
        1978     5.403548   335.009949   471.794823  2711.738006     1.574041   105.386803     42.64118    62.745623    38.248631    39.285836            0   287.628233   282.373002            0     3.854383     0.415995
        1979     6.186934    336.60495   472.327343  2711.974639     1.688717   107.329973    44.095687    63.234286    39.246685    39.447596            0   287.653706    282.29694            0     4.115572    -0.035724
        1980     6.653507   338.704956   472.975146  2712.130483     1.591516   107.643943    43.751203     63.89274    39.248295    39.708195            0   287.745608   282.464824            0     3.395205     0.304057
        1981     5.301111    340.05896   472.936294  2712.476418     1.684856   106.373848    43.560217    62.813631    38.852842    39.918736            0   287.776978   282.364988            0     3.680333     0.719959
        1982      2.84112   340.643951    472.69943  2713.176326     1.645593   106.635037    43.346566    63.288471    39.063202    39.595171            0   287.829867   282.380366            0     3.988259    -0.167939
        1983     5.829779   342.265961   472.716414  2713.302403     1.675952   106.794265     43.87309    62.921174    38.781872     39.89785            0   287.888431   282.593074            0     3.958256     0.989901
        1984     6.331777   344.007935   473.009538  2713.745973     1.778121   108.002928    44.533317    63.469611    39.314233    39.850064            0   287.732135   282.542865            0      4.39013     0.092261
        1985     6.394476   345.458954   473.640438  2714.239216     1.846331   109.340602     44.94207    64.398532    39.115623    40.309243            0   287.716949    282.42134            0     4.001926     0.700377
        1986     5.389509   346.902954   473.853811   2714.95282     1.866852   108.000726    44.158202    63.842524    39.406233     40.27906            0    287.79683   282.659676            0     3.665769     0.159224
        1987     7.239668   348.774933   474.272391  2715.326866     1.892711   109.576907    45.369034    64.207873    39.740706    40.285945            0    287.60467   282.390509            0     4.664509     0.171192
        1988     8.145169    351.27594   474.845773  2715.759459     2.081237   110.315702    45.153444    65.162258    40.002044    40.396011            0   287.675382   282.294281            0     4.184051    -0.038626
        1989     6.472765   352.893921   475.492227  2715.961147      1.98743   110.820631    45.437425    65.383206    39.871061    40.671792            0   287.852642   282.586639            0     4.119179     0.599043
        1990     4.771978   354.072937   475.556159  2716.712082     1.959583   109.222786     44.02435    65.198436    39.191532    40.703172            0   287.920853   282.623203            0     3.257245     0.760704
        1991     5.239443   355.352936   474.598299  2718.036094      1.94697   108.393219    43.649247    64.743972    38.591804    40.524678            0   288.016794   282.883726            0     4.082429     0.608863
        1992     4.920167   356.228943   474.271493  2718.924692     2.132532   108.867406    44.618838    64.248568    39.342822    39.936013            0   287.716957   282.451853            0     5.009631    -0.295407
        1993     5.392575   356.924957   475.894722  2718.862603      2.00562   111.129642    46.068898    65.060744    39.913468    40.254022            0   287.570353   282.304941            0     4.191646     0.402643
        1994      6.08996   358.253967   477.567329  2719.046564      2.03106     111.4839    45.396086    66.087814    40.124737    40.574078            0   287.715535   282.477579            0     3.149402      0.26538
        1995     7.296672   360.238953   478.232067   2719.39051     2.067057   110.302865    44.944428    65.358437    39.561361    40.821134            0   287.820259    282.63175            0     3.458556     0.915828
        1996     6.957005   362.004974   478.802356  2720.015971     1.994688   111.443231    45.141047    66.302184    39.708374      40.5694            0   287.992027   282.828605            0     4.001358     0.235564
        1997     5.501853   363.251953   479.196813  2720.589661      2.04817   110.829229    45.187054    65.642175    40.024084    40.797537            0   288.135549   283.108354            0      3.99506     0.199764
        1998     8.881663   365.932953   480.209763  2720.453048     2.102143   110.270259     45.75518    64.515079    40.386988    40.577441            0   288.151632   283.081492            0      4.16479     0.327066
        1999     7.775662   367.844971   481.890865  2720.427024     2.139442   113.262284    46.610933    66.651351    40.641955    41.100167            0   288.268693   283.332441            0     3.829664     0.484236
        2000     5.600735   369.124969   482.555111  2720.691206     2.192793   112.552514     45.76131    66.791204     40.63225    41.522377            0   288.404498   283.412395            0     3.574686     0.625945
        2001     6.901844   370.673004   482.759094  2721.150486     2.060092   113.673419    46.702597    66.970822    40.706706     41.61434            0   288.289838   283.418379            0     4.884274     0.448353
        2002     9.789895   372.834991   484.895287  2721.593026     2.218445   115.732715    47.884718    67.847997    41.092782    41.826627            0   287.927199   282.922525            0     3.921898     0.291306
        2003      9.20281    375.41098    486.05862  2722.353615     2.437173   115.349708    46.984097     68.36561    41.124613    42.272169            0   288.035239   282.944624            0     3.548595     0.386967
        2004      6.20871      376.987   485.847744  2723.399033     2.272904   113.102538    46.171832    66.930707    40.699308    42.336427            0   288.116583   283.139948            0     4.046281     0.591701
        2005     7.735006   378.907013   485.990217  2724.098001     2.230829   114.665514    47.317987    67.347528     41.54661    41.461528            0   288.043581    282.98963            0     5.713985    -0.784049
        2006     9.381354    381.01001   488.547188  2723.817702     2.471356   116.049921    47.799916    68.250005    41.144345    42.010374            0   288.081424   283.071721            0     3.232571     1.146328
        2007     8.403424   382.603027   490.240613  2724.421461     2.316522   118.127105    48.422346    69.704759    41.358295    42.503584            0   288.288187   283.310869            0     4.225338     0.541529
        2008     7.505483   384.739014   491.029397  2725.519443     2.292118   115.402563    46.606755    68.795808    40.968189    42.610856            0   288.430143   283.510451            0     3.207115     0.544685
        2009     6.378576   386.280029    491.04502  2726.261701     2.274958   114.659323    46.790922    67.868401    41.476336    42.080363            0   288.367783   283.396288            0     4.694936    -0.138231
        2010     7.805403   388.717041   490.385434  2726.789782     2.433386   115.334902    47.913978    67.420924    41.279511    42.412911            0   288.379783   283.380747            0     6.160653     0.605319
        2011     8.238183      390.944   490.686996  2727.484273     2.378702   116.023118    47.505419    68.517699    41.322662    42.315014            0   288.483988   283.614623            0     4.888844      0.29786
        2012     8.640621   393.015991    491.91845  2727.761703      2.47629    116.96344    48.174787    68.788653    41.751811    42.719956            0   288.382082   283.493377            0     4.223377     0.690716
        2013     9.287043   395.724976   492.530242  2728.158942     2.536587   118.695653     49.09445    69.601204    42.570218    43.320154            0   288.491481   283.449222            0     5.162503     0.352698
        2014      7.33395   397.546967   493.233427  2728.701721     2.339665   119.478118    49.030027    70.448091    42.321908    43.221658            0   288.676738   283.889916            0     5.105184      0.35697
        2015     9.477492    399.94873   494.657835  2728.863976     2.622003   119.111115    49.394244    69.716871    42.825829    43.405193            0     288.3967   283.569371            0     4.564642     0.417109
        2016    12.110575   403.116974   496.104469  2729.281782     2.814366   120.578708    50.004379    70.574328    42.639415    43.339747            0   288.261569   283.170632            0     5.217999     0.282527
        2017    10.429883   405.799957   497.735527  2729.928696     2.676929   120.254624     49.53223    70.722394    42.514979    43.806473            0   288.417762   283.551384            0     4.094698     0.644579
        2018    10.570805   408.782959   498.895873  2730.490046     2.816509   119.789948    49.306064    70.483884    42.927601     43.78465            0    288.44244   283.539889            0     4.361068     0.295699
        2019    10.517968   411.840973   499.316459  2731.355565     2.863589   118.339272    48.680968    69.658304    42.087992    43.673644            0   288.635132   283.915099            0     4.586738     0.720133
        2020    11.568705   414.981964   500.502081  2731.683705     2.907033   122.024898    50.579002    71.445896    43.474069      43.5792            0   288.704418   284.045489            0     5.814179    -0.223009
        2021     9.331637   418.204956   500.591857  2732.127808     3.055837   121.100705    50.293457    70.807248    42.959546    45.087979            0   288.543398   283.786613            0     5.115702     1.684331
        2022     9.546396   421.529968   498.544038  2733.326264     3.137802    120.69425    49.768364    70.925886    42.428174    44.973449            0   288.634523   283.867595            0     6.842734     1.346818
        2023     9.971522   424.968964   497.314708  2734.211512     3.174411   120.265937    49.434026    70.831911    42.942732    44.287996            0   288.775029   284.098834            0     6.375359     0.460016
        2024    11.969518   428.519958     496.8467  2734.558148     2.997436   123.023489    51.068406    71.955083    43.446742    44.175595            0   288.688003   284.014641            0     7.360819     0.382217
        2025    11.423155   432.181946   497.296361  2734.960873     3.180741   123.408434    51.538088    71.870345    43.333732    44.913253            0   288.466259   283.570837            0     6.175174     1.176796
        2026    12.218943   435.953949   497.815504  2735.330233     3.292151   123.470654    51.338447    72.132207    43.405837    44.944451            0   288.551874   283.672869            0     5.874854     1.169254
        2027    12.024377   439.834961   498.328951  2735.719552     3.195506   124.256117    51.296509    72.959608     43.85815    44.987372            0   288.706998   283.964769            0      5.79569     0.739903
        2028    13.616791   443.823944    498.95203  2736.172308     3.263138   124.555858    51.836837    72.719022    43.986104    44.923642            0    288.86777   284.115684            0     6.290116     0.484782
        2029    13.338569    447.92395   499.835544  2736.738909     3.584269   123.436272    51.138335    72.297937    43.241744    45.430317            0    288.76179   283.994803            0     4.824505     1.621972
        2030    13.454088   452.131958   499.821325  2737.670178     3.619462   125.211001    51.669641     73.54136    44.020844    44.932412            0   288.942225   284.271387            0     6.751447    -0.019702
        2031    15.135647   456.451935    500.88981  2738.117149     3.654183   124.618191    51.919063    72.699128    43.697064    45.032038            0   288.927789   284.266487            0      5.81854     0.888003
        2032    16.272809   460.893951   503.053368  2738.788483     3.838441   126.792679    52.744195    74.048485    43.946297    45.293236            0   288.772587   284.176439            0       5.2874     0.675605
        2033    16.035035    465.46994   505.618522  2739.374784     3.835681   127.303749    52.518175    74.785574     44.55009    45.301067            0    289.03571   284.460856            0     4.651954     0.164676
        2034    16.384054   470.178955   507.497641  2739.491154      3.73153   128.617267    53.760383    74.856885    45.275905    46.004797            0   288.972565   284.444568            0     5.876466     0.612522
        2035    17.282435   475.020935    510.08671  2739.992334     3.963828    128.92475    54.053464    74.871286    44.946731    46.102093            0   288.754362   284.112636            0     5.362303     0.654182
        2036    17.556862   479.994934   512.835618  2740.333862     4.139997   128.771059    53.706785    75.064274    45.046547    46.444188            0   288.807455   284.134418            0     4.513688     1.056113
        2037    17.618026   485.101929   514.562262   2741.22532     3.964295   128.815937    53.410065    75.405871    45.038653    46.201869            0   289.052125   284.426874            0     5.481552     0.271758
        2038    18.010995   490.343933   516.893074  2741.718448     4.134952    129.79058    54.282256    75.508324    45.662221    46.338566            0   289.097666   284.670331            0     5.612878     0.183217
        2039     19.72703    495.71994   519.811978  2742.003667     4.265041   131.362875    55.116426    76.246449    45.515388    46.655489            0    288.81553   284.313272            0     5.542032     0.854881
        2040    19.266844   501.232941   521.100829  2743.011622     4.487585   131.618201     55.44998    76.168221    45.794154    47.029871            0   288.729438   284.095002            0     7.131259     0.227762
        2041    19.836012   506.882935   524.170423   2743.89517     4.284487    131.44195    54.372763    77.069187    45.511992    47.176994            0   289.051099   284.429198            0     4.126174     0.781454
        2042    19.375551   512.472961   526.124982  2744.963889     4.315326   130.559582    53.863411     76.69617    45.383273    46.771472            0   289.083977   284.594371            0     5.137381      0.31948
        2043    20.811226   517.817932   529.811505  2745.537649     4.465925   134.481801    56.325794    78.156007    46.145717     46.86438            0   289.035332    284.42032            0     5.774891     0.144903
        2044    19.515032   522.936951   534.017604  2746.034539     4.365042   134.712855    55.790619    78.922236    46.305526    47.939228            0   289.327843   284.862139            0     3.645293     1.136812
        2045    18.396768   527.838928   536.693346  2747.321662     4.358792   133.230701     55.68278     77.54792    46.962918    47.868134            0    289.30432   284.982713            0     5.138904    -0.381907
        2046    19.286286   532.531921   540.295894  2748.095209     4.325908   135.375212    56.961111    78.414102    46.514056    48.336553            0   288.966793   284.524957            0      5.02201      1.04895
        2047    18.543941   537.022949   544.033893  2748.998831     4.381647   135.497321    56.245682    79.251639    46.358606    48.208742            0   288.929571   284.231934            0     4.298942     0.946513
        2048    16.389303   541.315918   546.349161  2750.617031     4.262101   133.145884    55.154046    77.991838    46.911852    47.982384            0   289.237729   284.670805            0     4.856394    -0.547668
        2049    16.762239    545.41394   549.224528  2750.892977     4.256739   134.569501    56.469066    78.100435    47.117074    47.945165            0   289.315773   284.851123            0     5.648534     0.552144
        2050     17.47981    549.31897   552.715937   2751.63087     4.274836   135.930335      57.0072    78.923135    46.673701    48.299628            0   289.131111   284.582756            0     5.216163     0.888034
        2051    14.399964   553.034973   554.251176  2753.502389     4.166461   137.547867    56.705078     80.84279    46.700548    49.709848            0   289.385567    284.95127            0     5.459992     1.137782
        2052    12.820909   556.465942   553.738737  2754.967478      4.08709   134.697874     56.65509    78.042785    47.709256    48.536306            0   289.446084   285.127323            0     8.631222    -0.638039
        2053    14.688158   559.523987   556.234521  2755.317522     4.033776   138.092297    58.517855    79.574441    47.420803    48.743332            0   289.033988   284.442399            0      7.27874     0.972484
        2054     13.51946    562.21698   559.355221  2756.224713      3.99307   140.526573    59.116151    81.410421    48.206574    49.681089            0   289.103799   284.532836            0     6.314362     0.567324
        2055    10.727556   564.550964   560.477365   2757.85894     3.803435    135.50426    56.486057    79.018204    47.163967     49.69798            0   289.269539   284.569674            0     5.665932     0.899787
        2056     9.929341   566.529968   561.104113  2758.822974     3.586605   135.854386     57.34465    78.509737    47.993103    48.724164            0   289.467271   285.132456            0     7.993738    -0.232973
        2057    10.840572   568.159973   563.503919  2759.146366      3.78303   138.941988    59.072927    79.869062    48.155578    49.195223            0   289.392562   285.117382            0     7.477899     0.716254
        2058     8.781161   569.442993   565.445831  2760.330956     3.512407   137.229968    57.398692    79.831277    47.272696    49.558737            0   289.399332   284.870406            0     5.898043      1.10145
        2059     6.511442   570.383972   565.098001  2761.951723     3.258456   134.914758    56.757312    78.157446    47.729939     49.09701            0   289.583226   285.122389            0     8.008132    -0.253695
        2060     6.731659   570.985962   566.134082  2762.382931     3.279041   136.047009    58.126513    77.920496    48.190281    48.583863            0   289.511555   285.189644            0     8.506569    -0.037627
        2061     5.531037   571.252014   567.881737  2762.750671     3.234366   136.590265    58.424826    78.165438    47.927071    49.213091            0   289.306325   284.863843            0      7.46408     0.918279
        2062     4.138922   571.255981   568.939647  2763.487055     3.172004   135.982212    57.421612    78.560601    47.909298    49.343095            0   289.436593   285.021453            0     7.020606     0.697414
        2063     3.782207   571.065002   568.979628  2764.005029     2.986359   134.831891    57.487106    77.344785    47.859451    49.334731            0   289.491728   285.167681            0     8.112394     0.957306
        2064     4.956801   570.677002   570.464025  2764.798523     3.030379   136.936872    58.290907    78.645965    47.991137    49.270823            0    289.32005   284.758235            0     7.535687     0.486191
        2065     3.383761   570.088013   571.960943  2765.461367     3.000802   136.134816      57.7914    78.343416    47.889906    49.299987            0   289.390497   284.845983            0     6.994495     0.747238
        2066     2.998719   569.299011    573.09388  2765.580569     2.641514   138.286066    59.428879    78.857188     48.78285    49.439197            0   289.470297    285.17315            0     8.856744     0.537145
        2067     1.757387   568.309021   574.479142  2766.360974     2.533125   135.906421    57.816701    78.089719    47.867672    49.851656            0   289.327822   284.794407            0     6.579784     1.203579
        2068    -0.138953   567.117004   573.996952  2767.463374     2.437958   134.848008    56.773757    78.074251     47.82716      49.6745            0   289.498087   285.099608            0     7.581448     0.744939
        2069     0.602144   565.723999   573.591161  2767.922004     2.457734   134.544572     57.68401    76.860562    48.311692    48.912322            0   289.440203   285.060233            0      9.17748     0.141999
        2070    -0.698694   564.130005   573.676752  2768.430481     2.189214   133.481215    57.565256    75.915959    47.872985    48.931198            0   289.176523   284.614438            0     8.548467     0.549735
        2071     1.124338   562.337036   576.150719  2768.554377      2.13063    134.82031    57.570563    77.249747    47.637907      48.5381            0   289.278622   284.693921            0     6.558495     0.776297
        2072     0.130977    560.42804   578.190649  2768.821626     1.865798   133.630694    57.260207    76.370486    48.012213    48.850593            0   289.328397   284.761996            0     6.369684     0.571131
        2073     0.560922   558.483032    580.47466  2769.433285     1.815008   134.026224     57.32925    76.696974    47.565031    48.951868            0    289.39339     284.8761            0     6.093371     0.775178
        2074     0.853994   556.494995    583.06374  2769.840252     1.844937   136.385645    58.124962    78.260683    48.003128    48.682112            0   289.322868   284.811235            0      6.85377     0.272017
        2075    -0.583951   554.462036   585.439236  2770.286907     1.856637   134.009458    57.402354    76.607104    48.495483    49.361422            0    289.59972   285.152857            0     5.665436     0.419284
        2076    -1.031715   552.380005   586.623345  2770.787409     1.630993   132.108412    56.813484    75.294928    47.888156    49.151312            0   289.586195   285.157663            0     6.478064     0.762654
        2077     0.078306   550.247009   588.153045  2771.657824     1.730162   133.661508    57.402908      76.2586      47.7298    48.991055            0   289.357533   284.825347            0     6.882153     0.390839
        2078    -1.835516   548.062012   589.626124  2772.496144     1.651349   131.681055    55.840679    75.840376    47.900621    49.038135            0   289.518721    285.06887            0     5.329466     0.299193
        2079    -0.914105   545.822998   590.967978  2772.586787     1.418299   134.400598    57.998631    76.401967     49.03664    49.036372            0   289.423605   285.066884            0     7.620403    -0.090911
        2080    -0.542815   543.528015   594.305276  2772.221405      1.48274   134.474946    58.317614    76.157332    48.567855    49.448939            0   289.115298   284.581626            0     5.531377     1.246466
        2081    -0.562558    541.17804   596.181818   2773.21813      1.58459   134.749252    57.322293     77.42696    47.678831    49.597785            0    289.10555   284.528121            0     5.847965      0.92223
        2082    -3.439391   538.804016   596.836801  2774.541907     1.526781   130.913159    55.258701    75.654458    47.887103    49.158428            0   289.376471   284.928303            0      5.44529    -0.052452
        2083    -2.227502   536.439026   596.394408  2775.101135     1.208647    129.85739    55.881183    73.976206    47.561046    48.525365            0   289.339501   284.887372            0     7.798212     0.405092
        2084    -1.576777   534.078003   598.074858  2775.221129     1.214714   132.185787    57.478434    74.707353    48.389743    48.347893            0   289.099225   284.506865            0      7.45009    -0.161844
        2085     -1.07226   531.718994   600.774649  2775.243137     1.296543   133.612807    57.687706    75.925101      48.1213    48.976782            0   289.144777   284.483021            0     6.011133     0.833474
        2086    -2.722789   529.361023   601.884455  2775.705317      1.10158      132.179    56.385067    75.793932    48.251837    49.349068            0   289.381127   284.810288            0     5.926193     0.635051
        2087     -2.09168   527.002991   602.423808  2776.631792     1.060229   130.433943    56.142727    74.291216    47.529348    48.845845            0   289.115913   284.498114            0     6.757529     0.390021
        2088    -1.741384   524.642029   603.593065  2777.599352     1.214988   132.253606    56.725179    75.528427    47.783217    49.623165            0   288.957825    284.22866            0     5.932757     0.872388
        2089    -3.836219   522.277039   603.513387  2778.749428     1.024417   128.403214     54.71497    73.688244    47.620379    48.344389            0   289.137285   284.518172            0      6.45026    -0.426066
        2090    -2.893561   519.907043   603.516504  2779.480919     0.980107   128.874712    55.182253    73.692459    47.081974     48.32415            0   289.140415   284.555659            0     6.854985     0.510684
        2091    -2.065922   517.531006   604.057335  2780.252201     0.914714   129.411072    55.863511    73.547561     47.18825     48.58168            0   288.975257   284.345617            0        6.741     0.622148
        2092    -2.196645   515.160034   605.535467   2781.10591     0.903923   129.274901    55.710028    73.564873    46.960616    48.149344            0   288.942009   284.181282            0     6.082552      0.33502
        2093    -2.569726   512.804993   607.087487  2781.507532     0.730455   129.384134    55.757549    73.626585    47.574883     48.77782            0   288.959984   284.190176            0     5.427709     0.801315
        2094    -2.840375    510.46402   607.701279  2782.294703     0.747109   129.035616    55.089734    73.945883    46.985626    48.231801            0   288.942525   284.221122            0      6.24414     0.459004
        2095     -3.28745    508.13501   608.116109  2783.134265     0.845277    128.12961    54.640991    73.488619    47.330699    48.330364            0   289.245071   284.609089            0     5.895798     0.160103
        2096    -4.094426   505.818024   607.446798  2784.141091     0.697581    126.02349    54.243625    71.779865     47.49816    48.458419            0   289.129841   284.429169            0     6.454517    -0.046567
        2097    -2.679874   503.511017   608.700897  2783.983001     0.660575   127.713665    55.825128    71.888537     47.63705    48.170723            0   288.835159   284.063874            0     6.400305     0.691763
        2098    -2.729634    501.21402   609.673306  2784.444571     0.776806   126.480465    54.420124     72.06034    46.664554    48.213222            0   288.702576   283.895794            0     5.234494     1.087098
        2099     -3.97365   498.925018   609.621508    2785.3364     0.702635   126.079179    53.873006    72.206173    47.315223     48.04322            0   288.861687   284.123243            0     5.881584    -0.163832
        2100    -2.759743   496.644012   609.712469  2785.643872     0.557113    127.24284    54.893717    72.349123    47.038796     47.97439            0   288.939354   284.173767            0     6.828365     0.628123