        time     emission          CO2         cveg        csoil        fgco2         fgpp         fnpp           ra          frh     fvegsoil         fluc          tas     tas_land        cprod     fcvegout
      1850.0     5.600991   284.153270   429.924437   965.805355     0.111703   119.565815    61.571886    57.993929    58.070619    57.155085          0.0   286.639302   280.947596    33.753174     1.324958
      1851.0     6.439790   286.640059   430.746986   965.774107     0.603703   118.927592    61.294846    57.632745    58.630853    58.599606          0.0   286.681810   280.778132    33.933105     1.872691
      1852.0     4.588712   289.506468   429.300242   966.627145     0.694940   116.049786    58.853113    57.196673    58.636717    59.489756          0.0   286.872302   281.109658    33.717541     0.810102
      1853.0     5.899744   292.401529   428.349331   965.722365     0.834873   116.990804    60.042880    56.947924    58.743881    57.839102          0.0   286.987448   281.447505    33.574539     3.154688
      1854.0     9.284927   295.325517   429.414575   964.756397     1.182736   121.382703    62.714790    58.667913    58.466290    57.500321          0.0   286.844564   281.204772    33.660721     4.149225
      1855.0     9.829310   298.278783   430.765752   965.581696     1.295833   124.497227    64.487230    60.009997    59.816792    60.642090          0.0   286.775744   281.104485    33.934425     2.493963
      1856.0    11.243815   301.261569   433.730586   965.604725     1.289790   126.885444    66.245756    60.639688    60.156511    60.179540          0.0   286.694978   280.935552    34.025429     3.101382
      1857.0    12.008178   304.274167   436.827639   966.348234     1.297223   128.733374    67.264864    61.468510    60.621493    61.365002          0.0   286.729700   280.809574    34.001434     2.802809
      1858.0    12.313855   307.316899   439.260258   968.378730     1.563463   131.454180    68.451679    63.002501    61.609733    63.640229          0.0   286.814400   281.018184    34.383213     2.378831
      1859.0    11.281120   310.390105   441.005252   970.143986     1.639611   130.851988    67.830811    63.021177    62.172221    63.937477          0.0   286.931045   281.238273    34.471085     2.148340
      1860.0     8.953847   313.493989   441.299538   971.680147     1.864112   126.491708    65.079298    61.412411    61.941357    63.477518          0.0   287.027512   281.372544    34.428020     1.307494
      1861.0    10.926217   316.628940   442.521659   972.113269     2.044684   130.145643    67.387401    62.758242    62.502194    62.935316          0.0   287.017163   281.301934    34.294014     3.229963
      1862.0    11.804732   319.795227   444.136095   972.971585     2.225512   130.939381    67.630902    63.308479    62.245950    63.104266          0.0   287.107174   281.425860    34.367058     2.912201
      1863.0    10.909003   322.993211   444.671166   974.984399     2.152976   130.459818    67.077265    63.382553    62.553403    64.566218          0.0   287.203892   281.591763    34.420860     1.975976
      1864.0    11.241005   326.223109   445.798403   975.568740     2.286473   129.664290    66.687264    62.977027    62.011370    62.595711          0.0   287.138796   281.591932    34.547512     2.964316
      1865.0    12.413456   329.485361   447.625038   976.107494     2.407573   133.773875    69.247241    64.526633    63.742957    64.281710          0.0   287.190633   281.664080    34.546268     3.138896
      1866.0    13.986991   332.780222   450.018248   977.670712     2.569741   135.107832    70.083634    65.024198    63.033969    64.597187          0.0   287.063622   281.383838    34.583572     3.093237
      1867.0    14.581111   336.107996   453.984563   978.436868     2.543752   138.679535    71.901906    66.777629    64.309431    65.075587          0.0   287.066722   281.531385    34.780193     2.860004
      1868.0    12.658490   339.469073   455.961569   980.569211     2.745944   136.841005    70.160664    66.680340    64.492360    66.624703          0.0   287.190633   281.667038    34.693604     1.558955
      1869.0    11.504181   342.863826   456.521680   982.241214     2.778563   134.046226    68.634097    65.412129    64.398426    66.070429          0.0   287.314375   281.836961    34.733494     2.003558
      1870.0    13.461198   346.292405   457.862062   982.890093     2.947103   135.871601    70.770605    65.100996    65.006081    65.654959          0.0   287.184278   281.622573    34.642433     3.775263
      1871.0    16.643417   349.755348   462.554747   983.038621     2.928025   142.169302    74.094673    68.074629    64.945460    65.093988          0.0   287.050887   281.505665    34.589989     4.308001
      1872.0    14.602736   353.252866   464.969420   985.582435     2.966973   138.776726    71.791153    66.985572    64.847017    67.390831          0.0   287.018986   281.326373    34.732819     1.985649
      1873.0    15.103566   356.785422   467.318880   987.824111     3.119205   140.417978    72.601778    67.816200    65.380525    67.622201          0.0   287.084244   281.415416    34.748474     2.630117
      1874.0    14.234106   360.353278   469.113318   990.137107     3.366725   140.593715    72.137749    68.455966    66.014731    68.327727          0.0   287.241387   281.726225    34.937038     2.015584
      1875.0    13.918579   363.956802   470.545550   991.610386     3.257356   141.053003    72.634907    68.418096    66.954227    68.427506          0.0   287.263045   281.760206    35.000542     2.775169
      1876.0    15.845962   367.596372   473.087829   993.374983     3.275503   144.474560    73.951436    70.523123    66.431914    68.196511          0.0   287.351457   281.860984    34.754982     3.212646
      1877.0    15.399408   371.272343   473.914381   996.255089     3.395104   143.259387    73.996612    69.262775    66.929558    69.809664          0.0   287.266839   281.745669    34.879528     3.360397
      1878.0    17.371018   374.985089   477.309707   998.559404     3.374918   148.263367    76.443193    71.820175    67.476578    69.780893          0.0   287.304131   281.936110    35.082985     3.266974
      1879.0    17.560294   378.734918   480.445400  1001.110394     3.412571   148.117211    77.018233    71.098977    68.009089    70.560079          0.0   287.116525   281.365282    35.194248     3.322461
      1880.0    15.839204   382.522265   483.581136  1004.069027     3.515637   148.441350    75.878071    72.563280    68.645568    71.604201          0.0   287.330253   281.731418    35.305050     1.138133
      1881.0    15.252656   386.347480   485.215879  1005.667701     3.499587   148.248264    75.898666    72.349597    69.418185    71.016859          0.0   287.470767   282.036107    35.256908     3.247064
      1882.0    16.435816   390.210948   488.225018  1006.911179     3.690004   151.355975    77.344203    74.011772    69.844762    71.088241          0.0   287.565597   282.166683    35.499859     3.246823
      1883.0    16.603290   394.113052   491.629044  1008.036447     3.673537   152.102834    77.572017    74.530817    69.963637    71.088905          0.0   287.528403   282.181781    35.507641     3.079086
      1884.0    19.840639   398.054184   495.862614  1009.781751     3.823448   158.082886    81.599885    76.483001    70.860265    72.605570          0.0   287.423965   282.028205    35.370003     4.760745
      1885.0    18.232846   402.034737   500.035951  1012.594088     3.704550   156.690600    79.811844    76.878756    70.627545    73.439882          0.0   287.423784   281.870304    35.432716     2.198625
      1886.0    17.279287   406.055086   503.387497  1014.990856     3.789109   157.872402    79.997529    77.874872    72.146756    74.543523          0.0   287.529261   282.072129    35.734238     2.102460
      1887.0    15.331836   410.115647   505.038307  1017.230284     3.656780   154.071834    77.699471    76.372363    71.568060    73.807488          0.0   287.752757   282.420518    35.404373     2.241173
      1888.0    17.763143   414.216757   507.239547  1019.225562     3.728324   156.830626    79.701440    77.129186    71.162475    73.157753          0.0   287.660375   282.342755    35.487518     4.342448
      1889.0    19.045719   418.358950   510.445159  1021.830241     4.043642   160.903019    81.689318    79.213701    72.303879    74.908558          0.0   287.624959   282.228322    35.691860     3.575148
      1890.0    15.839456   422.542563   512.190410  1024.657995     3.854248   154.173461    77.617088    76.556374    71.478845    74.306599          0.0   287.668279   282.213922    35.774872     1.565238
      1891.0    19.466674   426.767974   515.922459  1025.282813     4.067920   162.193717    82.488094    79.705623    73.087511    73.712329          0.0   287.494015   282.102988    35.912315     5.043716
      1892.0    20.975828   431.035585   520.406274  1028.311009     4.055404   167.809492    84.570990    83.238502    73.351475    76.379671          0.0   287.615909   282.244367    35.914970     3.707504
      1893.0    19.100950   435.346025   523.257118  1032.224394     4.151628   163.451007    82.517442    80.933565    73.370069    77.283454          0.0   287.707014   282.423483    35.908066     2.383144
      1894.0    18.752037   439.699476   526.208264  1034.798825     4.164552   164.498444    82.893054    81.605390    74.319746    76.894177          0.0   287.643464   282.320535    35.911072     3.047731
      1895.0    20.649100   444.096453   530.349735  1036.887550     4.272015   167.935935    84.764979    83.170956    74.469734    76.558459          0.0   287.570966   282.210975    35.931889     4.065050
      1896.0    17.903269   448.537405   532.967620  1039.692583     4.231505   163.097832    81.322044    81.775788    73.710759    76.515792          0.0   287.697802   282.269047    35.902596     2.188366
      1897.0    20.065984   453.022799   536.358630  1041.522669     4.031385   167.703824    84.785860    82.917964    74.995865    76.825951          0.0   287.694215   282.315807    35.836483     4.568899
      1898.0    20.028056   457.553066   539.964405  1044.373544     4.198201   169.917882    85.002609    84.915274    75.585035    78.435911          0.0   287.705888   282.252989    35.875141     2.960923
      1899.0    18.957951   462.128525   542.879383  1047.206902     4.233709   169.327036    84.703669    84.623367    76.603162    79.436520          0.0   287.739776   282.236289    35.854603     2.352172
      1900.0    16.914001   466.749844   544.697082  1049.543666     4.154163   164.858898    81.624278    83.234620    75.329580    77.666344          0.0   288.110801   282.938805    35.966137     2.140234
      1901.0    16.735601   471.417367   546.044977  1050.507438     4.300477   166.631532    82.769205    83.862326    76.840918    77.804690          0.0   288.269659   283.120830    35.894917     3.616620
      1902.0    21.384669   476.131529   549.738472  1051.533587     4.494386   171.000196    85.939861    85.060335    75.888386    76.914535          0.0   287.987222   282.588563    35.828331     5.331831
      1903.0    21.042767   480.892827   553.639285  1054.305327     4.389418   173.392846    86.944878    86.447968    77.068272    79.840012          0.0   288.010372   282.664791    35.783588     3.204053
      1904.0    21.827636   485.701751   557.524832  1057.232523     4.381216   176.071688    88.005496    88.066192    77.385037    80.312233          0.0   287.950249   282.584138    35.977058     3.807716
      1905.0    19.573155   490.558777   560.716719  1060.057495     4.611933   173.706165    85.812966    87.893200    77.774308    80.599281          0.0   288.032588   282.814196    36.227844     2.021798
      1906.0    20.301799   495.464382   563.342568  1062.288439     4.620456   175.618334    86.540365    89.077969    77.829710    80.060654          0.0   288.111739   282.812855    36.189495     3.853862
      1907.0    19.714585   500.419047   566.194317  1064.528873     4.434057   176.484402    86.703143    89.781259    78.461008    80.701442          0.0   288.208729   283.111731    36.176918     3.149952
      1908.0    21.428558   505.423208   569.259238  1066.663049     4.668196   179.216818    88.705831    90.510987    79.106455    81.240631          0.0   288.081209   282.852163    36.340714     4.400279
      1909.0    21.157607   510.477440   572.037376  1070.275735     4.453253   180.453228    88.728113    91.725115    79.023566    82.636251          0.0   288.126877   282.851645    36.516052     3.313724
      1910.0    19.452534   515.582219   573.520406  1073.996544     4.438016   175.475489    86.330685    89.144804    78.589203    82.310013          0.0   288.237798   283.045182    36.570038     2.537642
      1911.0    20.253731   520.738008   575.578760  1075.831738     4.697000   178.548269    87.944239    90.604030    79.806139    81.641333          0.0   288.303223   283.262886    36.413490     4.244551
      1912.0    21.081615   525.945379   579.553865  1076.863059     4.563559   183.006153    89.831025    93.175128    80.792820    81.824142          0.0   288.160226   282.971744    36.220127     4.031779
      1913.0    21.613630   531.204860   582.605465  1079.870515     4.567583   182.200819    88.284045    93.916774    78.834780    81.842236          0.0   288.195208   282.961706    36.101505     3.390209
      1914.0    20.902060   536.516882   585.264585  1082.367178     4.567455   184.433785    89.890254    94.543531    81.321568    83.818232          0.0   288.268368   283.132929    36.284630     3.412903
      1915.0    21.055890   541.882105   588.801131  1084.384092     4.515797   187.409807    90.794798    96.615009    81.926897    83.943810          0.0   288.331510   283.193511    36.675564     3.314442
      1916.0    19.172275   547.300955   589.971364  1087.526459     4.637956   180.940693    87.538841    93.401852    80.878989    84.021356          0.0   288.580362   283.531807    36.665237     2.347252
      1917.0    18.496371   552.773962   590.569816  1088.540715     4.593112   180.952459    88.427470    92.524989    82.419268    83.433523          0.0   288.762367   283.895955    36.429226     4.395496
      1918.0    24.789113   558.301626   594.410295  1089.505224     4.916230   191.581784    94.580799    97.000985    82.736671    83.701181          0.0   288.300016   283.265276    36.721767     7.039140
      1919.0    25.266703   563.884678   601.325570  1091.773161     4.766254   200.248844    95.113961   105.134883    82.782319    85.050255          0.0   288.224690   282.996365    37.011330     3.148430
      1920.0    22.992069   569.523535   605.272172  1095.333996     4.889539   200.777662    93.981424   106.796239    84.014909    87.575744          0.0   288.384226   283.257981    37.224468     2.459078
      1921.0    22.073623   575.218745   607.334691  1098.771170     4.807205   193.039490    91.357744   101.681746    82.241338    85.678512          0.0   288.475273   283.357577    37.147003     3.616713
      1922.0    19.448922   580.970954   608.573006  1102.036139     4.761506   188.998666    90.703198    98.295468    84.596032    87.861000          0.0   288.770417   283.825623    36.778667     1.603883
      1923.0    21.157772   586.780688   610.567578  1102.291400     4.778220   187.986737    91.070120    96.916617    83.174590    83.429851          0.0   288.728865   283.808750    36.508465     5.645697
      1924.0    23.021809   592.648429   613.677458  1104.578755     4.926056   193.712285    93.848583    99.863702    84.142297    86.429652          0.0   288.572417   283.520330    36.457272     4.309051
      1925.0    22.312469   598.574952   617.268320  1105.899124     4.885889   193.213833    92.983114   100.230720    84.433732    85.754102          0.0   288.655101   283.561615    36.361794     3.638150
      1926.0    20.362737   604.560722   619.031154  1108.066400     4.678467   190.005952    90.566054    99.439897    83.891415    86.058691          0.0   288.835653   284.004316    36.264179     2.744528
      1927.0    21.659533   610.606274   619.831691  1110.816493     4.822096   190.388977    92.084100    98.304877    84.228859    86.978953          0.0   288.868603   284.053982    36.241535     4.304611
      1928.0    23.315762   616.712416   622.590400  1112.477451     4.863266   194.023628    93.732647   100.290981    84.521727    86.182685          0.0   288.832460   283.906872    36.195885     4.791252
      1929.0    22.305937   622.879523   624.855213  1115.185683     5.026114   193.694356    92.817734   100.876622    84.759917    87.468149          0.0   288.755941   283.849101    36.459656     3.084773
      1930.0    24.032189   629.108252   628.509871  1116.545598     4.808731   198.670199    95.271595   103.398605    85.246476    86.606391          0.0   288.756843   283.841484    36.600323     5.010546
      1931.0    23.733806   635.399317   631.477887  1119.217608     4.988064   200.704366    95.472460   105.231906    86.041870    88.713880          0.0   288.726245   283.749596    36.774818     3.790564
      1932.0    23.118773   641.753284   634.249880  1121.746079     4.796824   201.757959    95.670645   106.087314    86.446444    88.974915          0.0   288.785344   283.827643    37.003490     3.923738
      1933.0    23.386180   648.170885   637.113339  1124.021116     4.700789   203.749375    96.309658   107.439717    86.987292    89.262329          0.0   288.963135   284.253382    37.056404     4.183870
      1934.0    23.820552   654.652515   639.586134  1126.378434     4.965602   202.849339    95.098680   107.750659    85.820989    88.178307          0.0   288.854389   283.926689    36.869442     4.447578
      1935.0    21.883548   661.199146   641.326409  1128.707387     4.982849   202.628755    94.816517   107.812237    87.759796    90.088750          0.0   289.067000   284.317007    37.085106     2.987492
      1936.0    23.057104   667.811105   643.806488  1129.886168     4.860156   205.044058    96.138956   108.905102    87.995092    89.173873          0.0   289.166031   284.389461    36.988495     4.485004
      1937.0    23.817572   674.489249   646.140050  1131.327578     4.960949   203.389235    95.891970   107.497264    87.319461    88.760871          0.0   289.113390   284.242246    36.937138     4.797538
      1938.0    25.412237   681.234110   649.007640  1133.594179     4.992757   207.259379    98.359820   108.899559    88.300679    90.567280          0.0   288.980841   284.154425    36.967396     4.924949
      1939.0    24.961759   688.046459   652.302238  1136.823977     4.937264   211.084559    98.681686   112.402874    88.980761    92.210559          0.0   289.026058   284.207991    37.223675     3.176528
      1940.0    23.190391   694.926857   654.409301  1138.927340     4.982385   208.409439    97.285035   111.124405    89.388950    91.492313          0.0   289.118206   284.267309    37.321289     3.685659
      1941.0    23.973679   701.876242   655.873026  1141.457290     5.043013   203.911972    95.494100   108.417873    87.129306    89.659256          0.0   289.052743   284.087226    37.282120     4.371119
      1942.0    24.235138   708.894972   658.211977  1143.706419     5.071883   208.459080    96.646539   111.812541    88.074846    90.323975          0.0   289.231476   284.356448    37.268494     3.983614
      1943.0    21.401587   715.983928   658.761490  1146.043907     4.804819   203.036006    94.955529   108.080476    89.220277    91.557765          0.0   289.402795   284.747167    37.208008     2.848252
      1944.0    24.592143   723.143759   660.301171  1146.522725     5.042507   207.441101    97.631978   109.809123    88.739262    89.218080          0.0   289.311725   284.593335    37.141083     6.874217
      1945.0    25.260961   730.375198   663.601926  1148.115213     5.066722   213.553293    99.622767   113.930526    90.502712    92.095199          0.0   289.303578   284.564937    37.152115     4.226813
      1946.0    25.099678   737.678864   666.401856  1150.017532     5.139799   214.516132    99.370079   115.146053    90.433013    92.335331          0.0   289.298934   284.649759    37.240723     4.234818
      1947.0    26.423936   745.055719   669.422330  1151.986426     5.153017   216.786185   100.263817   116.522369    90.511163    92.480058          0.0   289.217817   284.441155    37.426601     4.763285
      1948.0    24.191538   752.506283   671.383950  1154.495720     4.926817   216.348218    98.868825   117.479393    91.022228    93.531523          0.0   289.480508   284.892527    37.598755     3.375682
      1949.0    24.849105   760.031298   673.329841  1156.003940     4.994504   216.760882   100.152819   116.608063    91.800794    93.309014          0.0   289.513720   285.000386    37.641983     4.897914
      1950.0    25.928060   767.631567   675.775375  1158.199229     4.966879   220.273086   100.468786   119.804300    91.283463    93.478752          0.0   289.376942   284.542917    37.712429     4.544499
      1951.0    25.435961   775.307943   677.779045  1160.640809     4.946753   221.353119   100.634989   120.718130    92.000405    94.441985          0.0   289.557666   284.948446    37.707695     4.189334
      1952.0    25.734590   783.061053   679.667342  1162.683098     5.018268   221.724379   101.621746   120.102633    93.059224    95.101514          0.0   289.610916   285.062148    37.673733     4.631936
      1953.0    23.516430   790.891635   682.016213  1163.532198     4.951783   218.613846    99.033681   119.580165    92.521748    93.370848          0.0   289.733077   285.204971    37.817375     3.313962
      1954.0    23.575473   798.800585   681.673875  1165.685007     4.913251   214.128872    97.778400   116.350471    91.268998    93.421806          0.0   289.859638   285.449978    37.637012     4.698932
      1955.0    26.301386   806.788554   683.374543  1167.278091     5.138117   220.827198   101.362088   119.465110    92.692357    94.285441          0.0   289.701014   285.078768    37.615719     5.375979
      1956.0    27.598081   814.856516   686.114778  1169.012122     5.079003   225.309755   103.348459   121.961296    93.119687    94.853718          0.0   289.704655   285.145620    37.832932     5.754507
      1957.0    26.316206   823.005032   689.214100  1170.580065     5.125175   227.095904   102.112406   124.983498    93.879279    95.447221          0.0   289.716219   285.114458    37.894161     3.565863
      1958.0    27.564380   831.235060   691.977542  1172.142774     5.192666   229.217169   102.317847   126.899322    93.033434    94.596143          0.0   289.693414   285.003007    37.930958     4.958262
      1959.0    24.815827   839.547479   692.781013  1174.871687     4.953559   220.834744    99.074909   121.759835    92.258554    94.987468          0.0   289.845349   285.239247    37.969707     3.283970
      1960.0    27.124685   847.942887   694.186052  1177.069816     5.039433   227.278759   102.447949   124.830810    93.599038    95.797166          0.0   289.892090   285.227993    38.008045     5.245744
      1961.0    26.932712   856.422346   696.196904  1178.743421     4.961997   229.218504   102.970106   126.248398    94.341196    96.014801          0.0   290.063156   285.590920    38.117226     4.944452
      1962.0    27.311653   864.986445   697.540202  1181.202212     5.214531   227.051023   103.064695   123.986328    94.635636    97.094428          0.0   289.930846   285.348050    38.146183     4.626969
      1963.0    27.267484   873.636404   700.872626  1181.616255     5.224279   230.802866   103.326058   127.476808    95.126110    95.540152          0.0   289.852557   285.267229    38.005058     4.453482
      1964.0    28.639005   882.372740   703.415927  1183.113919     5.290136   233.078414   104.631251   128.447163    95.046475    96.544139          0.0   289.832999   285.242789    38.058300     5.543811
      1965.0    28.435942   891.196492   705.899692  1185.185995     5.258716   234.465172   103.829254   130.635918    94.657168    96.729245          0.0   289.734316   285.124624    38.095016     4.616244
      1966.0    27.582782   900.108445   707.718915  1187.465785     5.199336   234.725646   103.347712   131.377934    95.451324    97.731114          0.0   289.817870   285.130687    38.041931     3.797375
      1967.0    27.761461   909.109501   708.934396  1189.773099     5.103578   227.321582   101.191777   126.129805    93.164433    95.471746          0.0   289.972933   285.365067    37.794571     4.504549
      1968.0    28.202319   918.200629   710.455099  1192.256694     4.961154   232.768035   103.362959   129.405075    94.584748    97.068344          0.0   290.227457   285.888041    37.719131     4.773913
      1969.0    27.578008   927.382652   711.352150  1194.357604     5.291247   234.097524   104.591830   129.505694    97.094445    99.195355          0.0   290.293111   285.988930    37.598328     4.499424
      1970.0    29.768349   936.656394   714.488326  1194.511913     5.423276   239.949556   106.737881   133.211675    97.458357    97.612666          0.0   290.104122   285.645614    37.757694     5.989038
      1971.0    29.525385   946.023022   718.273714  1195.811889     5.090484   243.870639   105.150766   138.719872    95.885339    97.185314          0.0   290.149367   285.623843    38.071922     4.180064
      1972.0    28.876694   955.483254   720.694068  1197.383440     5.174024   242.601602   105.127683   137.473919    96.823608    98.395159          0.0   290.206957   285.743995    38.227028     4.312170
      1973.0    29.657524   965.038159   722.118319  1199.634447     5.198454   238.766733   105.237217   133.529516    96.038526    98.289533          0.0   290.250689   285.748166    38.224110     5.523433
      1974.0    29.379720   974.688415   723.143783  1202.691368     5.214200   238.254662   104.444375   133.810287    95.794998    98.851920          0.0   290.317679   285.754564    38.121975     4.566992
      1975.0    27.092475   984.435362   723.790085  1204.974365     4.971177   234.737692   102.945042   131.792650    96.468116    98.751113          0.0   290.611228   286.402945    38.073036     3.547627
      1976.0    27.090175   994.279773   724.540225  1204.728547     5.036725   236.700061   104.385629   132.314432    98.395548    98.149729          0.0   290.668045   286.507630    37.769302     5.485761
      1977.0    29.290203  1004.222505   726.080812  1205.167398     5.150910   235.101512   104.805083   130.296429    97.038055    97.476906          0.0   290.598286   286.263867    37.922329     5.787590
      1978.0    32.824268  1014.264765   730.418080  1205.860165     4.993143   249.356126   109.838244   139.517882    98.674722    99.367489          0.0   290.569339   286.204531    38.044868     6.133486
      1979.0    30.891075  1024.407429   732.762670  1208.769544     5.297059   246.108249   107.333530   138.774719    98.531389   101.440769          0.0   290.560486   286.181523    38.234840     3.548171
      1980.0    29.319441  1034.651472   733.941400  1210.614015     5.407500   240.739537   104.764159   135.975378    97.722549    99.567020          0.0   290.638624   286.359943    38.200729     4.018409
      1981.0    31.331430  1044.998008   736.119828  1211.790936     5.227561   245.285206   107.538096   137.747110    98.553341    99.730261          0.0   290.649412   286.384264    38.097179     5.629406
      1982.0    30.751957  1055.447994   738.373719  1212.971409     5.135091   245.192212   106.430753   138.761460    98.028641    99.209114          0.0   290.898923   286.929636    38.083710     4.967748
      1983.0    32.161240  1066.002471   740.730621  1215.312018     4.975060   249.938813   108.686474   141.252340    99.198268   101.538877          0.0   290.835073   286.760207    38.060711     4.790695
      1984.0    30.983182  1076.662373   742.310560  1217.054061     5.374214   248.935393   108.099762   140.835631    99.991918   101.733961          0.0   290.857940   286.843881    38.030457     4.785862
      1985.0    33.346867  1087.428996   744.839458  1218.140969     5.212639   253.293397   109.499065   143.794332    99.453558   100.540467          0.0   290.728071   286.537826    38.098717     6.429699
      1986.0    31.744396  1098.303409   747.186752  1220.597587     5.104907   254.922118   109.539543   145.382575   100.968401   103.425018          0.0   290.764444   286.640672    38.342770     3.767231
      1987.0    32.731530  1109.286385   749.178013  1222.626837     5.207147   253.357004   108.448274   144.908730    99.187176   101.216426          0.0   290.889149   286.676579    38.468655     5.240586
      1988.0    30.681998  1120.379287   749.591548  1224.591734     5.163698   250.521920   107.434053   143.087867   100.423048   102.387945          0.0   291.049111   287.053616    38.409290     4.632574
      1989.0    32.656932  1131.582953   751.400974  1225.709376     5.137201   253.158051   109.388732   143.769319   100.450265   101.567907          0.0   290.923652   286.726837    38.297779     6.011399
      1990.0    34.046356  1142.898787   754.012017  1227.056002     5.458072   258.137473   111.238066   146.899408   101.560208   102.906835          0.0   290.906628   286.743551    38.200153     5.720188
      1991.0    32.306790  1154.327772   756.246409  1229.074897     5.261438   254.366122   107.853177   146.512946   100.074787   102.093683          0.0   290.964148   286.759219    38.230850     3.525102
      1992.0    32.493708  1165.871219   757.196407  1230.755985     5.192648   255.710878   109.111014   146.599864   101.129537   102.810625          0.0   291.123173   286.908450    38.113407     5.350391
      1993.0    33.127962  1177.529838   758.885316  1231.731053     5.194016   258.076775   110.431629   147.645146   102.101846   103.076914          0.0   291.242498   287.167917    37.833988     5.665805
      1994.0    33.766440  1189.305143   762.168816  1232.222520     5.194519   262.819100   111.637984   151.181116   103.137648   103.629116          0.0   291.287735   287.235666    37.947994     4.725368
      1995.0    35.109966  1201.198099   764.723035  1233.663389     5.416017   260.804764   110.533427   150.271336   100.605083   102.045952          0.0   291.313073   287.319451    38.098034     5.933257
      1996.0    34.738678  1213.210141   765.583051  1237.134531     5.045873   262.212198   110.804463   151.407735   101.147370   104.618512          0.0   291.500731   287.554268    37.934242     5.325935
      1997.0    33.505684  1225.342273   765.422980  1239.110050     5.322625   260.185724   111.568105   148.617619   103.923311   105.898830          0.0   291.538033   287.626270    38.275242     5.829346
      1998.0    34.900357  1237.595708   769.400791  1239.368024     5.156467   265.768545   112.687154   153.081391   103.872564   104.130537          0.0   291.431982   287.482168    38.271915     4.578807
      1999.0    33.907145  1249.971727   770.679114  1240.906367     5.128306   258.862285   108.843801   150.018484   101.259979   102.798322          0.0   291.345859   287.286384    38.187683     4.767156
      2000.0    34.738627  1262.471549   772.015523  1242.429188     5.243896   262.601432   110.862674   151.738758   102.695148   104.217969          0.0   291.430627   287.404576    38.049408     5.308296
      2001.0    36.000870  1275.096159   774.063298  1243.610513     5.189124   266.629989   113.420542   153.209448   104.302770   105.484095          0.0   291.463118   287.405189    37.948200     5.888672
      2002.0    36.536200  1287.847144   776.318335  1245.476848     5.520316   263.509116   110.416642   153.092473   101.081920   102.948255          0.0   291.309976   287.232791    38.348747     5.213351
      2003.0    34.940639  1300.725543   777.566109  1247.290599     5.156586   265.468695   109.668965   155.799730   101.943655   103.757406          0.0   291.550563   287.687899    38.322956     4.663785
      2004.0    36.258114  1313.732750   777.971228  1249.427225     5.261336   264.055913   111.085494   152.970419   102.725779   104.862405          0.0   291.550435   287.551878    38.152813     5.817971
      2005.0    35.546455  1326.870096   778.882812  1251.028789     5.400488   261.841058   110.029251   151.811807   102.531694   104.133257          0.0   291.605666   287.702308    38.197792     4.984410
      2006.0    36.206998  1340.138923   781.362785  1251.560785     5.185020   264.750227   112.423687   152.326539   104.610628   105.142624          0.0   291.563610   287.658209    38.273544     4.801091
      2007.0    39.466077  1353.540206   784.675527  1252.472236     5.053550   273.750493   114.484894   159.265600   103.077058   103.988509          0.0   291.589461   287.626934    38.473507     7.183642
      2008.0    37.667775  1367.075618   786.804320  1255.163684     5.269074   276.254534   113.313418   162.941116   104.341702   107.033150          0.0   291.800196   287.963143    38.380138     4.151475
      2009.0    39.323385  1380.746265   788.283231  1258.050913     5.403437   277.634994   114.915684   162.719310   104.430667   107.317896          0.0   291.817922   287.913130    38.421310     6.118877
      2010.0    37.319777  1394.553797   789.910563  1259.516661     5.425019   272.801414   113.282285   159.519129   105.224594   106.690342          0.0   291.847383   288.099315    38.654305     4.964611
      2011.0    38.411292  1408.499364   791.418756  1261.100958     5.509721   272.906074   113.995915   158.910160   105.432332   107.016628          0.0   291.822572   288.008876    38.742756     5.471093
      2012.0    37.907658  1422.584232   792.888063  1262.885493     5.440675   272.279976   113.331196   158.948780   105.378962   107.163497          0.0   291.959373   288.160192    38.586910     4.698392
      2013.0    38.514710  1436.810291   794.872073  1263.056122     5.441718   273.534891   114.027953   159.506938   105.928686   106.099314          0.0   292.102576   288.384643    38.376694     5.944630
      2014.0    41.064436  1451.178299   798.709383  1263.370503     5.366159   282.917315   117.033179   165.884136   106.704442   107.018823          0.0   291.830316   287.887723    38.477005     6.177045