        time     emission          CO2         cveg        csoil        fgco2         fgpp         fnpp           ra          frh     fvegsoil         fluc          tas     tas_land        cprod     fcvegout     fcsoilout
         1.0    -0.759793   284.653662   434.703101   535.910685     0.240504    96.287668    51.913884    44.373784    46.893958    47.493936          0.0   286.486356   280.694991          0.0     3.166044  0.000000e+00
         2.0     2.957473   285.777371   435.209971   536.233704     0.238714    98.179702    53.169229    45.010473    46.940266    47.263285          0.0   286.448686   280.702182          0.0     5.399074  0.000000e+00
         3.0     6.566497   288.212064   434.969807   536.279764     0.735942    98.274031    53.480029    44.794001    47.098313    47.144373          0.0   286.477578   280.769091          0.0     6.575820  0.000000e+00
         4.0     5.876613   290.722426   435.042110   536.707043     0.860276    97.652488    52.892526    44.759961    47.584288    48.011566          0.0   286.563827   280.782069          0.0     4.808657  0.000000e+00
         5.0     7.441788   293.549854   434.816348   536.707310     1.186730    97.971824    53.237376    44.734448    46.990127    46.990394          0.0   286.531485   280.874521          0.0     6.472744  0.000000e+00
         6.0     8.176907   296.139349   435.613000   536.431098     1.506896    99.165869    54.150954    45.014915    47.206356    46.930143          0.0   286.628717   280.881210          0.0     6.424159  0.000000e+00
         7.0     7.778214   298.796209   436.439430   536.798065     1.532063    98.934789    54.019582    44.915207    47.363937    47.730905          0.0   286.550854   280.686716          0.0     5.462247  0.000000e+00
         8.0     9.049549   301.671137   437.277846   537.010907     1.698884   100.949769    55.037448    45.912321    48.121762    48.334604          0.0   286.686000   281.015745          0.0     5.864428  0.000000e+00
         9.0    10.043083   304.503609   437.998163   537.531440     1.914787   100.956897    55.533541    45.423356    47.395950    47.916483          0.0   286.515496   280.809324          0.0     6.896742  0.000000e+00
        10.0     9.993765   307.003475   439.934016   538.501755     1.725457   104.233429    57.742912    46.490517    48.214246    49.184561          0.0   286.478239   280.645199          0.0     6.622498  0.000000e+00
        11.0     9.176393   310.519732   440.010634   539.495182     2.169127   100.261844    54.889760    45.372084    48.858333    49.851760          0.0   286.748483   280.882887          0.0     4.961382  0.000000e+00
        12.0     9.865580   314.254161   439.952645   538.425406     2.478975   103.216262    56.117262    47.099000    49.588762    48.518986          0.0   286.949418   281.421007          0.0     7.656264  0.000000e+00
        13.0    10.942415   316.628273   441.312435   538.641772     2.407211   105.616556    58.666954    46.949602    48.646610    48.862977          0.0   286.640968   280.930630          0.0     8.444188  0.000000e+00
        14.0    10.515232   319.125964   443.118787   540.358571     2.319780   105.922718    58.906551    47.016167    49.042654    50.759453          0.0   286.630618   280.946028          0.0     6.340746  0.000000e+00
        15.0    11.440237   322.377300   444.860433   541.180964     2.477221   106.443717    59.181021    47.262697    50.286273    51.108666          0.0   286.634773   280.882765          0.0     6.330710  0.000000e+00
        16.0     9.937757   325.975711   445.930661   541.661863     2.584417   104.244772    57.292752    46.952021    50.191198    50.672097          0.0   286.792745   281.083705          0.0     5.550426  0.000000e+00
        17.0    12.104568   330.148714   445.165202   540.782053     3.172080   103.047612    56.762917    46.284695    50.056429    49.176619          0.0   286.943943   281.402265          0.0     8.351757  0.000000e+00
        18.0    10.765204   332.471425   447.479132   540.805661     2.990301   107.256311    59.368673    47.887638    50.046490    50.070098          0.0   286.928310   281.378867          0.0     6.984645  0.000000e+00
        19.0    12.950175   335.262659   449.168372   542.146327     3.140223   107.780483    60.349395    47.431088    49.707054    51.047719          0.0   286.691739   280.992144          0.0     7.612435  0.000000e+00
        20.0    13.642606   338.257239   451.203947   543.882171     3.050450   110.188458    61.664160    48.524297    50.361230    52.097074          0.0   286.717623   280.957366          0.0     7.531512  0.000000e+00
        21.0    13.127948   341.357459   453.491066   545.940280     3.151870   111.393549    62.248105    49.145445    51.341992    53.400101          0.0   286.769043   281.021885          0.0     6.560884  0.000000e+00
        22.0    13.024334   345.401222   454.563399   546.993901     3.502494   108.668940    60.486486    48.182454    52.013223    53.066844          0.0   286.879135   281.323570          0.0     6.347309  0.000000e+00
        23.0    14.545878   348.803209   456.608414   547.160680     3.509415   112.629067    62.931910    49.697157    51.902909    52.069688          0.0   286.957259   281.470719          0.0     8.817206  0.000000e+00
        24.0    13.037857   352.290924   458.334043   548.031944     3.701180   112.232819    62.768026    49.464792    52.458453    53.329716          0.0   286.937668   281.478590          0.0     7.712681  0.000000e+00
        25.0    14.643174   355.670139   460.402934   548.815819     3.588959   113.038603    63.631190    49.407414    52.107805    52.891680          0.0   286.782000   281.141852          0.0     8.670619  0.000000e+00
        26.0    15.057059   358.689191   463.515781   550.352024     3.359770   116.337008    65.677852    50.659156    52.833156    54.369361          0.0   286.877053   281.247906          0.0     8.195644  0.000000e+00
        27.0    15.502387   362.079683   466.400526   552.517461     3.407717   116.593692    65.817919    50.775772    53.123901    55.289337          0.0   286.841278   281.174656          0.0     7.643837  0.000000e+00
        28.0    14.765042   366.147865   468.108806   554.266632     3.794998   113.293447    64.071207    49.222240    53.810438    55.559610          0.0   287.020381   281.334010          0.0     6.803318  0.000000e+00
        29.0    15.498240   369.915168   470.368284   555.233134     3.799073   115.817254    65.273844    50.543410    53.438240    54.404742          0.0   286.968066   281.331086          0.0     8.609624  0.000000e+00
        30.0    15.931435   373.414635   472.938797   556.561804     3.869255   117.712536    66.783395    50.929142    53.777446    55.106116          0.0   286.901995   281.324720          0.0     9.106767  0.000000e+00
        31.0    15.087163   376.708529   476.152700   558.682696     3.792630   118.037858    67.085088    50.952770    54.811811    56.932704          0.0   286.991371   281.360869          0.0     6.938481  0.000000e+00
        32.0    16.061315   381.520582   476.846389   559.517762     4.244286   116.323301    65.683385    50.639916    55.747512    56.582578          0.0   287.263897   281.879211          0.0     8.407119  0.000000e+00
        33.0    17.545941   384.506123   480.347768   560.682569     4.084756   121.273703    69.619059    51.654643    54.463747    55.628555          0.0   286.925630   281.246884          0.0    10.489125  0.000000e+00
        34.0    14.782594   387.770760   484.378439   563.286693     3.881019   120.819554    68.947138    51.872416    55.578725    58.182849          0.0   287.072470   281.336260          0.0     6.733619  0.000000e+00
        35.0    15.187436   393.094850   485.129911   563.752465     4.425314   116.300867    65.457223    50.843644    56.152234    56.618006          0.0   287.270616   281.676036          0.0     8.087745  0.000000e+00
        36.0    16.345393   397.477369   486.386076   563.091854     4.456837   118.678258    67.370195    51.308063    55.960749    55.300138          0.0   287.315557   281.809472          0.0    10.813892  0.000000e+00
        37.0    16.100624   400.821211   489.381386   563.577669     4.200261   121.085591    69.289391    51.796199    55.435250    55.921065          0.0   287.116989   281.548930          0.0    10.373016  0.000000e+00
        38.0    15.760264   404.261458   492.871267   565.198030     4.095716   122.903786    70.361324    52.542462    56.190980    57.811341          0.0   287.162937   281.585926          0.0     9.060103  0.000000e+00
        39.0    17.143173   408.336841   495.369428   566.934709     4.361537   122.672668    70.078532    52.594136    56.391438    58.128117          0.0   287.247544   281.772041          0.0     9.452253  0.000000e+00
        40.0    17.807254   412.621996   497.507594   568.465248     4.321472   123.581211    71.026193    52.555018    57.423171    58.953710          0.0   287.241680   281.665349          0.0     9.934317  0.000000e+00
        41.0    16.485019   416.808388   500.299856   569.656706     4.339565   124.454518    71.172357    53.282161    57.982436    59.173894          0.0   287.385773   281.921079          0.0     9.206200  0.000000e+00
        42.0    17.706883   421.047643   503.009527   570.297775     4.533485   124.621512    71.718551    52.902960    58.076508    58.717577          0.0   287.417171   281.863652          0.0    10.291303  0.000000e+00
        43.0    16.382581   425.056805   506.083215   571.663711     4.496646   125.801899    72.007764    53.794134    58.593431    59.959368          0.0   287.389086   281.865117          0.0     8.974709  0.000000e+00
        44.0    17.222023   429.513638   508.415014   572.748376     4.621606   125.860580    72.455015    53.405565    58.477099    59.561764          0.0   287.407801   281.938587          0.0    10.561453  0.000000e+00
        45.0    19.143764   433.960487   510.896457   573.291775     4.655830   127.269905    73.589485    53.680420    58.141661    58.685061          0.0   287.414187   281.877232          0.0    12.422982  0.000000e+00
        46.0    19.918771   436.997537   515.830079   575.737231     4.536697   132.815851    77.171352    55.644499    58.533758    60.979214          0.0   287.308738   281.863803          0.0    11.258516  0.000000e+00
        47.0    18.536548   441.345582   519.066129   579.406492     4.625796   129.759656    74.908399    54.851257    59.753348    63.422609          0.0   287.396629   281.823945          0.0     8.249740  0.000000e+00
        48.0    17.011910   447.189731   519.900700   580.837966     4.859019   124.738824    71.291627    53.447197    60.193573    61.625047          0.0   287.557228   282.027356          0.0     8.832009  0.000000e+00
        49.0    16.539139   452.687923   520.579315   580.002834     5.015540   124.342102    71.413971    52.928131    60.188084    59.352952          0.0   287.671527   282.294989          0.0    11.382403  0.000000e+00
        50.0    19.395723   456.769817   523.177411   579.319956     5.022228   128.531660    74.543788    53.987872    59.015416    58.332538          0.0   287.575064   282.214312          0.0    13.613154  0.000000e+00
        51.0    20.302190   459.403327   528.854019   581.916636     4.595920   135.255725    79.529034    55.726691    59.750922    62.347602          0.0   287.412244   281.909483          0.0    11.504824  0.000000e+00
        52.0    16.047323   464.071559   532.305722   585.798862     4.643139   131.960074    76.339866    55.620208    61.493205    65.375431          0.0   287.582435   282.099344          0.0     7.512731 -7.105427e-15
        53.0    22.413501   470.371756   533.022383   585.684444     5.038600   131.852208    76.863196    54.989013    61.596107    61.481689          0.0   287.700028   282.353317          0.0    14.664847  0.000000e+00
        54.0    21.876115   473.572369   538.783526   587.321403     4.691208   140.968959    82.906390    58.062569    61.724815    63.361774          0.0   287.548265   282.127664          0.0    13.783473  0.000000e+00
        55.0    17.820381   477.904198   542.642871   591.840729     4.705077   136.952816    79.514747    57.438069    62.537725    67.057052          0.0   287.625780   282.087583          0.0     8.598351  7.105427e-15
        56.0    21.628138   484.082675   543.719148   593.430346     5.126697   135.400251    79.009668    56.390583    63.590222    65.179838          0.0   287.743770   282.299219          0.0    12.753553 -7.105427e-15
        57.0    18.446824   489.245285   546.548454   593.752856     5.182098   134.860195    78.197514    56.662680    63.722576    64.045086          0.0   287.915949   282.741927          0.0    11.323122 -7.105427e-15
        58.0    20.380664   493.818877   550.220225   594.347323     5.032229   138.224471    81.208311    57.016160    63.081930    63.676396          0.0   287.774198   282.456635          0.0    13.860143  0.000000e+00
        59.0    17.299782   498.896161   553.035074   595.764098     5.198114   136.554842    79.445164    57.109679    64.101749    65.518524          0.0   287.899621   282.669190          0.0    11.111791  0.000000e+00
        60.0    18.669820   505.244066   553.803548   594.642761     5.271557   134.075459    78.192222    55.883237    64.137541    63.016204          0.0   288.044356   282.804516          0.0    14.407544  0.000000e+00
        61.0    21.025447   510.066263   556.014714   593.865177     5.211178   138.449825    81.542498    56.907327    62.682235    61.904651          0.0   287.801487   282.502617          0.0    17.426682  0.000000e+00
        62.0    20.954561   513.082155   561.869590   596.502648     4.864454   144.397781    85.521031    58.876749    63.194210    65.831682          0.0   287.707545   282.305026          0.0    13.834474  0.000000e+00
        63.0    19.796162   518.089737   566.041572   599.865474     4.988381   141.460699    83.054455    58.406244    64.497897    67.860723          0.0   287.855557   282.569571          0.0    11.021750  0.000000e+00
        64.0    23.644004   523.783995   569.532396   601.156483     5.099666   144.383722    85.138013    59.245709    65.403179    66.694187          0.0   287.868467   282.632845          0.0    14.953002  0.000000e+00
        65.0    21.162353   529.215362   573.281002   602.688179     5.175112   143.681957    84.581636    59.100320    65.476921    67.008617          0.0   287.820922   282.528518          0.0    13.824413  0.000000e+00
        66.0    21.327426   534.754986   576.243495   604.509655     5.219701   143.323219    84.201996    59.121224    66.071400    67.892876          0.0   288.049390   282.772995          0.0    13.346627  0.000000e+00
        67.0    19.221015   541.051822   577.264092   605.668756     5.478287   138.688644    80.750217    57.938427    66.277268    67.436370          0.0   288.219524   283.177134          0.0    12.293251  0.000000e+00
        68.0    21.551498   546.886701   578.097886   605.816998     5.532773   141.103564    83.219903    57.883662    65.712503    65.860746          0.0   288.124786   282.939519          0.0    16.525363  0.000000e+00
        69.0    20.501310   551.163349   582.405602   607.362128     5.185620   145.251067    86.272044    58.979022    65.325507    66.870637          0.0   288.003372   282.693208          0.0    15.093692  0.000000e+00
        70.0    22.534699   556.109030   586.502805   609.978442     5.181743   147.189584    87.491780    59.697804    67.142880    69.759195          0.0   288.108755   282.860017          0.0    13.635382  0.000000e+00
        71.0    20.166799   562.356986   589.315873   611.395108     5.527976   143.340077    84.452380    58.887697    67.281419    68.698085          0.0   288.244193   283.085047          0.0    12.941227  0.000000e+00
        72.0    24.003481   568.539905   591.681621   611.384924     5.389624   146.840761    87.002742    59.838018    66.831468    66.821284          0.0   288.180520   282.941964          0.0    17.815710  0.000000e+00
        73.0    24.920137   572.750135   597.168025   613.980281     5.070412   153.657793    92.100613    61.557179    67.294575    69.889933          0.0   288.013521   282.761543          0.0    16.724277  0.000000e+00
        74.0    22.008656   578.186099   601.178986   618.779279     5.149711   151.397055    90.317643    61.079411    69.318648    74.117646          0.0   288.135905   282.892134          0.0    12.189036  0.000000e+00
        75.0    23.168600   585.253784   603.505327   620.084358     5.469640   149.574839    88.324915    61.249923    69.421042    70.726121          0.0   288.315742   283.232746          0.0    15.272454  0.000000e+00
        76.0    24.078265   590.858811   607.201930   621.737358     5.376847   152.985398    91.356302    61.629096    68.871335    70.524334          0.0   288.186921   283.015498          0.0    17.135365  0.000000e+00
        77.0    19.314071   597.283615   609.681487   623.912348     5.306438   148.649065    87.644521    61.004544    70.500642    72.675632          0.0   288.456149   283.397553          0.0    12.489331  0.000000e+00
        78.0    24.338488   604.856951   610.157381   622.496164     5.479195   149.825655    88.886201    60.939453    69.351322    67.935138          0.0   288.429366   283.434445          0.0    20.475170  0.000000e+00
        79.0    23.420806   608.763595   616.161385   624.343911     5.258648   157.584145    94.577999    63.006146    69.484796    71.332543          0.0   288.223735   283.051135          0.0    17.241451  0.000000e+00
        80.0    22.760575   614.330983   620.683392   627.859467     5.295313   155.409094    92.586538    62.822556    70.803475    74.319031          0.0   288.360988   283.297741          0.0    13.745500  0.000000e+00
        81.0    24.254954   622.006245   622.317253   628.529701     5.476009   153.837218    91.836658    62.000560    71.253085    71.923319          0.0   288.440764   283.436011          0.0    18.279478  0.000000e+00
        82.0    22.333852   627.882754   626.514430   629.408060     5.406463   154.904852    92.432524    62.472328    71.230879    72.109238          0.0   288.470085   283.389199          0.0    16.126109  0.000000e+00
        83.0    22.371763   634.786118   628.654159   630.418976     5.507515   152.879397    91.110169    61.769227    71.651783    72.662699          0.0   288.643024   283.614699          0.0    16.307741  0.000000e+00
        84.0    22.799850   641.939638   630.039416   629.793790     5.536984   152.004045    90.255800    61.748245    70.698482    70.073296          0.0   288.688663   283.718714          0.0    18.797247  0.000000e+00
        85.0    23.364418   647.176789   634.145004   631.368506     5.357258   156.533665    93.883984    62.649682    71.386746    72.961463          0.0   288.609066   283.685662          0.0    16.816934  0.000000e+00
        86.0    21.799931   653.455688   637.688984   633.317024     5.334035   155.734565    93.205016    62.529549    72.053505    74.002022          0.0   288.664239   283.689062          0.0    15.659013  0.000000e+00
        87.0    26.696303   660.883404   639.134587   634.048779     5.545656   156.435580    93.408587    63.026993    72.201882    72.933637          0.0   288.792012   283.910463          0.0    19.029347  0.000000e+00
        88.0    23.912900   665.947678   643.632050   637.743230     5.244610   161.451494    97.226542    64.224952    71.575520    75.269970          0.0   288.536705   283.435017          0.0    17.459108  0.000000e+00
        89.0    24.302792   672.813906   646.417170   641.375335     5.426721   159.383918    95.948134    63.435784    72.516645    76.148751          0.0   288.562836   283.369799          0.0    17.014263  0.000000e+00
        90.0    20.295704   681.912075   645.947418   641.049958     5.722524   155.319590    93.018832    62.300758    73.939440    73.614063          0.0   288.818812   283.878681          0.0    19.874520  0.000000e+00
        91.0    20.672924   690.046170   644.131217   639.344214     5.671568   154.380275    92.077534    62.302741    73.425851    71.720106          0.0   288.845670   283.913771          0.0    22.173630  0.000000e+00
        92.0    20.336609   696.732177   643.649668   638.791907     5.641474   153.349420    92.086778    61.262642    72.453908    71.901602          0.0   288.891723   283.962180          0.0    20.666725  0.000000e+00
        93.0    17.003187   703.905879   643.667046   637.810642     5.586361   151.187334    90.156376    61.030958    72.563462    71.582197          0.0   289.029309   284.196959          0.0    18.556801  0.000000e+00
        94.0    25.422441   710.377763   644.651790   636.425364     5.490612   158.074942    95.400732    62.674210    72.144967    70.759689          0.0   288.866906   283.914281          0.0    23.656299  0.000000e+00
        95.0    24.833140   715.040685   650.503691   638.633140     5.223003   165.745285   100.652885    65.092401    72.255625    74.463401          0.0   288.758088   283.747582          0.0    20.337583  0.000000e+00
        96.0    22.063424   721.738028   654.584366   642.343709     5.261271   161.229535    96.792632    64.436903    73.732788    77.443357          0.0   288.964398   284.044719          0.0    15.268600  0.000000e+00
        97.0    27.847479   730.486756   655.341555   642.832568     5.718948   159.593764    95.987969    63.605795    73.915169    74.404028          0.0   289.002068   284.058119          0.0    20.826752  0.000000e+00
        98.0    26.623123   736.555085   660.148105   645.050147     5.325249   166.849741   101.151276    65.698465    73.847550    76.065129          0.0   288.954579   284.027530          0.0    20.279597  0.000000e+00
        99.0    23.390516   744.397844   661.827235   648.494625     5.459263   162.580470    97.836812    64.743658    76.021615    79.466093          0.0   289.080023   284.257368          0.0    16.691590  0.000000e+00
       100.0    27.312811   753.029948   663.282567   648.229170     5.578976   164.483917    98.984147    65.499770    76.442623    76.177167          0.0   289.187345   284.440838          0.0    21.351648  0.000000e+00
       101.0    26.628708   759.361342   667.852394   649.601978     5.431420   168.629853   102.225405    66.404448    74.801720    76.174528          0.0   289.006248   284.143418          0.0    21.481049  0.000000e+00
       102.0    23.517720   767.058244   670.448083   652.683730     5.559798   166.258661   100.754180    65.504481    76.469501    79.551254          0.0   289.134666   284.306932          0.0    18.607237  0.000000e+00
       103.0    24.602179   776.076319   670.892663   653.243576     5.496236   165.535074    99.405299    66.129775    77.230640    77.790486          0.0   289.349024   284.575946          0.0    21.170232  0.000000e+00
       104.0    28.371349   784.757025   670.879783   652.374114     5.592710   163.627909    98.957079    64.670829    76.038035    75.168573          0.0   289.314957   284.533678          0.0    23.801387  0.000000e+00
       105.0    25.679145   790.296767   676.854269   654.210918     5.222164   172.309495   105.445677    66.863818    75.342190    77.178994          0.0   289.078417   284.227509          0.0    22.292197  0.000000e+00
       106.0    27.290589   797.389633   680.704617   658.864244     5.363179   171.876642   104.856643    67.019998    76.765119    81.418445          0.0   289.113991   284.100596          0.0    19.587850  0.000000e+00
       107.0    23.255550   806.958503   681.680082   661.015836     5.600945   165.156649    99.678134    65.478516    78.489315    80.640907          0.0   289.322315   284.536486          0.0    18.061762  0.000000e+00
       108.0    27.692690   817.549879   679.753189   658.555468     5.688281   164.923829   100.032886    64.890943    78.311895    75.851527          0.0   289.477186   284.759277          0.0    26.108252  0.000000e+00
       109.0    25.792338   823.771797   683.870626   659.183426     5.490556   172.824658   105.761538    67.063120    76.771299    77.399257          0.0   289.268695   284.511948          0.0    24.244844  0.000000e+00
       110.0    24.566510   831.411494   687.468896   660.943244     5.537519   168.253554   102.157520    66.096034    77.594044    79.353863          0.0   289.313369   284.475377          0.0    19.205388  0.000000e+00
       111.0    28.073767   840.198905   689.370664   661.956828     5.454824   168.698732   102.974889    65.723842    77.913564    78.927147          0.0   289.382348   284.548924          0.0    22.145974  0.000000e+00
       112.0    27.050513   849.108609   691.297009   662.095716     5.589334   168.196981   102.578102    65.618878    77.932986    78.071875          0.0   289.479007   284.698799          0.0    22.579882  0.000000e+00
       113.0    28.090697   856.805453   695.344011   663.141686     5.539831   172.591758   105.277278    67.314480    78.732906    79.778876          0.0   289.578714   284.847261          0.0    21.451400  0.000000e+00
       114.0    29.935972   864.513536   699.806169   665.740952     5.506788   175.418077   107.411910    68.006166    78.416356    81.015623          0.0   289.516511   284.786037          0.0    21.934129  0.000000e+00
       115.0    27.785825   872.923242   703.881747   669.058364     5.347901   175.153323   107.525451    67.627872    79.194982    82.512394          0.0   289.457456   284.702063          0.0    20.937480  0.000000e+00
       116.0    30.771373   883.244427   705.744094   669.218774     5.612156   173.093022   106.231203    66.861819    79.404194    79.564604          0.0   289.553812   284.727763          0.0    24.804252  0.000000e+00
       117.0    27.592109   892.080959   708.126046   670.678019     5.640287   172.454317   105.055934    67.398383    79.828469    81.287714          0.0   289.691396   284.942885          0.0    21.386268  0.000000e+00
       118.0    29.372207   901.138252   710.522299   671.128916     5.704369   174.052887   106.666275    67.386612    78.815091    79.265988          0.0   289.574896   284.818487          0.0    25.004034  0.000000e+00
       119.0    31.456955   908.800821   715.976140   673.202456     5.367428   179.541405   110.550552    68.990854    79.072009    81.145548          0.0   289.462263   284.636825          0.0    23.951163  0.000000e+00
       120.0    30.984630   916.654560   721.689567   678.395090     5.493974   181.708971   111.819091    69.889880    80.948976    86.141609          0.0   289.556316   284.793647          0.0    19.964055  0.000000e+00
       121.0    27.646801   928.332695   721.943395   680.149993     5.826635   171.628069   105.045007    66.583062    81.588934    83.343837          0.0   289.652446   284.916617          0.0    21.447342  0.000000e+00
       122.0    27.548162   938.932483   723.016786   678.413588     5.638771   174.470570   106.660731    67.809839    81.621285    79.884880          0.0   289.789015   285.170096          0.0    25.702460  0.000000e+00
       123.0    30.769717   948.826617   723.686790   677.031981     5.609149   174.747349   107.446121    67.301228    80.324763    78.943157          0.0   289.747774   285.077104          0.0    27.832960  0.000000e+00
       124.0    29.486426   956.344960   728.360521   679.290003     5.453599   180.501648   111.016561    69.485087    80.843965    83.101987          0.0   289.742923   285.092403          0.0    23.240842  0.000000e+00
       125.0    31.547026   964.419947   733.626240   683.431598     5.507599   185.057189   114.473646    70.583544    82.925673    87.067267          0.0   289.807588   285.115685          0.0    22.140659  0.000000e+00
       126.0    30.657659   974.883990   736.416698   686.178765     5.622769   181.421939   112.134891    69.287048    83.153757    85.900925          0.0   289.748167   284.960648          0.0    23.443509  0.000000e+00
       127.0    32.797548   985.735415   737.968796   687.581535     5.547676   180.577777   111.296035    69.281742    83.703756    85.106525          0.0   289.950085   285.318405          0.0    24.637411  0.000000e+00
       128.0    26.596023   996.607070   739.778347   687.398067     5.485775   174.446268   106.659443    67.786825    83.003489    82.820021          0.0   290.078204   285.451625          0.0    22.029872  0.000000e+00
       129.0    30.405197  1007.640368   740.221550   685.282177     5.519574   175.710083   107.678008    68.032075    82.340302    80.224412          0.0   290.148481   285.621794          0.0    27.010392  0.000000e+00
       130.0    29.171845  1016.572930   742.817252   686.417672     5.421258   177.415277   108.844669    68.570608    81.713119    82.848615          0.0   290.120455   285.566963          0.0    23.400352  0.000000e+00
       131.0    32.761242  1025.594281   746.110690   689.239920     5.503281   185.221063   114.890504    70.330560    82.575812    85.398060          0.0   289.993785   285.422979          0.0    26.199006  0.000000e+00
       132.0    32.899038  1034.950275   750.569145   692.818287     5.370396   186.604244   115.718492    70.885752    83.317718    86.896085          0.0   289.870695   285.153143          0.0    24.363952  0.000000e+00
       133.0    29.189757  1045.752814   754.017505   695.552631     5.479849   181.942149   112.383636    69.558513    84.774306    87.508651          0.0   290.073377   285.508595          0.0    21.426625  0.000000e+00
       134.0    34.829980  1058.519776   754.620026   693.384763     5.586829   185.189986   113.921574    71.268412    84.748005    82.580137          0.0   290.222509   285.732372          0.0    30.738916  0.000000e+00
       135.0    30.112436  1067.982536   758.066516   694.715442     5.533041   186.872202   115.841043    71.031158    84.559181    85.889859          0.0   290.125881   285.567158          0.0    26.504694  0.000000e+00
       136.0    30.417766  1079.009672   760.138671   695.749069     5.636103   182.642635   112.682002    69.960633    84.866523    85.900149          0.0   290.173595   285.617710          0.0    24.709698  0.000000e+00
       137.0    33.264338  1089.770599   762.627477   696.097602     5.456139   185.525660   115.112357    70.413303    85.208287    85.556821          0.0   290.228744   285.732156          0.0    27.066730  0.000000e+00
       138.0    35.657649  1100.561166   765.313287   697.305456     5.474565   186.726966   116.051012    70.675954    85.182798    86.390651          0.0   290.245901   285.694337          0.0    26.974550  0.000000e+00
       139.0    30.086212  1110.266506   769.471077   701.680428     5.431117   187.492925   116.024346    71.468579    85.556340    89.931312          0.0   290.191817   285.563361          0.0    21.935245  0.000000e+00
       140.0    30.883023  1123.390111   769.622681   701.862949     5.732957   183.054565   112.869636    70.184928    86.639288    86.821809          0.0   290.406518   285.932781          0.0    25.896223  0.000000e+00
       141.0    34.123092  1136.413694   769.547588   698.095665     5.696389   185.831818   114.643978    71.187841    85.370405    81.603121          0.0   290.404431   285.989500          0.0    33.115950  0.000000e+00
       142.0    30.115396  1145.299545   774.764768   699.301871     5.295215   190.257193   117.739995    72.517198    84.797231    86.003438          0.0   290.255251   285.765829          0.0    26.519377  0.000000e+00
       143.0    30.921848  1157.284991   776.300466   700.722567     5.591001   184.879525   114.662494    70.217031    85.662856    87.083552          0.0   290.398624   285.856785          0.0    26.043245  0.000000e+00
       144.0    36.051660  1169.578401   776.844175   700.422289     5.455906   188.180880   117.079618    71.101262    85.783683    85.483405          0.0   290.413382   285.839745          0.0    31.052503  0.000000e+00
       145.0    32.182862  1180.552156   779.774874   701.743479     5.394498   187.971229   116.331095    71.640134    86.402335    87.723525          0.0   290.588247   286.123917          0.0    25.676871  0.000000e+00
       146.0    30.998491  1192.096583   782.711029   703.466122     5.525186   190.425840   118.107081    72.318759    87.723240    89.445883          0.0   290.615126   286.195624          0.0    25.725042  0.000000e+00
       147.0    35.852418  1205.128754   782.803970   703.299029     5.536228   190.756072   118.578203    72.177868    87.108673    86.941580          0.0   290.578245   286.122412          0.0    31.543683  0.000000e+00
       148.0    35.158004  1216.622263   785.605806   703.656255     5.477661   191.363861   119.065484    72.298377    87.438960    87.796185          0.0   290.617047   286.273359          0.0    28.467462  0.000000e+00
       149.0    35.226819  1227.989830   789.932932   705.006526     5.399386   195.633352   122.055039    73.578313    88.519214    89.869486          0.0   290.609066   286.158315          0.0    27.858427  0.000000e+00
       150.0    33.468377  1240.725664   792.618519   706.004713     5.486770   191.022688   118.502507    72.520181    88.573659    89.571846          0.0   290.727568   286.320820          0.0    26.245074  0.000000e+00