        time     emission          CO2         cveg        csoil        fgco2         fgpp         fnpp           ra          frh     fvegsoil         fluc          tas     tas_land        cprod     fcvegout    fcsoilout
      1850.0     1.012946   283.923842   581.891402  1766.275303    -0.178390   118.375781    59.488071    58.887710    57.665349    58.471513     0.000475   286.476926   280.571752     0.006778     0.828032     0.160242
      1851.0    -0.126529   284.055342   581.925303  1766.343855    -0.030447   115.858049    58.002623    57.855425    57.547232    57.141414     0.001043   286.485367   280.579542     0.014878     0.827309    -0.474370
      1852.0    -0.201631   284.196702   581.804580  1765.835035     0.000625   115.369704    57.949747    57.419957    57.585370    57.237939     0.001120   286.589567   280.741336     0.017020     0.832531     0.161389
      1853.0    -0.341537   284.328199   581.641086  1765.289216     0.240855   115.607909    58.145310    57.462599    58.136592    57.377360     0.001305   286.639964   280.698041     0.020540     0.931443    -0.213413
      1854.0    -0.353998   284.443257   581.702245  1764.391736    -0.129176   117.851833    59.176996    58.674837    58.689252    57.958700     0.001365   286.561111   280.694336     0.022371     1.157137     0.166929
      1855.0     2.281981   284.545169   582.199242  1764.982316     0.084187   120.620736    60.766329    59.854407    57.832679    59.261656     0.001358   286.432035   280.333557     0.023206     1.007676     0.838397
      1856.0    -0.430447   284.660230   582.478594  1765.427628     0.065495   116.041463    58.324277    57.717186    58.119273    57.390349     0.001269   286.625384   280.901326     0.022862     0.654576    -1.174237
      1857.0    -0.084725   284.804879   582.440353  1764.656055     0.015329   116.345164    58.424712    57.920452    57.918749    57.651764     0.001182   286.645317   280.917610     0.022496     0.811189     0.504588
      1858.0     0.364721   284.969246   582.369363  1764.680875     0.094216   114.325365    57.830981    56.494384    57.021099    57.126986     0.001136   286.627113   280.802442     0.022524     0.774986     0.081067
      1859.0    -0.512938   285.146776   581.993296  1764.191148     0.042629   116.409015    58.527424    57.881590    58.531922    57.542574     0.001222   286.665919   280.888034     0.024180     1.360917    -0.499621
      1860.0     2.092181   285.337447   582.487212  1764.145413     0.162185   119.338864    60.456726    58.882138    57.957026    59.030399     0.001152   286.590541   280.780879     0.023495     0.932411     1.119108
      1861.0    -0.930951   285.524831   582.188644  1764.453498     0.236726   112.107706    56.145702    55.962004    56.814516    55.935175     0.000920   286.687617   281.052040     0.020752     0.509094    -1.187427
      1862.0     0.258434   285.699073   581.756139  1763.549553     0.337423   113.451340    57.574351    55.876989    57.072778    56.738987     0.000910   286.604070   280.760773     0.020824     1.267869     0.570154
      1863.0     1.099268   285.870008   581.916289  1763.802744     0.381871   117.299949    59.171154    58.128796    57.843743    58.083589     0.000978   286.633390   280.801328     0.021719     0.927415    -0.013344
      1864.0    -0.707205   286.040957   581.864061  1763.409598     0.175035   114.940445    57.577440    57.363005    57.834101    56.806350     0.000942   286.615466   280.903580     0.021394     0.823317    -0.634605
      1865.0     2.253036   286.211908   582.103248  1763.587693     0.064168   119.856634    60.886688    58.969946    58.058970    59.203375     0.000991   286.426590   280.560361     0.022120     1.444126     0.966309
      1866.0     0.535353   286.382858   582.499565  1764.120146     0.178136   118.892393    59.447037    59.445356    58.504962    58.464855     0.000936   286.505628   280.674390     0.021516     0.585865    -0.572559
      1867.0    -0.236851   286.547227   582.304759  1763.740053     0.087592   116.236539    58.238909    57.997630    57.977888    57.594818     0.000876   286.529673   280.650358     0.020874     0.838897    -0.002977
      1868.0    -0.034119   286.695163   582.104149  1763.073405    -0.084096   117.182034    59.278948    57.903086    58.543279    58.085129     0.000917   286.487188   280.747490     0.021632     1.394430     0.208498
      1869.0     2.129557   286.826658   582.812063  1763.605131    -0.124135   123.116169    62.172609    60.943560    59.148393    60.031388     0.000891   286.305911   280.526792     0.021398     1.433307     0.351269
      1870.0     1.775971   286.954871   583.536610  1764.966233    -0.158354   120.524917    60.244110    60.280807    57.516025    58.948295     0.001089   286.199801   280.251050     0.024366     0.571269     0.071168
      1871.0     0.860188   287.096232   583.307645  1766.042088     0.127646   116.719417    58.327220    58.392197    56.841957    57.852279     0.001603   286.381088   280.454834     0.031525     0.703905    -0.065533
      1872.0    -1.361913   287.263893   582.736789  1765.947208     0.284083   113.424418    56.573285    56.851133    57.600317    56.194541     0.003647   286.655289   280.783620     0.073408     0.949599    -1.310895
      1873.0    -1.071732   287.454564   582.293323  1764.138892     0.304286   116.830717    58.335495    58.495221    59.040399    57.568382     0.007329   286.696238   280.889544     0.163500     1.210580     0.336298
      1874.0     1.929854   287.661673   582.264075  1763.978703     0.174844   119.831118    60.602090    59.229028    58.198720    59.175200     0.011079   286.488152   280.532056     0.274887     1.456138     1.136669
      1875.0     0.160266   287.885222   582.349806  1764.462424     0.019534   116.300054    58.859946    57.440108    58.123663    57.669694     0.014080   286.451988   280.567513     0.388678     1.104520    -0.937690
      1876.0     1.915444   288.115342   582.759668  1764.845795     0.263108   117.804712    59.687724    58.116988    57.418639    58.517022     0.016081   286.489693   280.635002     0.493631     0.760841     0.715012
      1877.0    -0.810232   288.348752   582.309843  1764.648483     0.335008   115.286098    58.081084    57.205014    58.647390    57.414679     0.018456   286.619815   280.764458     0.611636     1.116230    -1.035399
      1878.0    -1.278222   288.585447   581.769533  1763.370104     0.313827   113.241305    56.575252    56.666053    57.570140    56.582948     0.022493   286.757619   280.973188     0.772098     0.532614     0.291187
      1879.0     1.788715   288.822145   581.181877  1763.139854     0.215249   119.397855    60.390706    59.007149    58.202343    58.896031     0.027848   286.569534   280.688166     0.977400     2.082331     0.923939
      1880.0     1.155039   289.068709   581.832307  1763.738610     0.140416   122.321019    61.066023    61.254996    59.396089    59.208601     0.022783   286.574966   280.824577     0.971827     1.206992    -0.786245
      1881.0     0.771483   289.334985   581.840478  1763.640340     0.051447   116.351296    58.870425    57.480871    57.612683    58.289646     0.013813   286.495015   280.633797     0.842452     0.572609     0.775232
      1882.0     0.242374   289.604559   581.213032  1764.344055     0.344494   112.525664    56.880683    55.644981    56.444959    56.450924     0.010704   286.571932   280.674973     0.789056     1.057205    -0.697750
      1883.0     0.346202   289.857691   581.055086  1763.335957     0.208205   118.495147    59.660616    58.834531    58.873067    58.167051     0.010189   286.620923   280.730199     0.774187     1.651512     0.302082
      1884.0     2.439727   290.114114   581.424062  1764.282740     0.465835   116.114544    59.202978    56.911566    56.632962    57.977028     0.010754   286.320285   280.339739     0.779893     0.856974     0.397283
      1885.0     2.329540   290.393543   581.646254  1765.002046     0.221896   119.382649    60.655256    58.727393    57.912493    58.756448     0.011675   286.277608   280.300776     0.797105     1.676616     0.124649
      1886.0     1.990595   290.692702   582.110026  1766.038722     0.293891   119.894565    60.855519    59.039046    58.596614    59.209615     0.012218   286.352720   280.297864     0.812999     1.182132    -0.423675
      1887.0     0.963068   291.011588   582.532460  1766.183599     0.268638   117.679540    59.608587    58.070953    58.398067    58.315676     0.012883   286.451197   280.486519     0.835404     0.870477    -0.227268
      1888.0    -0.583941   291.353484   582.314199  1765.567114     0.209805   115.828086    58.376511    57.451575    58.710673    57.508503     0.013779   286.611127   280.761185     0.864898     1.086268    -0.585686
      1889.0     1.046180   291.701947   582.371823  1764.497790     0.209475   118.863236    60.080495    58.782741    58.813720    58.541579     0.014385   286.563510   280.694923     0.892264     1.481292     0.797183
      1890.0     2.505167   292.050421   583.043695  1765.069961     0.500686   121.269171    61.191775    60.077396    58.704306    59.451979     0.015465   286.521774   280.445666     0.933143     1.067925     0.175502
      1891.0    -1.009077   292.405467   582.396374  1765.036294     0.511511   112.652038    56.297456    56.354582    57.436310    56.328303     0.018314   286.731466   280.849915     1.017569     0.616474    -1.074341
      1892.0    -0.737464   292.747360   582.006813  1763.142762     0.296585   118.960132    59.504718    59.455414    60.000181    58.075733     0.022825   286.716736   280.971502     1.152335     1.818546    -0.030915
      1893.0     1.252654   293.066241   582.022818  1762.500798     0.310407   119.441868    60.621271    58.820597    59.020278    59.268484     0.026232   286.424141   280.535683     1.285314     1.336782     0.890170
      1894.0     2.830594   293.371974   582.246710  1763.594214     0.314374   119.567905    60.807473    58.760432    57.568195    59.287841     0.028786   286.483116   280.543404     1.413623     1.295740     0.626230
      1895.0     0.926194   293.664554   582.007160  1764.281923     0.359692   118.561676    60.053675    58.508001    58.758366    58.749170     0.031412   286.552999   280.724927     1.550995     1.544056    -0.696906
      1896.0     0.389168   293.947282   582.066931  1764.268457     0.420344   118.132290    59.545086    58.587204    58.880998    58.291897     0.034236   286.629791   280.917915     1.699878     1.193417    -0.575634
      1897.0     1.012911   294.236575   581.989460  1763.527407     0.304126   119.134334    60.165340    58.968994    58.767019    58.828959     0.038618   286.500938   280.600792     1.890155     1.413853     0.802990
      1898.0     1.448538   294.548881   582.423028  1763.729316     0.278368   122.075483    61.549884    60.525598    59.726468    59.588931     0.042353   286.536865   280.746821     2.083046     1.527386    -0.339446
      1899.0     1.878907   294.894069   582.787630  1764.145290     0.431207   119.884119    60.431331    59.452788    58.422291    59.092060     0.044682   286.458577   280.433370     2.254796     0.974669     0.253795
      1900.0     1.114304   295.249112   582.908420  1764.149372     0.322800   119.839998    60.502848    59.337149    59.100878    59.085324     0.035104   286.537824   280.694705     2.163667     1.296735    -0.019637
      1901.0     1.002779   295.587719   582.698543  1764.524914     0.318869   117.460219    59.460951    57.999268    58.158793    58.422878     0.022870   286.383120   280.363940     1.949414     1.247951    -0.111457
      1902.0     1.408590   295.913173   582.407716  1765.136275     0.550648   118.606373    59.763431    58.842942    58.246926    58.612755     0.019255   286.510559   280.629751     1.855268     1.441503    -0.245533
      1903.0     0.465740   296.232056   582.322057  1764.621561     0.470696   117.320445    59.470275    57.850170    58.757711    58.117184     0.019686   286.504082   280.654221     1.833039     1.438750    -0.125814
      1904.0     1.819097   296.547651   582.187386  1764.825103     0.453864   116.986139    59.633486    57.352652    57.557421    58.357900     0.021088   286.396767   280.448817     1.838413     1.410257     0.596937
      1905.0     1.502984   296.882972   582.388310  1764.969655     0.303764   119.128526    60.422258    58.706268    58.568878    58.804009     0.022890   286.455523   280.690575     1.864200     1.417325     0.090579
      1906.0     1.613889   297.261030   582.507987  1765.736452     0.495800   118.864234    60.113019    58.751215    58.419537    58.711781     0.027462   286.435959   280.478818     1.963009     1.281561    -0.474553
      1907.0     0.262828   297.675259   582.103349  1765.563714     0.424127   116.338707    58.445339    57.893367    58.118682    57.728469     0.032768   286.600118   280.846135     2.103126     1.121509    -0.217475
      1908.0     0.627416   298.099333   581.773011  1764.929502     0.506612   118.383544    59.802536    58.581008    59.130293    58.478030     0.037859   286.565697   280.756813     2.264272     1.654844    -0.018050
      1909.0     0.248560   298.523409   581.424190  1764.131521     0.499486   116.976318    59.078430    57.897888    58.832324    57.941859     0.043241   286.517062   280.704414     2.453752     1.485392    -0.092484
      1910.0     1.558338   298.960645   581.239574  1763.591329     0.392367   120.136902    60.907878    59.229024    59.248903    59.371131     0.034152   286.488106   280.631668     2.346685     1.721363     0.662420
      1911.0     0.369239   299.427462   581.214604  1763.702919     0.377286   116.460353    58.723558    57.736795    58.321484    57.808249     0.020392   286.537381   280.896787     2.080730     0.940279    -0.624825
      1912.0     0.781302   299.940303   580.774627  1763.378828     0.496531   115.016296    58.257510    56.758786    57.659415    57.568227     0.014794   286.449532   280.389544     1.919137     1.129260     0.232903
      1913.0     1.041048   300.476156   580.061360  1763.187434     0.643944   113.428114    57.411816    56.016297    56.759544    56.768439     0.012636   286.532110   280.567019     1.808721     1.356644     0.200289
      1914.0     0.125845   300.998870   579.199269  1762.373347     0.632045   114.219123    57.779716    56.439407    57.956250    56.933734     0.011608   286.645200   280.686190     1.720016     1.708074    -0.208430
      1915.0     0.048026   301.521569   578.495739  1761.936513     0.632453   113.763427    57.153315    56.610112    57.404736    56.718525     0.010710   286.660248   280.777489     1.638951     1.138320    -0.249376
      1916.0     0.710439   302.054130   577.836226  1760.859562     0.487942   118.873489    59.973048    58.900441    59.387676    58.553844     0.010061   286.537758   280.596939     1.568204     2.078717     0.243120
      1917.0     2.144640   302.563687   577.642472  1761.209814     0.703568   116.141409    59.062478    57.078931    57.234059    58.161613     0.009863   286.438433   280.464823     1.511084     1.094620     0.577302
      1918.0     0.928022   303.007490   577.284340  1761.549541     0.744151   115.930059    58.686446    57.243613    57.948988    57.588113     0.009972   286.546277   280.587336     1.466467     1.456464    -0.700603
      1919.0     0.125740   303.405274   576.617764  1760.760162     0.766657   116.570862    58.589566    57.981296    58.512694    57.620215     0.009996   286.676514   281.071749     1.426399     1.635927    -0.103099
      1920.0     1.452891   303.799766   576.387480  1760.222117     0.675415   118.785418    60.157389    58.628029    58.676318    58.734859     0.010714   286.564873   280.883886     1.403179     1.652813     0.596586
      1921.0     1.537771   304.171249   576.107088  1760.759815     0.559240   116.451621    58.956594    57.495027    57.273505    57.853398     0.011669   286.424416   280.583720     1.391257     1.383588     0.042194
      1922.0     1.571357   304.513139   575.807290  1761.379543     0.678617   118.836335    60.056696    58.779639    58.321990    58.718860     0.013172   286.432574   280.480199     1.401957     1.637634    -0.222858
      1923.0    -0.041369   304.851737   574.978149  1761.287806     0.613539   113.532957    57.542441    55.990516    57.398850    56.915906     0.014920   286.455994   280.521932     1.429867     1.455676    -0.391206
      1924.0    -0.390303   305.157479   574.401885  1760.246108     0.730445   115.436184    58.135456    57.300728    58.371744    57.106414     0.016754   286.625509   280.775169     1.469411     1.605306    -0.223633
      1925.0     0.413078   305.374451   574.125699  1759.359108     0.608783   118.330668    59.793138    58.537529    58.908180    58.440023     0.020151   286.615367   280.799558     1.555207     1.629302     0.418843
      1926.0     1.072452   305.545396   574.020321  1759.354310     0.585384   117.152348    59.592778    57.559570    57.929019    57.913476     0.023547   286.586398   280.823652     1.659267     1.784680    -0.010744
      1927.0     2.011472   305.729494   574.231932  1759.753384     0.448914   120.150548    61.189104    58.961444    58.360584    59.281023     0.027461   286.436696   280.501422     1.789018     1.696471     0.521364
      1928.0     0.281637   305.903728   573.826080  1760.333685     0.573418   115.511266    58.509674    57.001591    57.580192    57.845132     0.031087   286.520014   280.637894     1.927890     1.070394    -0.315362
      1929.0     0.100303   306.054951   573.415430  1760.003756     0.630748   117.472706    59.525452    57.947254    58.791205    58.014958     0.034721   286.508804   280.493632     2.081981     1.921144    -0.446318
      1930.0    -1.728746   306.209465   572.762751  1758.825402     0.481409   116.214665    58.396062    57.818604    59.302352    57.743953     0.030389   286.604886   280.653432     2.072957     1.304787    -0.380046
      1931.0     1.079116   306.409997   572.402634  1757.934420     0.410818   121.000142    61.576910    59.423232    59.710049    59.716387     0.025602   286.421532   280.445574     2.024158     2.220641     0.897320
      1932.0     1.914925   306.672993   572.724482  1758.510785     0.524454   119.588708    61.050057    58.538652    58.583633    59.223321     0.025884   286.464938   280.601194     2.055728     1.504887     0.063324
      1933.0     1.373196   306.988587   572.717934  1758.929779     0.543543   118.370462    60.197328    58.173133    58.355208    58.648659     0.026536   286.486239   280.596293     2.095473     1.555219    -0.125544
      1934.0     1.128562   307.366651   572.486984  1759.220819     0.457187   118.360022    60.196626    58.163396    58.615604    58.872251     0.027827   286.430405   280.608500     2.151775     1.555325    -0.034392
      1935.0     2.564124   307.879495   572.498493  1759.713767     0.824165   121.063896    60.983515    60.080381    58.666170    59.170289     0.030327   286.469831   280.457143     2.239670     1.801718     0.011171
      1936.0     0.222960   308.569865   572.095818  1759.006663     0.657134   118.324887    59.283034    59.041854    59.411368    58.133910     0.035393   286.617900   280.731036     2.394629     1.551800    -0.570355
      1937.0     2.621198   309.273368   571.707442  1758.783437     0.434429   122.100214    62.176467    59.923747    59.665457    60.101091     0.040075   286.327352   280.301620     2.563231     2.463753     0.658860
      1938.0     2.913237   309.865112   571.999724  1759.818927     0.554880   120.730774    61.027045    59.703729    58.147875    59.531444     0.044827   286.309372   280.284398     2.750780     1.203320     0.348079
      1939.0     1.190696   310.400965   571.586456  1760.350306     0.593193   118.977227    60.097996    58.879231    58.865899    58.629913     0.049915   286.489362   280.576192     2.962439     1.881351    -0.767366
      1940.0     0.968117   310.903944   571.002134  1759.761593     0.551873   116.904380    59.506788    57.397592    58.367212    58.223237     0.049073   286.386185   280.410215     3.061455     1.867874     0.444738
      1941.0     2.089754   311.347749   570.880661  1760.153543     0.737078   119.757886    60.899618    58.858268    58.650989    59.218170     0.047241   286.462084   280.555140     3.122725     1.802921     0.175232
      1942.0    -0.754077   311.696215   570.281781  1759.695167     0.727306   116.427308    58.669121    57.758187    59.005305    57.537375     0.047888   286.630567   280.894732     3.218960     1.730625    -1.009554
      1943.0     0.472510   311.903322   569.690077  1758.841934     0.750525   118.470017    59.934799    58.535218    58.816737    58.561353     0.049871   286.433144   280.368279     3.341411     1.965151     0.597850
      1944.0    -0.956114   311.962494   569.117129  1758.080483     0.635289   119.561711    60.192728    59.368983    59.985673    58.736264     0.051470   286.567375   280.679227     3.458550     2.029411    -0.487958
      1945.0     1.612410   311.952632   569.222121  1757.823791     0.626658   123.435915    62.483568    60.952347    59.507735    60.233889     0.053143   286.417742   280.451411     3.579680     2.144687     0.982845
      1946.0     1.129126   311.972358   569.145533  1758.507731     0.651741   120.735504    61.045103    59.690402    58.679018    59.297076     0.055305   286.490334   280.586108     3.713901     1.824615    -0.065883
      1947.0     0.171676   312.031532   568.893567  1758.797418     0.657453   117.850644    59.484391    58.366253    58.208961    58.056126     0.058002   286.596158   280.926707     3.864249     1.680231    -0.442522
      1948.0    -0.820860   312.100568   568.083966  1758.403713     0.460447   118.006221    59.601095    58.405126    59.130102    58.527557     0.062085   286.556018   280.776334     4.050893     1.883139    -0.208839
      1949.0     0.303749   312.212345   567.465015  1757.910742     0.341764   119.752278    60.934532    58.817746    59.297963    59.190349     0.066198   286.355576   280.439359     4.252075     2.363134     0.385356
      1950.0     1.619221   312.383292   567.440605  1758.541532     0.289753   120.985333    61.546051    59.439282    58.650741    59.655827     0.070887   286.316762   280.479462     4.474954     1.914635     0.374296
      1951.0     1.597840   312.606840   567.261346  1759.854852     0.392820   120.530978    60.893623    59.637355    58.228341    59.243897     0.074782   286.328445   280.321983     4.691775     1.828985    -0.297764
      1952.0     1.729285   312.915862   567.062267  1760.218929     0.438216   119.536376    61.005117    58.531259    58.357677    59.121928     0.080123   286.408254   280.477404     4.948619     2.082268     0.400174
      1953.0    -0.017217   313.284056   566.313109  1760.645015     0.690217   114.330052    57.942869    56.387183    57.465439    57.201621     0.088923   286.448634   280.448166     5.297017     1.490407    -0.689903
      1954.0    -0.914689   313.642386   565.341272  1759.581898     0.800270   117.687197    59.006406    58.680791    59.459497    57.858468     0.100091   286.734159   280.869570     5.735164     2.119775    -0.537913
      1955.0     0.048429   313.964559   564.442024  1758.490227     0.553415   119.236906    60.145221    59.091684    59.201934    58.766437     0.112237   286.546707   280.590452     6.240856     2.278032     0.656175
      1956.0     0.306884   314.260428   563.612433  1758.539519     0.627287   120.030768    60.990373    59.040395    59.753884    59.616490     0.123856   286.619245   280.819249     6.780460     2.203474    -0.186685
      1957.0     0.396084   314.566161   562.606994  1758.546722     0.694022   116.286117    59.098403    57.187713    57.869797    57.996141     0.135523   286.570389   280.540169     7.359750     2.107701     0.119141
      1958.0    -0.467813   314.931069   561.402582  1758.012479     0.623055   116.371710    59.183749    57.187962    58.842882    58.108213     0.146108   286.668162   280.875122     7.949360     2.279947    -0.200427
      1959.0     1.986505   315.453783   560.724632  1758.193405     0.705224   119.854641    60.901425    58.953216    58.538065    59.241072     0.158776   286.520953   280.620298     8.608969     2.338304     0.522082
      1960.0     1.599351   316.144147   559.894034  1758.502340     0.733076   118.342987    60.408091    57.934896    58.727664    58.886638     0.127552   286.539548   280.676727     8.335954     2.352051    -0.149962
      1961.0     2.371817   316.870670   559.199538  1758.934712     0.870216   117.628349    60.304580    57.323769    58.096843    58.987865     0.085364   286.446213   280.315524     7.615332     2.011211     0.458651
      1962.0     0.759592   317.564318   558.369418  1758.967427     0.913133   118.171662    59.555755    58.615908    58.940762    58.059969     0.071260   286.600751   280.668747     7.268929     2.325905    -0.913508
      1963.0     2.045842   318.221805   557.703631  1758.585567     0.681835   120.884930    61.638759    59.246171    59.334080    59.681082     0.068433   286.360039   280.312653     7.108040     2.623464     0.728862
      1964.0     5.105730   318.833272   557.929469  1760.198483     0.897624   124.806201    63.870108    60.936093    58.655878    61.211008     0.069517   286.077159   279.957517     7.037529     2.433261     0.942213
      1965.0     1.786712   319.510494   557.629149  1761.602714     0.984129   119.019860    60.227701    58.792158    58.600345    58.535515     0.070718   286.271474   280.257502     6.994455     1.992507    -1.469061
      1966.0     1.299371   320.312632   557.080394  1761.063718     0.907842   121.506522    61.706952    59.799571    60.589226    59.882007     0.073256   286.370155   280.466942     7.001012     2.373700    -0.168223
      1967.0     2.943576   321.104905   556.630513  1760.949062     0.721697   122.933588    62.466543    60.467045    59.569079    60.283274     0.077438   286.200124   280.317774     7.068457     2.633150     0.828851
      1968.0     2.717193   321.923482   556.201794  1762.114497     0.898374   119.760612    61.140664    58.619948    58.736266    59.515682     0.084102   286.054949   279.908615     7.225870     2.053702    -0.386019
      1969.0     1.944816   322.965607   555.302468  1762.144014     0.948915   116.866214    59.826682    57.039532    58.701203    58.440545     0.092112   286.123049   280.015633     7.456079     2.285463    -0.290174
      1970.0     2.469369   324.099779   554.267733  1761.976119     1.125721   114.326874    58.473191    55.853683    57.261834    57.397877     0.082290   286.272194   280.241292     7.342225     2.110049     0.303938
      1971.0     2.176156   325.276691   553.088602  1761.682943     1.089182   117.511980    60.011131    57.500850    59.056333    58.742082     0.066224   286.177439   279.985041     7.036740     2.448179    -0.021074
      1972.0     4.717793   327.042067   552.335666  1761.737759     1.099714   120.149068    61.282316    58.866752    59.091297    59.254818     0.061251   286.188095   280.059901     6.888425     2.780435     0.108704
      1973.0     6.075837   329.017805   552.304362  1762.334626     1.167332   122.862968    63.086081    59.776888    59.939170    60.490364     0.062622   286.187930   280.150536     6.863393     2.627020    -0.045672
      1974.0     4.780781   330.099361   552.509626  1762.989205     1.289434   121.817663    62.516530    59.301132    58.974352    60.033635     0.065443   286.165314   280.105537     6.889886     2.277632     0.404703
      1975.0     2.567466   330.526726   552.215166  1764.286588     1.414773   116.276903    59.661639    56.615263    57.080279    58.160546     0.068861   286.310633   280.298276     6.954023     1.795553    -0.217115
      1976.0     2.021130   331.351896   551.568192  1764.190074     1.278856   120.264268    61.617603    58.646664    60.149791    59.485578     0.072890   286.334597   280.239380     7.058101     2.778999    -0.567699
      1977.0     5.121056   332.844406   551.439486  1764.366212     1.407814   121.303769    62.324557    58.979212    59.297880    59.947383     0.077943   286.285680   280.151543     7.211004     2.505881     0.473364
      1978.0     3.520193   334.521003   550.590542  1764.567818     1.460590   116.270038    59.213326    57.056712    58.298300    58.055179     0.081744   286.396380   280.373856     7.365186     2.007091    -0.444727
      1979.0     4.635352   336.256778   549.709609  1764.091905     1.433772   119.955363    61.711659    58.243704    59.673175    59.457592     0.086006   286.314514   280.283875     7.546927     3.134999     0.260331
      1980.0     5.539087   338.041859   549.633321  1764.244633     1.482871   125.009219    63.866831    61.142388    61.044422    61.142163     0.079901   286.269470   280.107084     7.514530     2.800956    -0.054988
      1981.0     4.688452   339.389705   549.681958  1764.550269     1.557356   121.854258    62.296093    59.558165    59.557491    60.083259     0.069762   286.386828   280.240781     7.349820     2.164197     0.220132
      1982.0     2.949722   340.425252   549.063259  1764.862471     1.602491   117.873832    60.259337    57.614494    58.603828    58.720359     0.068021   286.425051   280.360786     7.315691     2.157678    -0.195671
      1983.0     3.725181   341.815853   548.136776  1765.005838     1.786312   116.580525    60.004175    56.576350    58.490363    58.497869     0.068902   286.434903   280.410456     7.333574     2.432788    -0.135860
      1984.0     4.470908   343.453001   547.443005  1764.418456     1.783659   121.224243    62.368863    58.855380    60.557914    59.899244     0.071036   286.427630   280.395355     7.388398     3.163391    -0.071289
      1985.0     6.187118   344.971792   547.506954  1764.791067     1.715705   122.329117    63.115250    59.213868    59.348954    60.395260     0.073612   286.347829   280.411761     7.468090     2.656040     0.673696
      1986.0     5.187717   346.523480   547.442362  1765.779301     1.711769   119.647828    61.364327    58.283501    58.647763    59.261907     0.077542   286.532374   280.544245     7.595718     2.167012    -0.374090
      1987.0     5.437412   348.443361   547.247234  1765.354759     1.521170   124.313440    63.937789    60.375651    61.457920    60.938850     0.083321   286.526105   280.712245     7.785943     3.194067    -0.094529
      1988.0     8.389817   350.563763   548.051492  1766.461776     1.771031   127.028631    65.103779    61.924852    60.378213    61.783825     0.089208   286.514308   280.535756     8.006206     2.515696     0.298596
      1989.0     6.383432   352.289659   548.291110  1767.276735     1.921172   123.931662    63.461254    60.470408    59.993487    60.833128     0.093436   286.672897   280.779467     8.215710     2.388509     0.024683
      1990.0     3.369923   353.601352   547.987940  1767.184136     1.675988   122.266405    62.440762    59.825643    60.823959    60.159936     0.080537   286.817022   280.964762     8.064422     2.583997    -0.571424
      1991.0     5.854605   354.755246   548.292620  1767.282696     1.638082   129.821931    66.469155    63.352776    61.928323    62.672069     0.066081   286.614070   280.639671     7.800722     3.492406     0.645185
      1992.0     6.092066   355.685586   548.754326  1769.256245     1.784880   124.232973    64.095772    60.137201    58.965182    61.247246     0.062607   286.366503   280.289190     7.699504     2.386819     0.308516
      1993.0     5.124666   356.583060   549.193232  1770.587562     1.768085   126.897853    65.012085    61.885768    60.803451    61.797661     0.062961   286.578789   280.487096     7.671583     2.775517    -0.337106
      1994.0     4.112429   357.914492   549.341800  1770.703381     1.638961   125.964526    64.311560    61.652967    61.968523    61.386700     0.065116   286.720222   280.716039     7.692692     2.776292    -0.697642
      1995.0     6.113074   359.676562   549.301224  1770.947892     1.709912   126.719593    64.951107    61.768486    61.507773    62.356893     0.068327   286.715164   280.665957     7.756835     2.634790     0.604609
      1996.0     5.307990   361.366310   549.268338  1771.104009     1.701034   125.540916    64.389979    61.150936    61.566622    61.514249     0.073267   286.863836   281.029622     7.882275     2.908616    -0.208490
      1997.0     6.935821   363.098795   549.760984  1771.758589     1.894571   130.068212    65.969863    64.098350    61.823596    62.505361     0.078005   286.944656   280.943652     8.033503     2.971856     0.027185
      1998.0     4.878359   365.225796   549.465174  1771.350914     1.807097   124.195382    62.906429    61.288953    61.612553    60.753476     0.081960   287.117856   281.210653     8.191834     2.448763    -0.451402
      1999.0     7.023106   367.168660   549.806196  1771.220835     1.893418   130.884357    66.856580    64.027777    63.018831    63.401326     0.085841   287.073730   281.109169     8.365039     3.114232     0.512575
      2000.0     7.029142   368.671020   550.573960  1771.850819     1.958893   132.440304    67.557722    64.882582    62.750803    63.764678     0.084595   287.150683   281.367167     8.434157     3.025279     0.383891
      2001.0     5.911361   370.304894   550.954308  1772.649918     2.032508   127.733691    65.190357    62.543334    62.008038    62.310216     0.072614   287.173917   281.275950     8.245916     2.499793    -0.496921
      2002.0     5.991086   372.415444   551.192425  1772.249893     1.922388   130.862197    66.450996    64.411201    64.003140    63.102004     0.060122   287.297429   281.631577     7.978284     3.110876    -0.501112
      2003.0     9.210018   374.634463   552.167953  1772.788363     2.035278   132.916620    68.216114    64.700507    62.868326    64.278445     0.057833   287.179832   281.506630     7.861118     2.962140     0.871649
      2004.0     6.893389   376.544469   552.504380  1773.900615     2.030025   127.416832    64.952101    62.464732    61.318002    62.234840     0.059881   287.177274   281.295888     7.832685     2.380833    -0.195413
      2005.0     7.425660   378.421607   552.710170  1774.673955     2.144176   129.209984    65.984576    63.225409    61.885180    62.688470     0.058788   287.231005   281.427930     7.754366     3.090317     0.029949
      2006.0     6.700173   380.348049   552.948046  1775.400744     1.944337   131.189792    66.450266    64.739526    62.937418    63.463280     0.050896   287.167417   281.210874     7.537031     2.749110    -0.200927
      2007.0     7.577347   382.202170   553.285651  1776.294600     2.089834   131.449187    66.747605    64.701582    62.360867    63.588714     0.050339   287.244794   281.410535     7.448688     2.821286     0.333991
      2008.0     7.135318   384.049718   553.651355  1776.874287     2.083770   131.691686    66.976333    64.715353    62.991947    63.618803     0.052358   287.350957   281.626572     7.442812     2.991826     0.047169
      2009.0     6.819623   385.959729   553.672321  1777.716469     2.271802   129.657632    65.992274    63.665358    62.554731    63.167736     0.104479   287.378512   281.721657     8.530351     2.803572    -0.229178
      2010.0     7.448310   388.116299   553.610690  1777.973642     2.255498   131.019311    66.669874    64.349437    63.004302    63.334615     0.161594   287.422073   281.764328    10.015037     3.396891     0.073140
      2011.0     7.799973   390.355050   554.174558  1778.483233     2.281964   133.200361    67.757672    65.442689    64.005239    64.220192     0.109147   287.481763   281.815936     9.402198     2.973612    -0.294638
      2012.0     9.569334   392.623403   554.898067  1779.633591     2.294768   134.998033    68.973593    66.024440    63.387720    64.935368     0.144764   287.435692   281.768860    10.375998     3.314716     0.397291
      2013.0     9.947283   394.947618   555.452459  1781.044767     2.397076   136.153530    69.292213    66.861317    63.335913    65.258005     0.243000   287.518618   281.775543    12.900612     3.479816     0.510916
      2014.0     7.279978   396.989114   555.637635  1782.123262     2.282148   134.134122    68.001001    66.133121    64.075846    64.318658     0.249995   287.576520   281.887360    13.924140     3.497167    -0.835683
      2015.0    10.491183   400.177939   556.202476  1782.959126     2.478079   132.493778    67.132186    65.361592    62.757895    63.999899     0.161491   287.616536   282.046466    12.805007     2.567446     0.406140
      2016.0     7.955754   402.420005   556.088931  1783.681128     2.530382   130.579864    66.511495    64.068369    62.742368    63.398307     0.087437   287.633039   281.979474    11.441525     3.226733    -0.066063
      2017.0    11.186118   405.234051   557.077170  1784.759746     2.605577   139.650912    70.663797    68.987115    64.837353    66.071079     0.059068   287.704399   282.064356    10.657312     3.604479     0.155107
      2018.0    10.285516   408.011953   557.973093  1786.042588     2.663341   136.218399    69.157252    67.061147    64.287318    65.352981     0.046800   287.813993   282.187968    10.099270     2.908348    -0.217178
      2019.0     9.235769   410.835873   558.652402  1786.780092     2.601261   136.437050    68.666977    67.770073    64.870107    65.035963     0.040626   287.964686   282.436994     9.647272     2.951704    -0.571648
      2020.0     9.779226   413.649919   559.646290  1786.684585     2.702641   139.562251    70.677739    68.884521    66.400147    66.243027     0.036532   287.957507   282.527387     9.248751     3.440816    -0.061613
      2021.0    11.695734   416.444257   561.105335  1787.394865     2.745065   141.289975    71.961832    69.328145    65.669147    67.091433     0.032312   287.998500   282.472720     8.867637     3.411352     0.712006
      2022.0     8.097469   419.199138   561.919707  1787.681386     2.657083   137.427065    69.051694    68.375371    66.299436    65.553083     0.029178   288.145907   282.630536     8.524632     2.684240    -1.032874
      2023.0     9.968597   421.888270   562.449388  1787.902107     2.725429   136.907662    69.260132    67.647530    64.710701    65.679295     0.026688   288.098966   282.565173     8.213327     3.051155     0.747873
      2024.0     9.724029   424.505079   563.235214  1788.492285     2.742594   139.989672    70.991178    68.998498    66.375323    66.784447     0.024624   288.164602   282.764549     7.929061     3.420901    -0.181054
      2025.0    11.218553   427.056142   564.448159  1789.200653     2.754713   143.455183    72.848740    70.606443    66.558964    68.100056     0.022906   288.090452   282.549024     7.668741     3.535739     0.832724
      2026.0     9.557389   429.544741   565.814031  1790.406811     2.672345   141.707639    71.550874    70.156785    66.765560    67.152707     0.021597   288.212896   282.823771     7.431593     3.032274    -0.819011
      2027.0     9.262887   431.974162   567.152808  1790.949029     2.809385   138.933186    69.765186    69.168044    65.423004    66.037235     0.020541   288.312533   282.965302     7.213660     2.389131     0.072014
      2028.0     7.296551   434.347702   567.397342  1790.063505     2.779317   140.180792    70.270695    69.910134    67.736456    66.321660     0.019313   288.377986   283.145648     7.008343     3.704464    -0.529272
      2029.0    11.970430   436.668642   569.077669  1790.946322     2.651847   148.719191    75.277189    73.442211    67.613334    69.730438     0.018446   288.172646   282.706881     6.822149     3.866214     1.234287
      2030.0    10.080303   438.933688   570.835888  1792.582391     2.627571   145.787189    73.226701    72.560503    67.390262    68.823283     0.018981   288.187373   282.703384     6.679008     2.645184    -0.203048
      2031.0     9.762211   441.142855   572.246170  1793.924188     2.581537   143.292933    72.196609    71.096324    66.603794    67.947681     0.016905   288.337573   283.024714     6.506076     2.838647     0.002090
      2032.0     9.909380   443.282980   573.336152  1795.155133     2.551805   145.198921    73.096582    72.102346    67.106162    68.482305     0.016953   288.290184   283.048454     6.381211     3.524287     0.145199
      2033.0    10.845505   445.340922   575.172513  1797.341976     2.633754   147.230282    73.708350    73.521933    66.745657    68.784875     0.019278   288.411936   283.090096     6.318650     3.087113    -0.147625
      2034.0     7.627636   447.319966   576.306804  1798.168332     2.478905   144.599316    72.126601    72.472715    68.019881    68.097740     0.023147   288.615122   283.464083     6.313621     2.894570    -0.748497
      2035.0     7.629185   449.216821   577.129531  1798.593489     2.592771   142.127100    71.016246    71.110854    66.852849    67.474371     0.024677   288.481033   283.166601     6.286316     2.719148     0.196365
      2036.0     6.127512   451.031493   577.550812  1798.139732     2.578959   143.246047    71.432673    71.813391    68.681085    67.489262     0.018237   288.641937   283.433919     6.094761     3.522112    -0.738066
      2037.0     7.158755   452.770551   578.435665  1797.628855     2.474274   144.452013    72.286656    72.165357    68.196640    68.233881     0.016248   288.660741   283.450643     5.968099     3.167922     0.548119
      2038.0     9.257832   454.434000   579.865067  1798.125539     2.590031   149.036283    75.235703    73.800580    68.809199    70.253880     0.016105   288.618871   283.364403     5.877381     3.552421     0.947997
      2039.0     9.152041   456.021839   581.279112  1800.250071     2.518322   147.390654    73.938342    73.452312    67.438291    69.671894     0.016252   288.566460   283.290179     5.799781     2.852403     0.109070
      2040.0     6.639905   457.537349   582.038443  1801.753276     2.422058   146.079086    72.741953    73.337133    68.516622    68.895203     0.016171   288.564181   283.295064     5.724161     3.087419    -1.124624
      2041.0     8.281170   458.980541   583.207804  1802.146881     2.477204   149.993091    75.065058    74.928033    69.011057    70.185985     0.013379   288.607297   283.220566     5.593172     3.709712     0.781323
      2042.0     7.018998   460.351405   584.498543  1803.232904     2.424537   148.192930    73.971550    74.221380    69.033297    69.524343     0.011764   288.722020   283.366778     5.476267     3.156468    -0.594977
      2043.0     6.604239   461.646658   585.708750  1803.710014     2.233646   146.780456    73.047330    73.733126    68.207700    68.902505     0.010952   288.815216   283.651917     5.373863     2.934617     0.217694
      2044.0     6.586176   462.866299   586.554428  1804.479585     2.341208   145.725090    72.482488    73.242602    67.639494    68.434970     0.010332   288.812073   283.607274     5.278710     3.201840     0.025905
      2045.0     3.890463   464.010341   586.620782  1804.449956     2.326920   142.555019    70.676881    71.878138    68.234563    67.708834     0.009964   288.897868   283.794642     5.191518     2.901693    -0.496100
      2046.0     4.902922   465.082038   586.920982  1804.020661     2.322999   149.163555    73.933793    75.229778    70.243203    69.508697     0.009898   288.928078   283.796572     5.111104     4.124880    -0.305211
      2047.0     6.455242   466.081419   588.068371  1804.183366     2.136932   151.591404    75.537159    76.054254    69.844464    70.860787     0.009736   288.831207   283.657674     5.032760     3.528975     0.853617
      2048.0     8.393049   467.005189   590.111640  1805.852342     2.070502   156.811561    78.583890    78.227671    70.723769    72.996463     0.009510   288.682055   283.358831     4.957114     3.544158     0.603719
      2049.0     5.746866   467.856639   591.416130  1807.464397     2.040821   150.912517    75.169360    75.743157    69.822836    70.685690     0.009452   288.711845   283.447950     4.886459     3.179180    -0.749201
      2050.0     5.318806   468.635765   592.552965  1808.268619     1.962181   150.554344    74.624696    75.929722    69.591085    70.251281     0.009254   288.891396   283.747627     4.816874     3.236506    -0.144026
      2051.0     4.020158   469.342568   593.227465  1807.958430     1.866763   149.436824    74.386371    75.050452    70.441845    70.203533     0.008885   288.870987   283.715266     4.748130     3.508339     0.071876
      2052.0     5.442718   469.986903   594.593673  1809.057092     1.962311   152.140927    74.911847    77.229080    69.478279    70.746077     0.008650   288.959071   283.878421     4.683581     2.799562     0.169136
      2053.0     2.942297   470.575355   594.744713  1809.146313     1.929111   148.307566    73.202413    75.105188    70.092956    69.655396     0.008343   289.028175   284.010785     4.620357     3.395943    -0.526781
      2054.0     4.052380   471.104632   595.067931  1809.606423     1.944871   145.897376    72.654549    73.242832    68.364165    69.162508     0.008790   288.869242   283.649851     4.572541     3.168817     0.338233
      2055.0     4.279423   471.574738   595.498440  1810.036747     2.042298   148.245876    73.665067    74.580809    69.133352    69.694800     0.010303   288.997892   283.826963     4.553081     3.539757     0.131124
      2056.0     3.233918   471.985670   596.153747  1810.272847     1.848378   150.541159    74.172033    76.369126    70.312747    70.126898     0.010497   289.038724   283.897720     4.513224     3.389828    -0.421949
      2057.0     4.763921   472.340714   597.039970  1811.020820     1.742853   151.603578    75.645516    75.958074    69.938526    71.136092     0.014713   289.006020   283.856311     4.561293     3.623190     0.449593
      2058.0     3.525421   472.643158   598.061837  1811.962660     1.940168   150.143601    74.440633    75.702979    70.131993    70.200631     0.025061   289.136617   283.991877     4.768374     3.218124    -0.873202
      2059.0     1.378044   472.886428   598.756626  1810.413474     1.719140   151.723768    74.790128    76.933676    72.168851    70.656934     0.033028   289.342061   284.415571     4.976062     3.438369     0.037269
      2060.0     4.129771   473.070523   599.675548  1810.254146     1.640153   154.463774    77.182053    77.281834    71.533892    72.130236     0.039859   289.115791   284.048627     5.195900     4.132782     0.755671
      2061.0     5.131341   473.202017   601.590421  1811.654663     1.568293   156.909452    78.167582    78.741926    71.269977    72.865160     0.030132   288.976346   283.856951     5.078835     3.387492     0.194666
      2062.0     3.200708   473.284203   602.479630  1812.866504     1.677416   152.279322    75.190843    77.088480    70.305746    71.289632     0.024822   288.941391   283.746465     4.992674     3.012002    -0.227955
      2063.0     1.853710   473.323652   602.796132  1813.422367     1.511479   148.917103    73.475529    75.441577    69.804792    69.843380     0.022985   289.094594   284.011439     4.948631     3.315644    -0.517274
      2064.0     2.202914   473.323652   603.140568  1813.356108     1.187290   152.971711    75.864763    77.106998    71.141596    71.476628     0.022562   289.018361   284.078356     4.922513     4.043648     0.401291
      2065.0     5.377123   473.280914   604.520405  1814.886000     1.535331   157.325045    78.454880    78.870253    70.839107    73.145396     0.024401   288.720345   283.434751     4.942864     3.929559     0.776397
      2066.0     2.369836   473.195439   605.150350  1816.686620     1.532291   150.216409    74.200127    76.016321    69.581652    70.515876     0.024486   289.003937   283.811396     4.942166     3.054267    -0.866397
      2067.0     0.278941   473.070518   605.093190  1816.457354     1.390097   148.349934    72.851938    75.498119    70.069261    69.474616     0.024262   289.215090   284.190715     4.933433     3.434359    -0.365379
      2068.0     2.098118   472.902853   605.363024  1816.251576     1.404003   153.750260    76.106577    77.643683    71.311043    71.600574     0.025200   289.109701   283.960584     4.947984     4.236170     0.495309
      2069.0     1.670456   472.689170   605.645552  1817.157523     1.534788   149.883977    74.388050    75.495996    70.134510    70.608606     0.026227   289.173233   283.994352     4.968904     3.496847    -0.431851
      2070.0    -0.182424   472.432747   605.871189  1816.100447     1.468025   152.032199    74.865299    77.166932    72.226603    71.082331     0.025744   289.274134   284.199473     4.959310     3.557299    -0.087195
      2071.0     2.530147   472.133589   606.414989  1816.170777     1.369112   155.626493    77.155601    78.470992    71.524725    72.390643     0.020976   289.187032   284.099955     4.843392     4.221059     0.795587
      2072.0     1.695038   471.778543   606.776504  1817.593843     1.368651   150.834774    74.980479    75.854427    70.128357    71.217963     0.018916   289.102041   284.103938     4.757390     3.400870    -0.333460
      2073.0     1.662186   471.361036   607.017878  1818.373681     1.471282   148.958028    74.317226    74.640806    69.562611    70.316581     0.021181   289.090251   283.983040     4.759097     3.759266    -0.025869
      2074.0    -0.469631   470.881080   607.031675  1818.226142     1.126694   148.989286    73.953087    75.036242    70.702625    70.205325     0.026518   289.305669   284.455276     4.841701     3.733923    -0.349761
      2075.0     1.055231   470.338637   607.440625  1818.490294     1.164774   152.484031    75.753352    76.730741    70.762842    71.248953     0.029744   289.255379   284.299904     4.907591     4.095386     0.221959
      2076.0     0.518853   469.737035   607.691550  1818.730242     1.019358   152.779072    75.874484    76.904588    71.107999    71.744326     0.025715   289.116234   284.032784     4.831316     3.879232     0.396379
      2077.0     0.964580   469.072966   607.961994  1819.784981     1.019114   153.399949    76.385139    77.014809    71.001868    71.981138     0.029084   289.116521   284.000435     4.890538     4.133558    -0.075468
      2078.0    -0.935412   468.346442   608.004412  1820.226244     1.095534   148.763597    73.911928    74.851669    70.396401    70.359962     0.043109   289.195211   284.083178     5.204675     3.509547    -0.477702
      2079.0    -1.805006   467.560739   607.469487  1819.554406     1.081393   148.941581    73.695973    75.245608    70.894005    69.955488     0.062167   289.325063   284.422366     5.704809     4.275409    -0.266679
      2080.0    -1.087273   466.715863   607.231402  1819.161729     0.974899   150.624986    74.978200    75.646786    71.048489    70.930969     0.078426   289.245326   284.260330     6.236659     4.285317     0.275156
      2081.0    -0.986601   465.818389   607.174589  1819.500797     0.992926   152.735200    75.385900    77.349300    71.251990    71.286394     0.072109   289.383987   284.411786     6.343152     4.156318    -0.304663
      2082.0    -2.240153   464.878177   606.624687  1818.771972     1.082490   148.623966    73.210942    75.413024    70.402852    69.737426     0.082557   289.464488   284.527997     6.760361     4.023418     0.063398
      2083.0    -0.830969   463.901799   606.149993  1818.813322     0.779123   152.579890    75.761791    76.818099    70.925469    71.644792     0.097831   289.332169   284.339310     7.323047     4.591694     0.677973
      2084.0    -0.587019   462.899130   605.917640  1819.698690     1.109897   150.305825    75.077382    75.228456    70.349380    71.103920     0.107386   289.205811   284.144933     7.817060     4.205803    -0.130828
      2085.0    -1.280588   461.870159   605.378347  1820.451126     1.009620   148.538096    73.542601    74.995522    69.356992    70.209571     0.108569   289.257195   284.259153     8.147351     3.872294     0.100143
      2086.0    -2.165413   460.811601   604.599621  1820.604301     0.826419   150.833739    74.449276    76.384464    70.774876    70.466672     0.083150   289.295512   284.273758     7.864656     4.761329    -0.461379
      2087.0    -0.414774   459.723461   604.680622  1820.714718     0.636182   156.996515    78.299145    78.697370    72.566728    73.324332     0.075066   289.156545   284.084394     7.796095     4.893812     0.647188
      2088.0    -0.924510   458.602434   604.791156  1821.890454     0.698475   151.118971    75.548710    75.570279    70.347548    71.545065     0.076628   289.030141   283.800252     7.885773     3.893092     0.021781
      2089.0    -1.539401   457.451825   604.454868  1822.510417     0.623271   151.124646    75.293291    75.831389    70.562474    70.820963     0.081648   289.217229   284.131004     8.057585     4.808583    -0.361475
      2090.0    -2.080031   456.274907   604.137728  1823.139574     0.433591   150.206316    74.819136    75.387180    70.309383    71.072077     0.082799   289.142334   284.172457     8.165552     4.064199     0.133537
      2091.0    -2.077916   455.075000   603.127488  1824.108682     0.536239   146.519607    72.929512    73.590095    68.602149    69.630621     0.059343   289.143857   284.018845     7.734118     4.309131     0.059364
      2092.0    -3.614410   453.871786   602.333506  1823.952419     0.525679   147.400528    73.063583    74.337019    70.259324    69.413334     0.047396   289.318179   284.307368     7.422265     4.444157    -0.689727
      2093.0    -3.923918   452.688310   601.477113  1822.615174     0.436558   149.798389    74.255650    75.542739    71.582035    70.330457     0.043042   289.291890   284.356311     7.221120     4.781586     0.085667
      2094.0    -0.970838   451.531129   601.287150  1823.035633     0.424011   150.688875    75.625531    75.063345    70.038661    71.102970     0.042679   289.215477   284.205381     7.099393     4.712522     0.643850
      2095.0    -1.956734   450.396960   601.292704  1823.840940     0.353378   151.841704    75.912173    75.929535    71.220771    71.358408     0.041918   289.193220   284.192373     6.980808     4.548207    -0.667669
      2096.0    -1.367177   449.282525   601.444112  1824.370216     0.236936   152.716931    76.430681    76.286250    71.023132    71.876895     0.031351   289.069954   283.984400     6.646598     4.402377     0.324487
      2097.0    -0.663265   448.187793   601.121078  1824.985269     0.189811   151.373133    76.237288    75.135845    70.143301    71.686583     0.025509   288.995783   283.847860     6.369139     4.873739     0.928229
      2098.0    -0.551470   447.109509   601.281245  1826.778843     0.589629   149.480899    74.593311    74.887592    69.120230    70.360949     0.022566   289.044985   283.882640     6.141458     4.072192    -0.552855
      2099.0    -2.557660   446.047665   600.832409  1827.095831     0.543329   147.019446    73.060953    73.958493    69.513381    69.578468     0.020771   289.232162   284.198324     5.942047     3.931320    -0.251901
      2100.0    -3.770248   445.002260   599.823299  1826.764437     0.358798   147.223485    73.261720    73.961768    70.833245    69.692058     0.019281   289.231466   284.210050     5.758348     4.578770    -0.809792