        time     emission          CO2         cveg        csoil        fgco2         fgpp         fnpp           ra          frh     fvegsoil         fluc          tas     tas_land        cprod     fcvegout    fcsoilout
        1850    -2.352348   284.316986   512.210035  1507.751707    -0.035546   120.714717    59.968537    60.746181    62.505122    61.054082     0.037839   286.820902   281.013316            0     0.247125     0.694622
        1851     0.402213   284.450989   511.667203  1506.982542    -0.080525    121.61605    61.178611    60.437439    60.941993    61.117391      0.03918   286.565072   280.540851            0     0.604052     0.944563
        1852     1.068447   284.597992   511.914208  1507.589874     0.205487   122.612246    61.748878    60.863368     61.15977    61.680303     0.039128   286.636745   280.645283            0     -0.17843    -0.086798
        1853    -1.832434   284.730988   510.260503  1508.240971     0.084494    119.49553    59.196675    60.298855    61.357606    61.324434     0.039154   286.792308   280.878902            0    -0.474054    -0.684269
        1854    -0.456783   284.846008   508.828524  1507.780325    -0.056389   121.274232    61.214244    60.059989    61.820294    60.820188     0.039229   286.652064   280.506152            0     1.826034    -0.539461
        1855     0.088772    284.94101   508.828538  1507.985599     0.017768   120.785981    60.714636    60.071345    60.806721    60.896166     0.039175   286.602257   280.450347            0    -0.181543    -0.115829
        1856     0.737279   285.049011   508.452743  1508.347203    -0.041193   122.421395    61.853552    60.567843    61.265908    61.560965     0.039114    286.64956   280.515755            0     0.668382    -0.066547
        1857    -0.580012    285.20401   507.522626  1509.253445    -0.035282   119.288035    59.608183    59.679852    60.443915    61.125424        0.039   286.642191   280.416239            0    -0.587124    -0.224733
        1858    -0.034152   285.368988   506.339296  1509.407242    -0.005554   121.482741    61.254615    60.228126    61.595518    61.062419     0.038943   286.619559   280.468634            0     1.375527    -0.686896
        1859    -0.161796   285.545013   506.419761  1509.208828      0.05429   122.455303    61.609018    60.846285    62.160904     61.45039     0.038969   286.747883   280.918739            0     0.078163      -0.5121
        1860    -0.333629   285.739014    506.14039  1508.743396     0.048193   121.902381    61.201735    60.700646    61.968664    61.293781     0.027932   286.709655   280.726724            0     0.187324     -0.20945
        1861     0.105519   285.933014   505.807153  1508.151922    -0.013282   122.263333    61.746833      60.5165      62.0136    61.330789      0.02747   286.673826   280.783764            0     0.749282    -0.091338
        1862     2.561173   286.100006   506.782629  1508.351038     0.146864   124.309665    63.435649    60.874015    61.349335    61.852667     0.027542   286.523484   280.557363            0     0.607506     0.304217
        1863     0.534635   286.270996   507.805612  1508.537606     0.081747    123.00951    61.988656    61.020855    61.872315    61.893346     0.027501   286.663795   280.718696            0    -0.927673    -0.165537
        1864     -0.11342   286.441986   507.325864  1508.686612     0.023184   121.926632    61.597092    60.329541     62.07017    61.307891     0.027573   286.650799   280.622528            0     0.768948    -0.911285
        1865     2.123082   286.614014   508.338181  1508.566281     0.068417   124.258359     63.16411     61.09425    61.448112    61.957182     0.027589   286.527136   280.378104            0      0.19461     0.629402
        1866     0.301223   286.781006   508.462119  1509.142597      0.17047   123.359982    62.184064    61.175917    62.381226    62.075236     0.027621   286.767223   280.874843            0    -0.015109    -0.882307
        1867    -0.930657   286.954987    507.91052  1508.566493     0.106908   122.336352    61.270023    61.066329    62.650308    61.827845     0.027695   286.910443   281.016496            0    -0.006224    -0.246359
        1868     0.495078   287.105011   507.725282  1507.828171     0.094262   123.443219    62.393849     61.04937    62.284772     61.52388     0.027671   286.761016   280.751903            0     1.055208    -0.022571
        1869     1.998476   287.225006   508.894378  1507.690184     0.112783   125.476679     64.02166    61.455019    62.363774    62.220483      0.02767   286.723714   280.661754            0      0.63208    -0.005303
        1870     1.358335   287.355011   510.076856  1508.118934       0.1364   124.641185    63.086173    61.555012    62.090944    62.507382     0.050082   286.778881   280.781317            0    -0.603687    -0.012312
        1871     0.688845   287.493988   509.743453  1508.662406     0.132746   122.993845    62.268745      60.7251    61.957611    61.893032     0.050926   286.703464   280.610308            0     0.709115    -0.608052
        1872     1.934443   287.664001   510.608203  1508.659057     0.117706   125.251482     63.99397    61.257512    62.488093    62.184328     0.051108   286.684791   280.609475            0     0.944893    -0.300416
        1873     1.003983   287.859985   511.163098  1509.197294     0.119365    124.42548    63.146828    61.278653    62.628331    62.571398      0.05114   286.729683   280.657662            0     0.020534     -0.59517
        1874     1.618431   288.061005    511.79265  1509.232745     0.179447   125.750709    64.245654    61.505055    63.183225    62.847101     0.051427   286.652788   280.610833            0        0.769    -0.371575
        1875     2.265437   288.290985   513.057232  1509.601543     0.232421   126.664721    64.455462     62.20926    62.860451    63.693525     0.051638   286.776402    280.84489            0    -0.502646     0.464276
        1876    -0.729548   288.519989   511.733384  1510.502529     0.212558   123.133222    61.789058    61.344165    63.167097    63.115639     0.051631   286.841522   280.898588            0    -0.002734    -0.952443
        1877     1.123015   288.752014   511.339989  1510.475956     0.162298   125.655958    63.939458    61.716501    63.421133    62.982562     0.051603   286.794699   280.900718            0     1.350291    -0.411998
        1878     0.442967   288.993011     511.0291  1511.169453     0.287451   123.544826    62.420578    61.124247    62.726668    63.059458     0.051493   286.826873   280.928185            0    -0.327991    -0.360707
        1879     0.502182   289.221008   510.578812  1510.985053      0.26873   124.080817    63.026082    61.054735    63.226531    62.454824     0.051518   286.791498   280.744051            0     1.021547    -0.587307
        1880     0.277565   289.470001   510.752013  1510.511074     0.310975   124.825738    63.323023    61.502715    63.843923    62.930091     0.042631   286.856371   280.938593            0      0.21973    -0.439853
        1881     0.499422      289.737   510.534266   1510.30967     0.262304   125.189079    63.584282    61.604798    63.873174    63.301298     0.042445   286.839902    281.00103            0     0.500731    -0.370472
        1882     2.177368   290.019012   511.535389  1510.106843     0.389059   126.477179    64.480758    61.996421    63.250493    63.463645     0.042378   286.735588   280.634226            0      0.01599     0.415979
        1883     -0.40392      290.263   510.509572  1510.561961     0.402773   122.984571    61.854702    61.129869    63.138647    63.154171     0.042213   286.898439    281.01705            0    -0.273652    -0.439594
        1884     1.546564   290.511993   509.284971  1511.568715     0.590831   122.990163    62.743685    60.246478    62.275805     62.90125     0.042268   286.499359   280.318662            0     1.067036     -0.38131
        1885     1.170117   290.796997    509.16223   1511.91989     0.458251   124.110845    63.355101    60.755744     63.20771    62.991772     0.042315   286.587142   280.583206            0      0.48607    -0.567112
        1886     2.101284   291.100006   509.643854  1511.733518     0.333457   125.772019    64.683028    61.088991    63.518008    63.138653     0.042318   286.481598   280.353324            0     1.062751    -0.192983
        1887     1.601749   291.414001    510.79008  1511.948073      0.23917   125.372242    63.844175    61.528067    63.107702     63.34185     0.042409   286.628648   280.634447            0    -0.643901     0.019593
        1888    -0.770138      291.763   509.737065  1512.421686     0.240421   123.625794    62.148863    61.476931    63.860065    63.573195     0.042397   286.849085   280.934046            0    -0.371317    -0.760483
        1889     0.875145   292.113007   508.818273  1511.897019     0.181507   125.972056    64.513741    61.458315    64.522936    63.552802     0.042351   286.832323   280.933893            0     1.879731    -0.445467
        1890     1.173619   292.458008   509.371922   1511.84787     0.331881    125.37066    63.832992    61.537667    63.680335    63.895569     0.045448   286.753882   280.774925            0    -0.616227     0.264384
        1891     1.984937    292.81601   509.160795  1512.224256     0.443517   125.174119     64.29779    60.876329    63.473008    63.562097     0.045569   286.570263   280.429725            0     0.946821    -0.287298
        1892     1.907958   293.166992   509.864265  1512.583339     0.372716   126.626887    65.092642    61.534245    64.258947    63.785835     0.045717   286.767182   280.864636            0     0.603337    -0.832195
        1893     1.614422    293.47699   510.211053  1512.795921     0.297245    125.69049    64.398001    61.292489    63.695136    63.861017     0.045692    286.68268   280.589535            0     0.190196      -0.0467
        1894     1.619638   293.790985    510.68216  1513.140098     0.353726   126.773457     64.76197    62.011487    64.118922    64.657076     0.045653   286.768675   280.719533            0    -0.366213     0.193976
        1895     0.163218    294.07901   510.004166  1513.508201     0.365923   126.196935     64.35889    61.838044    65.129156    64.108044     0.045662   286.907321   280.862011            0      0.92884    -1.389214
        1896     1.993091    294.36499   510.610915  1512.833986     0.405909   128.066019    65.814131    62.251888    64.790083    64.307654     0.045736   286.823265   280.853929            0     0.899728     0.191787
        1897      0.79524   294.645996   510.694577  1513.361595     0.260649   126.267888      64.3145    61.953389    64.332516    64.368407     0.045671   286.877535   280.912488            0     -0.13757    -0.491718
        1898     2.039556    294.95401   511.185485  1513.487776     0.399364   127.594506    65.533669    62.060837    64.503568    64.597208     0.045689   286.784334   280.780064            0     0.445553    -0.032541
        1899     1.064611   295.299988   511.362949   1513.45288     0.482021   127.191363    65.176786    62.014577     65.28502    64.814391     0.045784   286.847254   280.858759            0     0.184931    -0.435732
        1900     0.692788   295.674988   511.185871  1513.409151     0.345204   126.068824    64.241578    61.827246    64.636403    64.063376     0.055989   286.874766   280.929062            0     0.355279    -0.529298
        1901     1.641205   296.006989   511.260037  1513.403148     0.289706   127.946516    65.807805     62.13871    65.106789    64.792838     0.056368   286.827379   280.910138            0     0.940801    -0.307948
        1902     0.561602   296.325012   511.282933  1513.632483     0.329794   126.043566     64.47051    61.573055    64.859484    64.599682     0.056309   286.833076    280.87264            0    -0.152068    -0.489137
        1903    -0.281633   296.653992   510.309573  1513.801738     0.443163   124.605289    63.144601    61.460688    64.513594     64.48197      0.05622   286.687355   280.600421            0     -0.36401    -0.200879
        1904     1.358774    296.95401   509.185364  1513.924173     0.444355   126.116479    64.792671    61.323809    64.460718    64.156443     0.056291   286.620399   280.538775            0     1.760437    -0.426709
        1905     2.078734   297.289001   509.519258  1514.513785     0.484897    126.93076     65.44501    61.485749    64.508125    64.795966     0.056265   286.578586   280.405012            0      0.31515    -0.301771
        1906     1.467289   297.661987   509.377855  1514.840318     0.494898   126.765244    65.265438    61.499806    65.030773    64.689158     0.056383   286.676669   280.641792            0     0.717682    -0.668148
        1907     1.714486   298.097992   509.739127  1514.844806     0.561086   126.876278     65.20357    61.672707     64.92205    64.766241     0.056401   286.746121   280.679156            0     0.076057    -0.160298
        1908     1.005326   298.518005   509.236047  1514.963332     0.628981   126.477659    64.859745    61.617914    65.321411    64.587465     0.056224   286.785945   280.756127            0      0.77536    -0.852471
        1909     1.061409   298.936005   509.638174  1514.898778     0.473765   127.328391    65.287679    62.040712    65.533852    65.172348     0.056129   286.824953   280.825176            0    -0.286796    -0.296949
        1910    -0.353241   299.376984   508.505648  1514.594232     0.446456   126.205436    64.018409    62.187027    65.714453    65.215702     0.042523   286.940372   281.027654            0    -0.064767    -0.194206
        1911    -0.472884   299.828979   507.096005  1513.947011       0.5139   125.887382    64.375363    61.512019    66.282475    64.890332     0.041999    286.93558   280.957531            0     0.894674    -0.744922
        1912    -0.676316   300.352997   505.538953  1513.487887     0.504333   124.034186    63.044589    60.989597    65.299005    64.839225     0.041896   286.862551   280.877063            0    -0.237584    -0.000656
        1913      3.67187   300.910004   505.581461  1513.000631     0.582578   129.481103    67.576216    61.904887    65.630897    64.806096     0.041928   286.597942    280.60054            0     2.727612    -0.337545
        1914     3.420302   301.418976   507.319914  1513.753651     0.581252   128.106173    66.566406    61.539767    64.769082    65.585386     0.041907   286.522816   280.344755            0    -0.757433     0.063285
        1915     2.522398   301.936981   507.864746  1514.170973     0.538792   128.948163    66.756826    62.191338    65.834176    65.694844     0.041908   286.666172   280.633349            0     0.517149    -0.556655
        1916     1.166964   302.484985   507.872178   1514.30605     0.586844   127.794704    65.578552    62.216153    66.123157    65.831846      0.04201   286.773759   280.842861            0    -0.260726    -0.426388
        1917     0.842238   303.010986   507.895423   1513.61849     0.567368   128.822215    66.242072    62.580143    67.045051    66.008776     0.042038   286.891949   280.907996            0      0.21005    -0.348716
        1918     1.027868   303.448975   507.328196  1513.261942     0.490298   128.109516    65.945051    62.164466    66.297949    65.661965     0.042036   286.880142   280.939971            0     0.850313    -0.279436
        1919     1.949736   303.813995   508.088514  1512.773728     0.516367    130.10863    67.489646    62.618984    66.791377    66.030112     0.042051    286.86238   281.088493            0     0.699217    -0.273051
        1920     1.991439   304.246002   509.135419  1512.490508     0.489492   130.348232    67.517301    62.830931    66.878651    66.258518     0.056471   286.798289     280.8616            0     0.211878    -0.336913
        1921     1.933858   304.599976   509.512746  1512.509375     0.599269    129.60196    67.078359    62.523601    66.440335    66.143671     0.057065   286.824259   280.974094            0      0.55736    -0.315531
        1922     2.168944   304.944977   510.002243  1512.774719     0.605356   130.019785    67.537594    62.482191    66.651395    66.758299      0.05714   286.749643   280.788728            0     0.289799    -0.158439
        1923     1.123003   305.270996   509.839092  1513.564399     0.576311    128.06031     65.77245     62.28786     65.86281    66.356602     0.057064   286.829801   280.719102            0    -0.421001    -0.295889
        1924    -2.529348   305.629974   507.378741  1513.562494     0.452673   126.952202    64.676557    62.275645    68.365731    66.490154     0.057134   287.028251    281.11443            0     0.646754    -1.873672
        1925     0.286927   305.812988   506.867822  1512.204173     0.438061   129.928375    67.358258    62.570117    67.841981    66.665948     0.057058    287.07476   281.275519            0     1.203229     0.182288
        1926     2.270269   305.953979   507.633423  1511.796408      0.42667   132.254595    69.074461    63.180134    67.473987    66.925877     0.057055   286.880449   280.980578            0     1.382983    -0.140345
        1927     2.400115   306.176971   509.045551  1512.163387      0.45602   131.899066    68.964054    62.935013    67.437645    67.288349     0.057077   286.831224   280.933199            0     0.263576    -0.516274
        1928     1.011274   306.328979   509.949376  1512.537156     0.519906   129.586525    66.755664    62.830862    66.530929    67.525168     0.057001   286.848139   280.800204            0    -1.673329     0.620469
        1929    -0.081886   306.494995   508.244483  1512.840785     0.517413   129.419284    66.976987    62.442296    67.872927    66.642312     0.056817   286.905161   281.011021            0     2.039569    -1.534243
        1930    -0.121327   306.619995   508.076912  1512.724756     0.473097   129.922715    67.060337    62.862378    67.860923    66.990959      0.05997   286.925903   280.956563            0     0.236949    -0.753936
        1931     0.352133   306.821991   507.991171  1511.983112     0.357066   131.307072    68.301725    63.005347      68.6765    67.385775      0.06022   286.863666   280.832252            0     1.001691    -0.549082
        1932      2.06223   307.092987   508.530925  1511.824818      0.46189   130.490879    67.751197    62.739683    66.667594     67.10834      0.06023   286.811241   280.763277            0     0.103102      0.59904
        1933     0.478801   307.401978   508.168562  1512.019418     0.418889   130.397533    67.683301    62.714233    68.221078      67.2013     0.060171   286.878436   280.845409            0     0.844363    -1.214378
        1934     1.331588   307.784973   508.825742  1511.648005     0.370923   131.419343    68.266757    63.152586    68.061347    67.687674     0.060166    286.89356   280.898615            0    -0.078096     -0.00226
        1935     0.966333    308.22699   508.405409  1511.731205     0.361338   131.429733    68.359804    63.069929    68.635919    68.012001      0.05997   286.860639   280.898598            0     0.768136    -0.707118
        1936     3.942925   309.011993   509.479801    1511.3044     0.519323   133.871914    70.504376    63.367538    68.692072    67.971085     0.060023   286.820293    280.83653            0     1.458899    -0.294182
        1937     3.752103   309.763977   510.969168  1511.757942     0.680095   132.833768    69.535639     63.29813    68.004647    68.482498     0.060002   286.925374   281.051335            0    -0.436226     0.024308
        1938     2.432109   310.293976   511.276676    1512.4891     0.678566   132.720695     69.21362    63.507075    68.528562    68.890785     0.059916   286.984195   281.115021            0     0.015327    -0.368935
        1939     0.150184   310.850983   510.218366  1512.614264     0.634843   130.940586    67.829945    63.110641    69.440714    68.331875     0.059792   286.962057   280.870065            0     0.556379    -1.234003
        1940    -0.310619   311.356964   509.204786  1512.062857     0.646152   130.371895    67.118274    63.253621    69.088063    68.425698     0.064247   287.090426   281.186964            0    -0.293844    -0.110957
        1941     0.725013   311.810974   507.673071  1511.460509     0.769767   132.088156    68.853282    63.234874    69.800224    68.443817     0.064427   287.101778   281.346754            0      1.94118     -0.75406
        1942     1.988115   312.171967   507.939936  1511.238563     0.766176    131.28168    68.686874    62.594806    68.169158     68.12683     0.064351   286.872117   280.887668            0      0.29318     0.179618
        1943     0.740407   312.389984   508.072526  1511.455257     0.808499   131.566624    68.450204     63.11642    68.918162    68.426746     0.064308   286.956943   280.982952            0    -0.109132     -0.70811
        1944    -1.251686   312.412964   506.243933  1511.461649     0.670932   130.402163    67.570212    62.831951    69.477332    68.399935     0.064423   287.007894    281.11537            0      0.99887    -1.083789
        1945     1.046663   312.384979   506.186934  1510.868297     0.703595   131.911394    69.020996    62.890398    68.553955    68.426811     0.064391   286.950069   280.980308            0     0.651184     0.466207
        1946    -1.840946   312.389984   504.894917  1511.233676     0.609094   129.687232    67.003149    62.684083    69.399647    68.208103     0.064197   287.024785   281.166583            0     0.087065    -1.556923
        1947    -0.515922   312.485962   504.167978  1510.020786     0.677348    130.90088    68.189056    62.711824    69.522541    68.070793     0.064127   286.976105   281.037833            0     0.845202    -0.238859
        1948    -1.258839   312.520966   503.566254  1509.336159     0.680827   131.390662    68.258648    63.132014    70.208606     68.72651     0.064233   287.112779   281.260688            0     0.133862    -0.797468
        1949     -2.29368   312.631958   501.730953   1508.04028     0.558144   130.321982     67.57405    62.747932    70.598084    68.371512     0.064101   287.234566   281.343133            0     1.037839    -0.930693
        1950     1.176035   312.820984   501.494876  1506.918411     0.661956   133.266253    69.991431    63.274822     69.78526    69.165131      0.09454   287.171369   281.357897            0     1.062378      0.50174
        1951    -0.602147   313.013977   501.265957  1506.921894     0.647974   131.148344    68.074248    63.074095    69.639775    68.937356     0.095489   287.077723    281.13418            0    -0.634188    -0.705901
        1952     0.095563    313.34198   499.165912  1506.635552     0.477801   132.330335     69.32789    63.002445    70.313019    69.203998     0.095446   287.057103   281.248509            0     2.223937     -0.82268
        1953     2.895609    313.72998   500.150291  1506.447228      0.64525   135.011767    71.512702    63.499065    69.993008    69.724032     0.095412   286.871227   280.986344            0     0.804291    -0.080653
        1954     2.066154   314.094971   500.359195  1507.276936     0.720137   134.010639    70.876957    63.133683     70.21257    70.124865     0.095455   286.873136   281.004156            0     0.543187    -0.917411
        1955     0.373937   314.414978   500.103631  1507.570887     0.635205   132.742849    69.638396    63.104453    70.485555    69.754793     0.095424   286.924848   281.020557            0     0.139166    -1.024713
        1956    -0.365627   314.697968   498.618175    1507.2844     0.619553   132.232492    69.254701    62.977791    70.747189    69.596665     0.095193   286.903584   280.853013            0     1.143493    -0.864037
        1957     -0.77844   314.991974   497.029329  1507.069044     0.510195   131.238842    68.658139    62.580703    70.477859    69.755836     0.094871   286.910714   280.795926            0      0.49115    -0.506668
        1958     2.089925   315.344971   496.618939  1506.885473     0.541438   135.865144    72.044997    63.820147    71.153509    70.290934     0.094553   286.952058   280.963493            0     2.164453    -0.679004
        1959     1.327636   315.806976   497.332291  1506.960839     0.648087   134.198854     70.86875    63.330104    71.078574     70.64137     0.094265   287.080784   281.139015            0    -0.485971     -0.51257
        1960    -0.369166   316.624969   495.833258   1506.80817     0.694994   131.465033    68.670836    62.794196    71.423678    69.979467     0.052875   287.139403   281.101386            0     0.190402    -1.291542
        1961    -0.196675    317.29895    494.32315  1505.422879     0.777351   132.685692    69.667521    63.018171     72.02542     69.89068     0.051073    287.25737   281.427805            0     1.286949    -0.749449
        1962     3.477987   318.043976    494.99116  1503.703385      0.74605   137.158111    73.298013    63.860098     72.10102    70.720401     0.051261   286.987798   281.067382            0     1.909603     0.338874
        1963     4.139831   318.649963   497.116199  1503.655487     0.953008   136.021373     72.59888    63.422493    70.650857    70.775626     0.051385   286.785312   280.713893            0    -0.301785     0.172666
        1964     1.976683   319.332947   497.066261  1504.604961     1.050882   132.798952     69.88587    62.913082    70.362687    70.808569     0.051495    286.75188   280.582721            0     -0.87276    -0.503592
        1965    -0.519948   319.815948   495.050782  1504.805213     0.938193   130.930101    68.493069    62.437032     70.92825    70.487769     0.051299    287.01269   281.168258            0     0.020778    -0.640733
        1966     0.748874   320.879974   493.141072  1503.984688     0.917484   133.173186    70.290235    62.882951    72.672955    70.651313     0.051265    287.07446   281.234766            0     1.548633    -1.201117
        1967     1.577823    321.47995   492.812641   1503.13574     0.921421    133.42101    70.842179    62.578831    71.412124    70.442828     0.051038   286.920948   281.044961            0     0.727781    -0.120347
        1968     3.167693   322.388947   493.629653  1502.208131     0.931396   135.897445    72.352106     63.54534    72.000191     71.09883     0.050927   286.988795   281.090366            0     0.436263     0.026248
        1969      3.14159   323.250946   494.381463  1501.492102     1.071871   136.460049    72.785344    63.674705    72.499919    70.924892     0.050954    286.95896   281.098834            0     1.108643    -0.858999
        1970     4.264788   324.782959   495.383944  1500.874582     1.160997   134.745116    71.574368    63.170748    71.693717    70.761638     0.038609   286.867553   280.825571            0    -0.189751    -0.314559
        1971     2.873172   325.399963   496.219951  1500.028099     1.030543   136.094565    72.627471    63.467093    72.060306    71.068827     0.038177    286.84336    280.74267            0     0.722638    -0.144997
        1972     5.822726   327.348969   497.288372  1499.796492     1.268101    136.14399    72.317459    63.826531     71.87416    71.765216     0.038224   286.864873   280.855769            0    -0.516178     0.122663
        1973     4.862368   329.908966   496.533316  1499.441402     1.448398   134.806636    70.818729    63.987907    72.816995    71.982804     0.038155   287.100924   281.204842            0    -0.409018      -0.4791
        1974     0.946146   330.755951   494.843611  1498.465674     1.287051   134.775017    70.956911    63.818106    73.062879     71.91873      0.03822   287.228371   281.413573            0     0.727885    -0.168421
        1975     1.167707   330.826965   494.354589   1497.71855     1.149517   136.158588    72.630532    63.528056    72.725395    71.483284     0.038139   287.180165   281.311325            0     1.636269    -0.494987
        1976     2.471907   331.544952   495.363834  1497.147568     1.291759   136.234557    72.316737    63.917821    72.627072    71.753902     0.038154   287.122212   281.107409            0     -0.44641    -0.302188
        1977     3.325089   333.352936   495.037775  1496.622982      1.23361   135.456283     71.49998    63.956303    73.219674     72.20476     0.038133   287.302122   281.487339            0     -0.37872    -0.490328
        1978     3.832474   335.009949   494.823801  1494.594856     1.197987   138.626165     74.10656    64.519605     74.96182    71.652058     0.038135   287.357938   281.600798            0     2.668476    -1.281635
        1979     7.179204    336.60495   497.633008  1492.940258     1.378768   140.052639    75.257449     64.79519    72.814507    72.225317      0.03836   287.085902   281.134675            0     0.222925     1.065408
        1980      6.71956   338.704956   499.607232  1493.367097     1.538495   139.124686      74.1343    64.990386    73.360832    73.450305     0.063443   287.182993   281.232854            0    -1.290228    -0.337366
        1981     4.172556    340.05896   499.700132  1492.862539     1.523666   139.755702    74.608938    65.146764    74.778194     72.97494     0.064612   287.246753   281.308159            0     1.541099    -1.298697
        1982     0.821746   340.643951    499.82798   1491.79633     1.463077   137.171476    72.112534    65.058942    73.934558    73.267749      0.06479   287.414019   281.528866            0    -1.283063     0.399401
        1983     4.290661   342.265961   498.461326  1491.388538     1.593739   137.976377    73.679785    64.296592    74.371352    73.007716     0.064867   287.324155   281.439177            0     2.038723    -0.955845
        1984     6.676188   344.007935   499.736177  1490.564943     1.709075   142.131991     76.54722    65.584772    75.223642    73.925837     0.065231   287.264533    281.24082            0     1.346532    -0.474211
        1985     6.869274   345.458954   502.184838  1489.896822     1.628606   143.086717    77.442542    65.644175    75.225626    74.311135     0.065555   287.281657   281.413902            0     0.682747    -0.246369
        1986     6.347718   346.902954   504.345712  1490.119757     1.578477   141.514316    75.764403    65.749912    74.003729    74.470149     0.065798   287.297789   281.404368            0    -0.866619     0.243485
        1987      5.82185   348.774933   504.419396  1490.397425     1.694994   141.104847    75.547084    65.557763    75.339877    74.175862     0.065908    287.47662   281.689949            0     1.297538    -1.441683
        1988     7.134406    351.27594   505.489894  1489.765367     1.832358   141.444793    75.472492    65.972301    75.429415    74.898299     0.065826   287.483564   281.744646            0    -0.496305     0.100942
        1989     5.147215   352.893921   505.512614   1489.19468     1.735833   142.114265    76.336997    65.777268    76.304667    74.671843     0.065726   287.397646   281.510617            0     1.642433    -1.062137
        1990     5.619776   354.072937   507.318741  1488.214833     1.694474   144.080132    77.503432    66.576701     76.04825    75.313899     0.040076   287.509853   281.753432            0     0.383406     0.245496
        1991     3.812998   355.352936   508.143668  1488.130017      1.77597   140.550199    74.631913    65.918287    75.281145    74.750475     0.038935   287.537469   281.747462            0    -0.943489    -0.445854
        1992     4.354905   356.228943   507.961507  1487.645216     1.828822   141.342513    75.953335    65.389178    75.253336    74.572445     0.038988     287.3127   281.390527            0     1.563051    -0.196091
        1993     5.192068   356.924957   509.235097  1487.815946     1.787665   142.391019    77.161776    65.229244    75.200014    74.877725     0.039216   287.176591    281.17206            0     1.010461    -0.493019
        1994     5.637919   358.253967   511.377114  1487.744371     1.722507   143.256038    77.121027    66.135011      75.9958    75.512242     0.039358   287.412296   281.668194            0    -0.533232    -0.411983
        1995     7.147344   360.238953   512.637237  1487.314152      1.77609   144.407813     77.65539    66.752423    76.470795    75.844084     0.039495   287.517008   281.841148            0     0.551183    -0.196491
        1996      4.85567   362.004974   513.052105  1487.232306     1.686545   142.197317    75.762328    66.434989    76.313693    76.028314     0.039478   287.608664   281.974734            0    -0.680855    -0.203533
        1997     3.987393   363.251953   513.526278  1486.195017     1.749886   143.888107    77.151489    66.736618    77.529331     75.77722     0.039545   287.703774   281.901927            0     0.900096    -0.714823
        1998     8.174499   365.932953   514.553634  1484.926482     1.868327    146.30889    78.988713    67.320178    78.350879    76.191617     0.039673   287.799833   282.119634            0      1.76974    -0.890726
        1999      7.61253   367.844971   517.318384  1483.626731     1.932599   147.728127    79.710547     68.01758    78.061624    77.233184     0.039794   287.870012   282.197223            0    -0.287389     0.471311
        2000     5.927019   369.124969   518.648504  1483.700819     1.896614   146.013638    78.430091    67.583547    77.022604    77.224261     0.102276   287.869347   282.359188            0     -0.12429      0.12757
        2001     5.699594   370.673004   519.518744  1483.523046     1.900071    146.73718    79.033772    67.703408    78.471315    76.816922     0.058792   287.928687   282.452647            0     1.346608    -1.476621
        2002     6.593729   372.834991   520.242081  1483.527495     2.034957   146.327659    78.481102    67.846557    78.422878    77.680051     0.102455   287.923235   282.264395            0     0.077714    -0.747276
        2003     7.964953    375.41098    520.79594  1483.133159     1.955003   148.848163    80.398409    68.449754    79.718263    77.624029     0.154631   287.950725   282.440301            0     2.220521    -1.699898
        2004     6.402021      376.987   522.285736  1482.499158     1.983616    147.90033     79.81594     68.08439    78.635814    78.199332     0.117161   287.899575   282.247396            0     0.126812     0.197518
        2005     6.207037   378.907013   522.564398  1482.078357     1.997387   147.867224    79.955999    67.911225    79.748875    77.513534       0.0853   287.923817   282.408751            0     2.163804     -1.81454
        2006     9.597257    381.01001   525.485388  1481.283988     2.033887    149.74432    81.365641    68.378679    78.206082    78.433338     0.073596   287.757463   282.152987            0     0.011313     1.021625
        2007     6.718081   382.603027   527.276829  1481.827477     2.230314   148.112578    79.514716    68.597862    78.323204    78.029538     0.095377   287.808318   282.143332            0    -0.306262    -0.837155
        2008     7.623735   384.739014   527.146315  1482.323812     2.160791   149.127044    80.633573    68.493471    79.601575    78.700191     0.116698   287.936503   282.352348            0     2.063895    -1.397719
        2009     6.521784   386.280029   528.311669  1482.620876     2.168743   150.713868    81.530663    69.183204    80.192753    79.591993     0.265786   288.108507   282.545756            0     0.773316    -0.897823
        2010     3.415198   388.717041    526.60572  1482.842229      2.15724   147.198726    78.004844    69.193882    81.797347    78.637608     0.138085    288.40489   283.019624            0     1.073185    -3.381091
        2011     6.125583      390.944   525.955459  1480.373586     2.103062   150.293923    81.608575    68.685348    82.203048    78.935822     0.124337   288.256338   282.674331            0     3.323014    -0.798583
        2012     9.586377   393.015991   528.294295  1479.622968      2.42975   153.379238    83.801233    69.578005    80.889671    80.132653      0.16633   288.103367   282.525442            0     1.329744    -0.006401
        2013     8.936167   395.724976   529.912746  1479.868025     2.366897   153.534986    83.075961    70.459025    82.103822     80.76228     0.170461   288.322018   282.848821            0      0.69523    -1.586599
        2014     5.464958   397.546967   530.817508  1479.266819     2.135465   153.861039    83.311442    70.549598    83.749012    80.897564     0.112065     288.3899   283.071178            0     1.509116    -2.250243
        2015     9.954487   399.949127   533.820022  1478.468642     2.384569   156.522275    85.621473    70.900801    83.159246     81.63109          0.0   288.380658   283.055634            0     0.987869    -0.729978
        2016    12.493393   403.116974   537.205371  1477.867817       2.5633    156.61035      85.7002    70.910151    82.485584    81.987404          0.0   288.364513   282.942854            0     0.327445     0.102645
        2017    10.177519   405.750977   540.618589  1477.712455     2.503845   154.878849    83.849422    71.029427    81.762788     82.30314          0.0   288.433886   283.018296            0    -1.866936     0.695715
        2018     9.193044   408.586975    541.89161  1477.294284     2.453064   156.115709    84.987631    71.128078    84.264964    82.059733          0.0   288.528214   283.173686            0     1.654878     -1.78706
        2019     11.88984   411.404968   545.481565  1476.156936     2.543763   158.850272     87.08583    71.764442    83.718596    83.223864          0.0   288.449676    283.14809            0      0.27201     0.642615
        2020    11.400389   414.213959   549.201115  1475.744598     2.610646   158.073594    85.869845    72.203748     83.03985    83.435014          0.0   288.592755   283.211439            0    -1.284718     0.807502
        2021     9.848654   417.013977   550.572397  1475.706013     2.532492   158.045387     86.00982    72.035567    84.632435    83.080095          0.0   288.713386   283.456678            0     1.558443    -1.513754
        2022      11.5584   419.698975   554.271477   1474.99147     2.590824   160.289432    87.418397    72.871036    84.144602    84.206315          0.0   288.716473   283.397293            0    -0.486998     0.776255
        2023    10.159993   422.169952   556.814904   1474.63063     2.505205   159.945596    87.479116     72.46648    85.062454    84.012775          0.0   288.674331   283.279027            0     0.922914     -0.68884
        2024     9.567069   424.442963   559.064187  1475.474329     2.482059   157.486127    85.092013    72.394114    82.823738    84.442548          0.0   288.737056   283.408548            0    -1.599819     0.775112
        2025     8.582032   426.524963   560.390866  1475.527535     2.543985   160.784682    87.691591    73.093091    86.064627    84.726773          0.0   288.857915   283.663658            0      1.63814    -1.391061
        2026     9.947313   428.425964   563.671231  1474.598924     2.548936   162.556697    89.133837    73.422859    85.702918    85.197498          0.0   288.811913   283.509168            0     0.655973     0.423191
        2027     8.937034    430.15097   566.374974  1475.050564     2.374189   162.435301    88.987206    73.448094    86.014603    85.083841          0.0   288.830678   283.554725            0     1.199622    -1.382401
        2028     9.913144   431.705963   570.704777  1475.057961     2.375439   165.301784    90.598892    74.702892    86.288975    86.431321          0.0   288.884472   283.663389            0    -0.162232     0.134948
        2029     9.614889   433.095978   573.588946   1475.88267     2.297645   165.939564    91.602707    74.336857    87.161501    87.223875          0.0    288.84764    283.60969            0     1.494664    -0.762335
        2030     7.816808   434.323975   576.538736  1477.378619     2.380458   163.231538    88.871258    74.360281    85.965578     87.37109          0.0   288.863363   283.544646            0    -1.449623    -0.090438
        2031     4.475317   435.393982   576.456558  1477.926526     2.207701   162.870837    88.730795    74.140042    88.629512    86.867454          0.0   288.985727   283.730116            0     1.945519    -2.309965
        2032     6.798338   436.336975   578.379714  1477.487419     2.248016   163.661938     89.54725    74.114688    86.892636    86.882974          0.0   288.948223   283.718452            0     0.741121     0.429445
        2033     6.668612   437.178986   579.729152  1478.748721     2.135149   164.385198    89.987788     74.39741    87.135598    87.798471          0.0   288.939665   283.592405            0     0.839879    -0.598429
        2034     6.218085   437.916992   580.709992  1479.689277     2.094552   165.394697    91.093646     74.30105    88.431565    87.967095          0.0   289.015787    283.86728            0     2.145712    -1.405027
        2035     6.495782   438.552979   583.583044  1479.963722     2.125892   167.347767    92.657827    74.689939    89.532077    88.399511          0.0   288.870559   283.778486            0     1.385265    -1.407011
        2036     8.146612   439.083984    587.92075  1479.802069       2.0323   171.436736    95.329028    76.107708    90.263769    89.631898          0.0   288.923257   283.815019            0     1.359424    -0.470218
        2037      5.89419      439.513   591.637793  1480.974451     1.923216    168.35547    92.423332    75.932139    89.284802    90.076914          0.0   289.033179   283.870339            0    -1.370626    -0.380269
        2038     5.208568   439.836975   592.934677  1481.644271     1.789538   168.490752    93.087111    75.403641    90.276407    90.095831          0.0   289.150598   284.108434            0     1.694396    -0.850396
        2039     6.385827    440.05899    596.36929  1481.711906      1.84557   170.311637    94.353436    75.958201    90.203954    90.149277          0.0   288.964759   283.788429            0     0.769545    -0.122312
        2040     6.223366   440.178986   599.422808  1482.632279     1.854128   170.062185    94.238639    75.823547    90.042667    90.618977          0.0   288.909927   283.668489            0     0.566143    -0.344063
        2041     4.887834   440.196991   602.084285  1483.887762     1.653669   169.266891    93.036223    76.230668    89.800662    91.071441          0.0    289.10487    283.94222            0    -0.696695     0.015296
        2042     2.966139   440.138977   603.205807  1484.643411     1.578786   168.578365    92.700916    75.877449    91.151934    90.817187          0.0   289.099366   283.996437            0     0.762207    -1.090396
        2043     3.035248   440.026978   605.036883  1484.899081     1.577462    168.39543    92.504964    75.890466     90.77056      90.6743          0.0   289.143851   284.032704            0    -0.000412     -0.35193
        2044     3.880296   439.859985   606.044086  1485.791379      1.60129   166.552562    91.449514    75.103048    88.776808    90.379724          0.0   289.007521   283.718709            0     0.062588     0.710617
        2045     1.900838   439.634979   606.801225   1486.90984     1.437734   167.506334    92.068676    75.437659    91.088387      90.5385          0.0   289.226463   284.128802            0     0.773037    -1.668347
        2046     3.933285    439.35199   608.809353   1486.74185     1.462439   168.572471    92.947246    75.625226    89.824088    90.812371          0.0   289.101024    283.93376            0     0.126746     1.156273
        2047     2.290037   439.010986   610.358625  1487.839868     1.520734   167.891835    92.037698    75.854137    90.492234    90.730783          0.0   289.154129   283.875142            0    -0.242357    -0.859469
        2048     2.495078   438.610992   611.076694  1488.202218     1.211589   170.171852    94.119987    76.051864    91.934762    90.902873          0.0   289.092678   283.859726            0     2.499046    -1.394239
        2049     5.878476   438.151001   615.333819  1488.649769     1.345446   173.123405    96.592844    76.530561    91.030281    92.194887          0.0   288.958149   283.745604            0     0.140832     0.717054
        2050     3.100437   437.631989     618.3264   1489.91562     1.335307    170.40235    93.575396    76.826954    90.655352    92.256471          0.0   289.073738    283.86875            0    -1.673656     0.335268
        2051    -0.108468   437.053986   617.979657  1491.266618      1.05718   169.293119     92.64456     76.64856    92.522555    91.875096          0.0    289.22883   284.132862            0     1.116207    -1.998457
        2052     0.046009   436.445984   617.926966  1491.526161     1.101302   167.413283    91.737824     75.67546    91.441481    91.773029          0.0   289.165891   283.945266            0     0.017485     0.072005
        2053      2.28647   435.835999   618.728975  1491.950584      1.15186   169.725499    93.505396    76.220103    91.015031     91.50101          0.0   289.070096   283.777861            0     1.202378     0.061556
        2054     1.590406   435.220001   619.592059  1493.489278     1.142777   168.383772    92.601158    75.782614    90.785018    92.014158          0.0   289.090098   283.793162            0    -0.276085    -0.309553
        2055    -0.738353   434.596985   618.937838  1494.576637     1.067018    167.02201    90.929547    76.092463    91.351424    91.529322          0.0   289.178399   284.092893            0     0.054446    -0.909462
        2056    -0.679777   433.963989   617.688312  1495.200228     0.947904   166.239475    91.233611    75.005864    91.457359    91.288479          0.0   289.040567   283.747605            0     1.194658    -0.792471
        2057     3.020832   433.320984   619.821911  1494.784939     0.938582   172.530675    96.041901    76.488774    92.534832    91.763945          0.0   289.067007   283.937609            0     2.144356    -0.355598
        2058     2.214829   432.665009   621.893486  1495.855556     0.834586   170.841651    94.568905    76.272746    91.736658    92.097504          0.0   289.051894   283.819225            0     0.399826    -0.709771
        2059     1.899977   431.997009    624.17163  1496.712092     0.851812   170.116598    93.640406    76.476193    91.114952    92.572938          0.0   289.109417   283.880583            0    -1.210676     0.601449
        2060    -1.726586   431.313995   623.921461  1497.629013     0.709398   168.878362    91.980142    76.898219     92.90697    92.504771          0.0   289.237502   284.191417            0    -0.274459     -1.31912
        2061    -0.377105   430.617004   622.845546  1498.007422     0.869504   168.251877    92.417418    75.834459    92.108425    91.716033          0.0   289.175995   283.910227            0       1.7773    -0.770801
        2062     1.407509    429.90799   623.744969  1497.871115     0.729785   170.987332    94.747928    76.239405    92.488347    92.135911          0.0   289.111908    283.96662            0     1.712594    -0.216129
        2063     2.049067   429.190002   626.017601  1498.529817      0.81226   171.109706    94.996563    76.113143    92.158593    92.353893          0.0    288.97956   283.669141            0     0.370039    -0.463402
        2064     0.118817   428.463013   627.422713  1499.458325     0.730032   169.781935    92.893193    76.888742    91.883133    93.160089          0.0   289.164812   283.943713            0    -1.672009     0.348448
        2065    -3.490288   427.726013   624.953173  1500.740756     0.642165    166.66656    90.664243    76.002317     93.15532    92.675144          0.0   289.318044   284.299419            0     0.458639    -1.762607
        2066     0.202085   426.979004   624.302289  1500.112105     0.689259   171.142766    94.734019    76.408747    93.549059    92.551516          0.0    289.23104    284.14091            0     2.833388    -0.368893
        2067    -0.011326   426.221008   624.944118  1500.833311     0.657222   169.192836    93.202566    75.990269    92.175562     91.98007          0.0   289.151763   284.003912            0     0.580668    -0.916697
        2068     1.598916   425.451996   625.902067  1501.855951     0.630536   170.280095    94.331205     75.94889    91.643737    92.668026          0.0   289.049888   283.853753            0     0.705229     0.001648
        2069      0.40684   424.670013   626.816874  1502.771229     0.673844   170.964839    94.576843    76.387996    93.097209    92.814415          0.0   289.067546   283.940663            0     0.847621    -1.198071
        2070    -0.371228   423.877014   627.363943  1503.616992      0.56683   167.988556    91.940777    76.047779    91.109074    92.538863          0.0   289.045123   283.815338            0    -1.145155     0.584025
        2071    -3.017786   423.071014   625.068417  1505.158401     0.564348   166.877417    91.049666     75.82775    92.826404    92.955079          0.0   289.126826   283.954865            0     0.390114    -1.412734
        2072    -1.163671   422.253998   623.632853  1504.892032      0.54877    168.41026    93.302911    75.107349    93.186368    92.096879          0.0   289.003454   283.801505            0     2.641595     -0.82312
        2073    -1.140707   421.425018   623.610598  1506.061338     0.446552   166.582918    91.254161    75.328757    90.987186    92.712591          0.0    288.97908   283.747484            0    -1.436175       0.5561
        2074     -2.10577   420.584015   621.435311  1506.753613     0.556016   168.467839    93.181478    75.286361    93.963763      92.4707          0.0   288.944809   283.739456            0     2.886065    -2.185338
        2075    -0.312252   419.731018   622.227549  1506.500897     0.591682   169.215354    94.015081    75.200273    93.014088    91.995038          0.0   288.856562   283.504853            0     1.227805    -0.766334
        2076     0.850823   418.867004   623.469858  1507.166679     0.469238   169.407901    93.720365    75.687535    91.416744    93.166523          0.0    288.94516   283.616724            0    -0.688466     1.083997
        2077    -2.302049   417.990997   622.149511  1509.263065     0.365012    168.20371    92.358078    75.845632     93.07838    93.271417          0.0   289.119942   284.157788            0     0.407007     -1.90335
        2078    -3.847673    417.10199   620.298004  1509.426934     0.401173   166.383075    91.181118    75.201957    93.455954    93.095496          0.0   289.045786   283.869919            0     -0.06287    -0.524327
        2079    -3.513113   416.201996   617.977479  1509.261216     0.338861   166.404936    91.445992    74.958943    93.301073    92.054622          0.0   289.076844   283.775332            0     1.711895    -1.080734
        2080    -3.201835   415.287994   616.677527  1509.101724     0.333492   168.042106     92.65178    75.390327    94.160781    92.746024          0.0   289.217339   284.126465            0     1.205708    -1.255265
        2081    -2.595228      414.362   616.160741  1508.030743     0.384548   167.073413     92.30634    74.767072    93.259784    91.879883          0.0   289.055686   283.699161            0     0.943243     -0.30892
        2082     -0.38778   413.421021    617.11221  1507.254472     0.379231   169.958621    94.485135    75.473486    93.194918    92.641857          0.0   289.003103   283.894647            0     0.891808      0.22321
        2083    -1.686614   412.460999    617.14775  1508.388528      0.42592   166.089086    91.426788    74.662298    91.441689    92.615277          0.0   288.964695   283.688791            0    -1.224029     0.039532
        2084    -2.583095   411.484009   615.976481  1508.853686     0.249519   167.230865    91.948164      75.2827    92.647246    93.058301          0.0   289.053196   283.836894            0     0.061132    -0.054103
        2085     -3.20174   410.490021   613.790807  1509.472902     0.323431   166.328905     91.97293    74.355975    93.328668    92.309431          0.0   288.982696   283.773866            0     1.849173    -1.638453
        2086     -0.99291    409.47702   614.251586  1508.844215     0.447475   167.295478     93.10004    74.195438    92.338295    91.770155          0.0   288.801202   283.407965            0     0.869106     0.060547
        2087      -2.0947   408.447998   614.614536  1509.219349     0.224629   166.024865    91.474347    74.550517    91.557848    92.201574          0.0   288.856389   283.452835            0    -1.090177     0.268592
        2088     -2.74202   407.401001   613.429617  1509.438841     0.245918   167.240471     92.62589     74.61458    93.339774    92.394406          0.0   288.925902   283.738128            0     1.416404     -1.16486
        2089    -3.909322   406.335999   612.333623  1509.581177     0.144422   163.522647    89.464765    74.057882    91.206223    91.804279          0.0   288.954928   283.760367            0     -1.24352     0.455721
        2090    -4.562999   405.255005   609.556327  1510.007428      0.04182   163.286256    90.056225    73.230031    92.314891    91.203984          0.0   288.874162   283.641873            0     1.629536    -1.537158
        2091    -1.097165   404.157013   610.017523  1509.312546     0.152111   166.602083    92.627224    73.974859    91.491218     91.52881          0.0   288.787315   283.367181            0     0.637219     0.732473
        2092    -4.274127   403.041016   608.956219  1509.937982     0.015509   163.378825    89.372193    74.006632    91.238445     91.18969          0.0   288.956462   283.677402            0    -0.756193     -0.67419
        2093    -4.427019    401.90802   607.625719  1509.066153    -0.008686   164.569401    90.679967    73.889434     92.63883    91.050013          0.0   288.972473   283.694269            0     0.960453    -0.716988
        2094    -3.565834   400.757996   606.566481  1508.501361     0.010035   164.577981    91.041468    73.536513    92.121824    90.917574          0.0     288.9207   283.545018            0     1.183132    -0.639457
        2095     -3.29609   399.591003   606.149293  1507.984183    -0.120754   164.964907    90.958282    74.006626    91.602154    91.939748          0.0   288.911996   283.628603            0    -0.564278     0.854772
        2096    -3.996253   398.407013   604.364279  1509.330415    -0.182315    164.20446    90.442613    73.761846    91.684584    92.309084          0.0   288.914704   283.613796            0    -0.081457    -0.721732
        2097    -2.748967   397.206024   603.278268  1509.060314    -0.106452   165.810399     92.26377    73.546628    92.298144    91.322011          0.0   288.796395   283.474267            0     2.027771    -0.706032
        2098    -2.905941   395.989014   603.486978  1509.322956    -0.077419    164.90032    91.104088    73.796231    91.290494    91.647595          0.0   288.810156   283.433924            0    -0.752217      0.09446
        2099    -5.389302   394.756012   601.509479  1509.525607    -0.226942   163.860963    89.997034    73.863929    92.483502     91.63732          0.0      288.968   283.796516            0     0.337213    -1.048833
        2100    -5.364131   393.506012   599.661053  1508.675184    -0.278486   163.298661    89.945513    73.353148    92.321593     91.43934          0.0   289.043131   283.955045            0     0.354599     -0.03183