        time     emission          CO2         cveg        csoil        fgco2         fgpp         fnpp           ra          frh     fvegsoil         fluc          tas     tas_land        cprod     fcvegout    fcsoilout
        1850     0.236736   284.316986   538.023143  2716.880516     0.138731    95.301631    37.274269    58.027362    36.119751    36.789142            0   287.586665   282.211178            0     2.090812      0.13096
        1851    -0.192996   284.450989   536.956357  2717.172261     0.017071    96.647512    37.703863    58.943648    36.281761    36.858302            0   287.803153    282.67947            0     1.912347     0.284796
        1852     0.043592   284.597992    536.42847  2717.217321     0.081482    96.351657    37.890153    58.461504    36.363109    36.971888            0   287.707629   282.497886            0     1.446152     0.563719
        1853    -0.440289   284.730988   535.358799   2717.39429     0.211076    95.461969    37.579226    57.882743     36.42998    36.805057            0   287.837581   282.714409            0      1.84384     0.198107
        1854    -1.151986   284.846008   534.264154  2717.106681     0.007304    94.423263    37.533753     56.88951    36.859372    36.431006            0   287.888314    282.82199            0     2.197392    -0.140757
        1855     0.184761    284.94101   534.030848   2716.56602      0.13095    96.508496    38.421719    58.086777    36.564378      36.8926            0   287.656942   282.501844            0     1.762424     0.868882
        1856     0.446925   285.049011   533.899834  2716.439568     0.285873    96.506951    38.586249    57.920701    36.711221    36.962327            0   287.627193   282.382755            0     1.754937     0.377558
        1857     0.101031    285.20401   533.553481  2716.569946     0.166473    97.350245    37.867281    59.482964    36.353527    37.172651            0   287.857526   282.718449            0     1.040982     0.688746
        1858    -0.328592   285.368988   532.281997  2716.959801     0.151284    95.676571    37.741563    57.935008    36.548007    36.968178            0   287.690891   282.621568            0     2.044869     0.030316
        1859     0.147469   285.545013   531.945843  2716.661957     0.146437     96.02514    38.355977    57.669163    36.741042    36.819416            0   287.419501   282.191443            0     1.872715     0.376218
        1860     0.249418   285.739014   531.760459  2716.336432     0.233762    96.974839     38.72893    58.245909    37.045407     36.82781            0    287.35749    282.09533            0     2.086503     0.107928
        1861     0.084869   285.933014   531.221202  2716.410881     0.141289    96.005391    37.756657    58.248734    36.229773     36.98305            0   287.362057   282.066999            0     1.312864     0.678828
        1862     0.494043   286.100006   531.113835  2716.375622     0.248982    96.107199    38.188263    57.918936    36.350704    37.099555            0   287.413797   282.178071            0     1.196076      0.78411
        1863    -0.679175   286.270996   529.977566  2716.807747     0.299491    95.060725    37.145679    57.915045     36.23398    36.686664            0   287.728857   282.455398            0     1.595284     0.020559
        1864    -1.038794   286.441986   528.496644  2716.576319     0.188775    94.412052    37.059209    57.352843    36.521279    36.535196            0   287.869746   282.814601            0     2.004935     0.245345
        1865     0.748992   286.614014   528.428034  2715.793497     0.244505    97.129851    38.950727    58.179123    37.026049    36.472558            0    287.60942   282.567486            0      2.54678      0.22933
        1866     0.539135   286.781006   528.764011  2715.606976     0.249672    96.271943    38.133752    58.138191    36.109968    37.090195            0   287.495632   282.279735            0      0.70758     1.166747
        1867     0.423846   286.954987   528.175094  2715.940816     0.377839     96.75483    37.717781    59.037049     36.16568      36.6882            0   287.513707   282.276504            0     1.618498     0.188681
        1868    -0.312746   287.105011   527.964361  2715.692227     0.282297    96.047771    37.870573    58.177198    36.876657    36.586955            0   287.858231   282.736797            0      1.49435    -0.041113
        1869    -0.552345   287.225006    526.59224  2715.671059      0.23712    94.311748    37.078291    57.233457    36.001699    36.635661            0   287.790045   282.700473            0     1.814751      0.65513
        1870     0.637583   287.355011   526.247816  2715.505198     0.352771    95.915205    38.300469    57.614736    36.162334    36.553622            0   287.540348    282.39359            0     2.091272     0.557149
        1871    -0.133713   287.493988   525.758721  2715.609401     0.280602    95.316438    37.557737    57.758701    36.015311    36.569329            0   287.615537   282.387136            0     1.477503     0.449815
        1872    -0.394925   287.664001   524.924154  2715.684895     0.138127    95.835692    37.589057    58.246635    36.247582    36.606982            0   287.601558   282.436527            0     1.816642     0.283906
        1873     0.165045   287.859985   523.601659  2716.072011     0.324188    95.418954    37.393536    58.025417    35.631242    36.674618            0   287.454484   282.220792            0     2.041413      0.65626
        1874     0.450527   288.061005   523.094881  2716.050938     0.373899    95.435329    38.043685    57.391644     36.29285    36.066565            0   287.468565   282.177707            0     2.483897    -0.205211
        1875     0.468706   288.290985   523.145587  2715.689659     0.318936    96.453198    38.207774    58.245424    36.266472    36.650702            0   287.563431   282.349122            0     1.506366     0.745509
        1876     0.605884   288.519989   522.817194  2715.672356      0.32857    97.405001    38.469088    58.935913    36.350754    36.970139            0   287.629318   282.498636            0     1.827342     0.636688
        1877    -0.184748   288.752014    521.91947  2716.049784     0.330129    96.187807    37.374463    58.813345    35.847736    36.606281            0   287.774207    282.61696            0     1.665905     0.381116
        1878     0.535821   288.993011   521.201299  2715.938758      0.30465    97.699453     38.51008    59.189373    36.552373    36.826723            0   287.822101    282.71928            0     2.401529     0.385376
        1879    -0.372943   289.221008   520.292516  2716.116986     0.369993    95.347612    37.287053    58.060558    36.035786    36.638763            0   287.714616   282.547134            0     1.557073     0.424749
        1880      0.12715   289.470001   519.345201   2715.98683     0.347947    95.637137    37.544095    58.093042    36.168752    36.372425            0   287.750726   282.612314            0     2.118986      0.33383
        1881     0.201013      289.737   518.383718  2716.051207     0.367258    94.639933    37.266178    57.373754    35.608515    36.222691            0   287.618139   282.561474            0      2.00497     0.549798
        1882     0.480955   290.019012   518.097266  2715.830959      0.38806    96.528352    38.478143    58.050209    36.646598    36.378314            0   287.523057   282.195874            0      2.38628    -0.048036
        1883     0.840633      290.263   518.065081  2715.419831     0.371095     97.31654    38.639745    58.676795    36.263693    37.007572            0   287.668882   282.514046            0     1.664358     1.155007
        1884     0.807279   290.511993   517.587328  2715.735498     0.611737    97.092832    38.270121    58.822711     36.07266    36.552389            0   287.439307   282.108087            0     2.195485     0.164062
        1885      0.70028   290.796997   517.203146  2715.704021      0.44774    96.713478    38.415706    58.297772    36.273832    36.834522            0   287.619676   282.451951            0     1.965367     0.592167
        1886     0.393925   291.100006   516.957969  2715.598919     0.407365     96.94748    38.248008    58.699472    36.532593      36.9165            0   287.587185   282.506297            0     1.576685     0.489008
        1887     0.845571   291.414001   516.498112  2715.417203     0.491456    96.845338    38.618571    58.226768    36.860516    36.466492            0   287.430655   282.185872            0     2.611936    -0.212307
        1888     0.925355      291.763   516.784824  2714.870902     0.514171    96.855078    38.525241    58.329837     36.55632    36.755804            0   287.535532   282.301166            0     1.482725     0.745784
        1889     0.778041   292.113007   516.395372   2714.92429     0.494278    98.209648    38.362948    59.846699    36.613504    36.706884            0   287.602457   282.372656            0     2.045516     0.039992
        1890     0.584522   292.458008    515.85631  2714.673786     0.418934     97.68141    38.301196    59.380214    36.371773    37.059789            0   287.728618   282.525083            0     1.780469      0.93852
        1891     0.234586    292.81601   515.054334  2714.762967      0.42534    96.772352    38.087894    58.684458    36.448424    36.809493            0   287.758362   282.538626            0     2.080378     0.271888
        1892    -0.120504   293.166992   514.031108  2714.604035     0.456233     96.35807    37.916627    58.441443     36.59122    36.947681            0   287.688884   282.613347            0     1.992172     0.515394
        1893     1.294007    293.47699   513.328281  2714.411184     0.556197    97.577121    39.206819    58.370303    36.643678    36.668152            0   287.631946   282.423053            0     3.241494     0.217325
        1894     0.788933   293.790985   513.541761    2714.1678     0.521506    97.321893    38.492886    58.829007    36.358424     36.56703            0   287.762705     282.5205            0     1.712376      0.45199
        1895     0.133156    294.07901   513.219447  2713.689055     0.480306    98.045119    38.762022    59.283097     37.29176    36.840629            0   287.909299   282.837115            0     2.243707     0.027613
        1896     1.189781    294.36499   513.222253  2713.248639     0.505221     99.11969    39.541206    59.578484    37.007034    37.184584            0   287.705668   282.607396            0     2.353817     0.617966
        1897     0.884334   294.645996    513.16737   2713.16192     0.521406    97.638407    38.811703    58.826705    36.528064    37.365727            0   287.771203   282.579032            0     1.500859     0.924382
        1898     0.967744    294.95401    513.02869  2713.137877     0.453518    99.293543    39.474498    59.819045    37.093304    37.363906            0   287.811758   282.726782            0     2.249272     0.294644
        1899     0.623202   295.299988   512.781767  2713.198264     0.482646    98.710897    38.940295    59.770603    36.946702    37.460003            0   287.804122   282.692648            0     1.727215     0.452915
        1900     1.499032   295.674988   512.077844  2713.295272     0.587985    99.205869    38.976944    60.228925    36.313939    37.164453            0   287.754619   282.728229            0     2.516414     0.753505
        1901     0.486717   296.006989   511.618572  2713.568694     0.617483    99.335844    39.081919    60.253926     37.07837    37.148393            0   287.830231   282.809645            0     2.392799    -0.203399
        1902      0.80369   296.325012   511.123572  2713.125797     0.551407    99.599309    39.199133    60.400176    36.785718    37.278894            0   287.674195   282.434842            0     2.415238     0.936073
        1903    -0.046722   296.653992   509.783235  2713.636191     0.626357    97.035946    37.681533    59.354413    36.189811    37.117728            0   287.646613   282.266611            0     1.904143     0.417522
        1904     0.131947    296.95401   508.364212  2713.655124     0.540174    97.347628    38.223486    59.124142    36.492788    36.567926            0   287.797378   282.605417            0     3.074583     0.056205
        1905     0.484755   297.289001   507.732462  2713.369939     0.608225    97.366682    38.558753    58.807929    36.392007    36.489428            0   287.714207   282.452689            0     2.701076     0.382607
        1906      0.56352   297.661987   507.513361  2712.731972     0.478557    97.761537    38.849714    58.911822    36.797196    36.541971            0   287.740677   282.561423            0     2.526844     0.382741
        1907     1.671398   298.097992   507.800034  2712.177493     0.498287    99.769377    39.938757     59.83062    36.978987    37.123666            0   287.637595   282.441775            0     2.528418     0.699157
        1908     1.036901   298.518005   507.953309  2712.053586     0.595383    98.722734    38.680512    60.042223    36.574834    36.931953            0   287.625531   282.325769            0     1.595283     0.481026
        1909     0.708416   298.936005   507.206419  2712.172858     0.618197    99.237137    38.701257     60.53588    36.684628    37.521111            0   287.814915   282.699182            0     1.927036     0.717211
        1910     1.699214   299.376984   506.746738  2711.967192     0.636339     100.3996    39.903854    60.495746    37.266546    37.145349            0   287.589098   282.397651            0     3.218187     0.084468
        1911     1.573198   299.828979   506.772378  2711.999307     0.757404    99.733312    39.391594    60.341718    36.400117    37.287728            0   287.582261   282.383427            0     2.078227     0.855496
        1912     0.964081   300.352997   505.957964  2712.379245     0.789993     98.34647    38.432422    59.914048    36.309847    37.279787            0   287.626224   282.309632            0      1.96705     0.590002
        1913     0.983578   300.910004   504.601674  2712.581552      0.75524    97.975979     38.49102    59.484959    36.438333    36.946934            0   287.595244   282.310254            0     2.900376     0.306294
        1914     1.486745   301.418976   503.787469   2712.56753     0.792305    98.246947    39.074536    59.172412     36.39397    36.435826            0   287.278842   281.896901            0     3.452915     0.055878
        1915     1.991421   301.936981   504.265616  2712.087149     0.835762    99.502314    39.499915    60.002399    36.701761    37.046781            0   287.512075   282.242117            0     1.974987     0.825401
        1916      1.34069   302.484985   504.083695  2712.034477     0.632107   100.148684    39.296429    60.852255    36.959524    37.416013            0   287.633951   282.324495            0     2.062336     0.509161
        1917     1.573874   303.010986   503.946641  2711.756425      0.70066    99.562122    39.555363    60.006759    37.188138    36.988992            0    287.51531   282.181098            0     2.703426     0.078906
        1918     1.563317   303.448975   504.113988  2711.323582     0.735239   100.210807    39.648454    60.562353    37.057956    37.243366            0   287.723245   282.454339            0     2.237741     0.618254
        1919     0.385417   303.813995   503.648369  2711.312418     0.563304    99.199997    39.095507     60.10449    36.997081    37.159981            0    287.92322   282.694166            0     2.401146     0.174063
        1920     0.864172   304.246002   502.872457  2711.292763     0.654324    98.687198    38.691513    59.995684    36.121781     37.52439            0   287.923446   282.771768            0     1.943035     1.422265
        1921     0.751838   304.599976   501.876042  2711.420981       0.6989    99.052155    39.271383    59.780772    36.873268    36.842065            0   287.719153   282.585949            0     3.425733    -0.159421
        1922     1.062311   304.944977   501.310522   2711.37295     0.739931    98.572786    39.132653    59.440133    36.403236    37.122621            0   287.788748   282.598997            0     2.575552     0.767417
        1923     0.966914   305.270996   501.334675  2711.056763     0.778912   100.781025    39.958486    60.822539    37.108607    37.257162            0   287.897885   282.813344            0     2.677171     0.464741
        1924     0.753368   305.629974   500.698028  2710.960474     0.677167   100.261937    39.209611    61.052326    36.888166    37.315858            0   287.874807   282.755234            0       2.5304     0.523982
        1925      1.51068   305.812988   500.836101  2710.589908     0.768859   101.486891    40.557558    60.929333    37.214771    37.466353            0   287.778658   282.640471            0     2.953133     0.622147
        1926     0.802673   305.953979    500.58547  2710.950501     0.727282   100.131021    39.257627    60.873394    36.386274    37.721151            0   287.623965   282.219558            0     1.787106     0.974284
        1927     0.509977   306.176971   499.216086  2711.732232     0.666104    99.476902    38.965509    60.511393    36.438376    37.323036            0   287.774677    282.48912            0     3.011858     0.102929
        1928     1.036744   306.328979   499.037384  2711.535989     0.683148    100.70564    40.155502    60.550138    37.388991     37.19827            0   287.788806   282.558966            0     3.135934     0.005522
        1929     0.901276   306.494995   499.397878  2711.222592     0.777046   101.376175     39.79176    61.584414    37.198726    37.438526            0   287.846772   282.784906            0     1.992741     0.553196
        1930     0.786559   306.619995   498.942112  2711.149796     0.758558   100.738914     39.97675    60.762164    37.021934    37.473395            0   287.763071    282.66398            0     2.959121     0.524257
        1931     0.851982   306.821991   498.647943  2711.116162     0.673923   101.597392    40.108096    61.489296     37.01397     37.50976            0   287.670663   282.351662            0     2.892504     0.529425
        1932     0.363016   307.092987   497.995345  2711.133478     0.552992   100.992534    39.980948    61.011585    37.229547    37.849751            0   287.794132   282.701985            0     2.783796     0.602888
        1933     0.693788   307.401978   497.399592  2711.173506     0.649816   100.692263    40.089902    60.602361    37.261466    37.673984            0   287.538491   282.265359            0     3.011671      0.37249
        1934     0.992871   307.784973   496.707923  2711.006131     0.822554   101.132788    40.115555    61.017234    37.378889    37.580875            0   287.613534   282.318168            0     3.226348     0.369362
        1935     0.702369    308.22699   496.091097  2710.985675     0.789063   100.895078    39.326375    61.568703    36.811777    37.708345            0   287.772324   282.542712            0     2.234857     0.917024
        1936     1.011356   309.011993   494.373491  2711.188109     0.771246    99.592859     39.13796    60.454899    37.049799    37.285076            0   287.724224   282.577072            0     3.570489     0.032843
        1937     1.780354   309.763977   493.607324   2710.91315     0.866512    99.034887    39.329744    59.705143    36.530937    36.913138            0   287.646187    282.36897            0     3.182773      0.65716
        1938     0.853869   310.293976   492.664047  2710.885994     0.915621    99.941152     39.29674    60.644412    36.998034    37.267866            0   287.699487   282.539914            0     2.972151     0.296989
        1939     1.109441   310.850983   491.940727  2710.596395     0.805953    99.845362    39.572093    60.273269     36.81986    37.100557            0   287.697231   282.521789            0     3.194856     0.570296
        1940     1.142041   311.356964   491.153197  2710.360404     0.941382    99.356432    39.322005    60.034428    36.545494     37.10945            0    287.85744   282.714029            0     3.000084     0.799947
        1941     0.981344   311.810974   490.515146  2709.934203     0.794256   100.600833    40.286018    60.314815     37.49239    37.266947            0   287.805799   282.591382            0     3.657122     0.200759
        1942     1.508897   312.171967   490.426485  2709.669213     0.860278   101.100625    40.285149    60.815475    36.847954    37.427208            0   287.603111   282.383922            0     2.946603     0.844243
        1943     0.297892   312.389984    489.62221  2709.813868     0.866992   100.361078    39.561145    60.799933    37.124462    37.434459            0   287.572995   282.225552            0     2.930961     0.165343
        1944     0.156262   312.412964   488.721584  2709.699856     0.740368    99.905923    39.578376    60.327547    36.909634    37.232656            0   287.698844   282.568132            0     3.246346     0.437034
        1945     0.286162   312.384979   488.279999   2709.63236     0.804458   101.612919    40.483399    61.129519    37.277345    37.644388            0    287.75487   282.617668            0     3.280597     0.434539
        1946     0.171315   312.389984   488.446442  2709.037934     0.649134   102.614399     40.76531    61.849089    37.742937    37.532225            0   287.899893   282.871422            0     3.066641     0.383714
        1947    -0.095786   312.485962   487.917696  2708.725683     0.694765   100.957607    39.790224    61.167382    37.240303    37.720128            0    287.89825   282.798672            0     2.598842     0.792076
        1948     0.029596   312.520966   487.052482  2708.755943     0.624131   102.262463    40.364717    61.897746    37.403217     37.99862            0   287.794688   282.661192            0     3.231311     0.565143
        1949     0.155251   312.631958   486.145877  2708.872687     0.659034   100.598719    39.689627    60.909093    36.783772    37.552566            0   287.835881   282.705856            0     3.043665      0.65205
        1950    -0.254611   312.820984   485.292316  2708.912241     0.654844   100.835895    39.476446    61.359449    37.112881    37.370525            0   287.795623   282.642632            0     2.959483     0.218091
        1951     0.241987   313.013977   483.918815  2708.826826     0.628251   100.995576     40.12618    60.869397    37.001534    37.507035            0   287.751733   282.484826            0     3.992645     0.590916
        1952     0.424577    313.34198   482.868543  2708.924981     0.658583   101.432283    40.458173     60.97411    37.206484    37.682941            0   287.720992   282.522432            0     3.825504     0.378302
        1953      1.18977    313.72998   482.404423   2708.59984     0.764437    101.65567    41.058492    60.597178    37.659775    37.648549            0   287.686733   282.343121            0     3.874062     0.313916
        1954     0.302153   314.094971   481.765386  2708.520192     0.794876   100.601608    39.799082    60.802526    37.058187    37.407159            0   287.870602   282.637883            0     3.030961     0.428619
        1955    -0.225823   314.414978   480.334636  2708.383091     0.709105   100.979521    39.776979    61.202541    37.466709    37.740589            0     288.1156   283.137297            0     3.467141     0.410981
        1956      0.83011   314.697968   479.444647  2708.027407     0.595748    102.29265      41.1082     61.18445    37.726319    37.701208            0    287.83783   282.676218            0      4.29698     0.330573
        1957      1.09657   314.991974   479.742286  2707.505755     0.789917   103.142376    41.437128    61.705248    38.183032    38.059927            0   287.925209   282.839906            0     3.079563     0.398547
        1958      0.06053   315.344971    478.72999  2707.650942     0.678867   100.991921    39.744499    61.247422     37.07901     38.03709            0    287.89686   282.634279            0     2.719704     0.812893
        1959     0.218453   315.806976   476.561795  2708.134405     0.703291   100.375508    39.770434    60.605074    37.073461    37.785676            0   287.956459   282.872764            0     4.152952     0.228751
        1960     1.841004   316.624969   475.389195  2707.991776     0.773391   101.084279     40.95211    60.132169    37.679763    37.562478            0   287.662623   282.483881            0     4.562233     0.025344
        1961      1.83013    317.29895   475.564217  2707.662587     0.961928   100.375749    40.348219    60.027529    37.020748    37.690898            0   287.599399   282.305605            0     2.482299      0.99934
        1962     2.203576   318.043976   474.668521  2707.983796     0.870906   102.263778      40.6409    61.622878    37.117839      37.8474            0   287.619574   282.294966            0     3.689195     0.408352
        1963     2.363282   318.649963   474.256261  2708.286405     0.979881   102.023064    40.781734     61.24133    36.845343    37.830001            0     287.6016   282.256134            0     3.363993     0.682048
        1964     2.413226   319.332947   473.641196  2708.764641     1.091136   101.841088    40.873808    60.967279    37.326451    37.712358            0   287.596988   282.237749            0     3.776516    -0.092329
        1965     1.326754   319.815948   473.072702  2708.959528     1.032682   101.279572    40.424027    60.855544    37.487009    38.056519            0   287.719032   282.338835            0     2.936003     0.374623
        1966     2.480486   320.879974   472.308701  2708.865334      1.01134   101.841438    41.077191    60.764247    37.911305    38.151422            0   287.795794   282.606498            0      3.68977     0.334311
        1967     2.041874    321.47995   471.893877  2708.674461     1.094432   100.882775    40.673455     60.20932    37.374358    37.503113            0   287.409118   282.136532            0     3.585166     0.319627
        1968     2.969814   322.388947   471.579576  2708.662522      1.14563   102.090941     41.38053    60.710411    37.384019    38.331057            0   287.341085   282.110117            0     3.363774     0.958977
        1969     3.000257   323.250946   471.352553  2708.997928     1.258023   101.564175    40.952484    60.611691    37.198102    38.153146            0   287.446663   282.156004            0      3.02636     0.619638
        1970     4.665401   324.782959   471.234266  2709.209791     1.359866   103.366984    41.696159    61.670825    37.589799    38.000896            0   287.612367   282.364238            0      3.81355     0.199235
        1971      2.70851   325.399963   470.783571  2709.390463     1.169606   103.614025    41.693873    61.920152    37.684224     38.42675            0   287.659752   282.340857            0     3.717817     0.561854
        1972     5.572963   327.348969   471.107133  2709.462719     1.420717    103.57447    41.765054    61.809416    37.901643    38.326822            0   287.581174   282.348867            0      3.11467     0.352923
        1973     7.648507   329.908966   471.093854  2709.621752     1.548266   104.111798    42.056439    62.055359     37.82116    38.676751            0   287.571687   282.202194            0     3.392966     0.696558
        1974     3.128937   330.755951   471.061297  2710.083109      1.34225   103.833069     41.99456    61.838509    38.042575    38.848671            0   287.640964   282.268209            0     3.178447     0.344739
        1975     2.785334   330.826965   471.083604  2710.218565     1.309625   105.923168    43.606049    62.317119    38.670593    38.621333            0   287.342408   281.912072            0     4.962408    -0.184716
        1976     4.045818   331.544952   472.433661  2710.365519     1.440207   105.388025    42.970749    62.417276    38.313476    39.356988            0   287.529103   282.085671            0     2.263704     0.896557
        1977     5.566916   333.352936   472.293863  2711.116796     1.437161   106.002851    42.527137    63.475714    38.139237    39.283867            0   287.641783   282.387124            0     3.383069     0.393354
        1978     5.403548   335.009949   471.794823  2711.738006     1.574041   105.386803     42.64118    62.745623    38.248631    39.285836            0   287.628233   282.373002            0     3.854383     0.415995
        1979     6.186934    336.60495   472.327343  2711.974639     1.688717   107.329973    44.095687    63.234286    39.246685    39.447596            0   287.653706    282.29694            0     4.115572    -0.035724
        1980     6.653507   338.704956   472.975146  2712.130483     1.591516   107.643943    43.751203     63.89274    39.248295    39.708195            0   287.745608   282.464824            0     3.395205     0.304057
        1981     5.301111    340.05896   472.936294  2712.476418     1.684856   106.373848    43.560217    62.813631    38.852842    39.918736            0   287.776978   282.364988            0     3.680333     0.719959
        1982      2.84112   340.643951    472.69943  2713.176326     1.645593   106.635037    43.346566    63.288471    39.063202    39.595171            0   287.829867   282.380366            0     3.988259    -0.167939
        1983     5.829779   342.265961   472.716414  2713.302403     1.675952   106.794265     43.87309    62.921174    38.781872     39.89785            0   287.888431   282.593074            0     3.958256     0.989901
        1984     6.331777   344.007935   473.009538  2713.745973     1.778121   108.002928    44.533317    63.469611    39.314233    39.850064            0   287.732135   282.542865            0      4.39013     0.092261
        1985     6.394476   345.458954   473.640438  2714.239216     1.846331   109.340602     44.94207    64.398532    39.115623    40.309243            0   287.716949    282.42134            0     4.001926     0.700377
        1986     5.389509   346.902954   473.853811   2714.95282     1.866852   108.000726    44.158202    63.842524    39.406233     40.27906            0    287.79683   282.659676            0     3.665769     0.159224
        1987     7.239668   348.774933   474.272391  2715.326866     1.892711   109.576907    45.369034    64.207873    39.740706    40.285945            0    287.60467   282.390509            0     4.664509     0.171192
        1988     8.145169    351.27594   474.845773  2715.759459     2.081237   110.315702    45.153444    65.162258    40.002044    40.396011            0   287.675382   282.294281            0     4.184051    -0.038626
        1989     6.472765   352.893921   475.492227  2715.961147      1.98743   110.820631    45.437425    65.383206    39.871061    40.671792            0   287.852642   282.586639            0     4.119179     0.599043
        1990     4.771978   354.072937   475.556159  2716.712082     1.959583   109.222786     44.02435    65.198436    39.191532    40.703172            0   287.920853   282.623203            0     3.257245     0.760704
        1991     5.239443   355.352936   474.598299  2718.036094      1.94697   108.393219    43.649247    64.743972    38.591804    40.524678            0   288.016794   282.883726            0     4.082429     0.608863
        1992     4.920167   356.228943   474.271493  2718.924692     2.132532   108.867406    44.618838    64.248568    39.342822    39.936013            0   287.716957   282.451853            0     5.009631    -0.295407
        1993     5.392575   356.924957   475.894722  2718.862603      2.00562   111.129642    46.068898    65.060744    39.913468    40.254022            0   287.570353   282.304941            0     4.191646     0.402643
        1994      6.08996   358.253967   477.567329  2719.046564      2.03106     111.4839    45.396086    66.087814    40.124737    40.574078            0   287.715535   282.477579            0     3.149402      0.26538
        1995     7.296672   360.238953   478.232067   2719.39051     2.067057   110.302865    44.944428    65.358437    39.561361    40.821134            0   287.820259    282.63175            0     3.458556     0.915828
        1996     6.957005   362.004974   478.802356  2720.015971     1.994688   111.443231    45.141047    66.302184    39.708374      40.5694            0   287.992027   282.828605            0     4.001358     0.235564
        1997     5.501853   363.251953   479.196813  2720.589661      2.04817   110.829229    45.187054    65.642175    40.024084    40.797537            0   288.135549   283.108354            0      3.99506     0.199764
        1998     8.881663   365.932953   480.209763  2720.453048     2.102143   110.270259     45.75518    64.515079    40.386988    40.577441            0   288.151632   283.081492            0      4.16479     0.327066
        1999     7.775662   367.844971   481.890865  2720.427024     2.139442   113.262284    46.610933    66.651351    40.641955    41.100167            0   288.268693   283.332441            0     3.829664     0.484236
        2000     5.600735   369.124969   482.555111  2720.691206     2.192793   112.552514     45.76131    66.791204     40.63225    41.522377            0   288.404498   283.412395            0     3.574686     0.625945
        2001     6.901844   370.673004   482.759094  2721.150486     2.060092   113.673419    46.702597    66.970822    40.706706     41.61434            0   288.289838   283.418379            0     4.884274     0.448353
        2002     9.789895   372.834991   484.895287  2721.593026     2.218445   115.732715    47.884718    67.847997    41.092782    41.826627            0   287.927199   282.922525            0     3.921898     0.291306
        2003      9.20281    375.41098    486.05862  2722.353615     2.437173   115.349708    46.984097     68.36561    41.124613    42.272169            0   288.035239   282.944624            0     3.548595     0.386967
        2004      6.20871      376.987   485.847744  2723.399033     2.272904   113.102538    46.171832    66.930707    40.699308    42.336427            0   288.116583   283.139948            0     4.046281     0.591701
        2005     7.735006   378.907013   485.990217  2724.098001     2.230829   114.665514    47.317987    67.347528     41.54661    41.461528            0   288.043581    282.98963            0     5.713985    -0.784049
        2006     9.381354    381.01001   488.547188  2723.817702     2.471356   116.049921    47.799916    68.250005    41.144345    42.010374            0   288.081424   283.071721            0     3.232571     1.146328
        2007     8.403424   382.603027   490.240613  2724.421461     2.316522   118.127105    48.422346    69.704759    41.358295    42.503584            0   288.288187   283.310869            0     4.225338     0.541529
        2008     7.505483   384.739014   491.029397  2725.519443     2.292118   115.402563    46.606755    68.795808    40.968189    42.610856            0   288.430143   283.510451            0     3.207115     0.544685
        2009     6.378576   386.280029    491.04502  2726.261701     2.274958   114.659323    46.790922    67.868401    41.476336    42.080363            0   288.367783   283.396288            0     4.694936    -0.138231
        2010     7.805403   388.717041   490.385434  2726.789782     2.433386   115.334902    47.913978    67.420924    41.279511    42.412911            0   288.379783   283.380747            0     6.160653     0.605319
        2011     8.238183      390.944   490.686996  2727.484273     2.378702   116.023118    47.505419    68.517699    41.322662    42.315014            0   288.483988   283.614623            0     4.888844      0.29786
        2012     8.640621   393.015991    491.91845  2727.761703      2.47629    116.96344    48.174787    68.788653    41.751811    42.719956            0   288.382082   283.493377            0     4.223377     0.690716
        2013     9.287043   395.724976   492.530242  2728.158942     2.536587   118.695653     49.09445    69.601204    42.570218    43.320154            0   288.491481   283.449222            0     5.162503     0.352698
        2014      7.33395   397.546967   493.233427  2728.701721     2.339665   119.478118    49.030027    70.448091    42.321908    43.221658            0   288.676738   283.889916            0     5.105184      0.35697
        2015     9.708809   399.948425   494.342952  2729.168975     2.613743   118.622433     48.80349    69.818943     41.92806    43.152314            0   288.401193   283.568005            0     4.541651        0.757
        2016    10.458274   403.116974    495.11292  2729.998281     2.836725   117.999039     48.91996    69.079079    42.070922    43.434359            0   288.422616   283.431359            0     4.715634     0.534131
        2017     9.239311   405.812958   495.089641  2730.464733     2.781561   119.157181    49.256811     69.90037    42.748235    43.196298            0   288.553639   283.748555            0     6.083792    -0.018389
        2018    10.251948    408.83197   495.614267  2730.774173     2.920641   119.905429    49.610618    70.294812     42.81347    43.854196            0   288.676097   283.917551            0     5.231794     0.731286
        2019    10.296846   411.945953   495.915726  2731.063176     2.878295   119.134218    49.507533    69.626685    43.074295    43.436579            0   288.606724   283.816316            0     5.769496      0.07328
        2020    11.108566   415.154968   496.740808  2731.385978     2.973882   119.183276    49.694091    69.489185    42.361059    43.775775            0   288.590565   283.878761            0     5.093234     1.091914
        2021     9.966911   418.460968   496.646781  2732.382031     3.123285   118.645059    48.361391    70.283668    42.401932    43.891849            0   288.691808   283.954373            0     4.563568     0.493864
        2022     11.36172   421.842957    496.39597  2732.423939     3.162087   121.197352    50.507931    70.689421    43.481007    43.711116            0   288.585591    283.84702            0     7.047627     0.188201
        2023    12.520731   425.282959   497.926206  2732.563512      3.20484   123.340982    51.670977    71.670005    43.752388    44.196604            0   288.290853   283.523765            0     5.944137     0.304644
        2024     12.41403   428.783966   499.494355  2732.726966     3.310112   122.101999    51.235649    70.866351    43.334501    44.615837            0   288.097191   283.278118            0     5.051663     1.117882
        2025    13.467308   432.346954   501.126644  2733.225048     3.369728    124.68064     51.85722     72.82342    43.423273    44.915319            0   288.181981   283.261644            0     5.309612     0.993965
        2026    12.822956   435.974945   502.391809  2734.059555     3.294689   123.658288    51.077726    72.580563     43.65662    44.745032            0   288.506158   283.673462            0     5.067529     0.253905
        2027    12.371193   439.669952   503.241551  2734.735898     3.318118   123.364142     51.15022    72.213922    44.009905    44.854557            0   288.848115   284.120905            0     5.445922     0.168309
        2028    13.373463   443.431946   504.672214  2734.844187     3.491624   125.777952    52.346952    73.430999    44.613689    45.087712            0   288.773021   284.179691            0     5.828577     0.365734
        2029    14.481019   447.262939   506.388611  2735.347743     3.593584   126.522476    52.896655    73.625821    44.165041    45.702147            0   288.506713   283.736121            0     5.478111      1.03355
        2030    14.343539    451.16394   508.209537  2736.229535     3.651811   126.698387    52.744216    73.954171    44.339985    45.711516            0   288.413853   283.646121            0     5.211774     0.489739
        2031     13.79381   455.135956   509.130538  2737.467407     3.539312   126.210084    51.975023     74.23506    43.963321    46.030929            0   288.597451   283.845822            0     5.023094     0.829736
        2032    14.365626   459.165955   510.118863  2738.383145     3.616125   126.898362    52.707307    74.191055    44.775141    45.650752            0      288.684   283.943323            0     6.068229    -0.040127
        2033     14.17006   463.241943    511.46392  2739.108361     3.618641   126.137479    51.770568    74.366911    44.057858    45.503107            0   288.873689    284.12847            0     4.922404     0.720032
        2034    13.593184    467.36496   512.299368  2739.753077      3.61366   126.873183    52.262834     74.61035    44.976371    46.367075            0   289.147562   284.617649            0     5.060311     0.745988
        2035    14.461311    471.53894   513.048281  2740.447975      3.78473   126.439083    52.682939    73.756143    44.839131    45.965168            0   288.938838   284.502258            0     5.968858      0.43114
        2036    16.439591   475.764954   514.920495  2741.002604      4.09545   129.001847    54.175717    74.826131    45.001815    46.003109            0   288.664657   283.963456            0     6.300393     0.446666
        2037    16.243983   480.044952   517.783784  2741.708324     3.938637   130.968799    54.638148    76.330652    45.638524    46.644152            0   288.705825    283.98084            0     5.130707     0.299908
        2038    15.847281   484.379944   519.621904  2742.492259     3.982339    129.46704    54.000424    75.466617    45.081999    46.668331            0   288.739976   284.153699            0     5.493972     0.802398
        2039    15.932213   488.771942   521.029988  2743.913552     4.005646   128.276795    53.531997    74.744797    44.927562     46.95113            0   288.715049   284.007818            0     5.172783     0.602274
        2040    16.454399   493.220947   522.806314  2744.763008     3.944264   130.204552    54.173248    76.031304    45.408824    46.788332            0   288.762509   284.095623            0      5.60859     0.530052
        2041    15.924349   497.730957   524.559928  2745.927316     3.954327   130.286805    54.023542    76.263263    45.390716     46.94726            0   288.921297   284.249149            0     5.322669     0.392235
        2042    16.348794   502.291931   526.581463  2746.209925     4.032738   131.766666    54.746786    77.019879    46.406085    46.841865            0   289.122389   284.583704            0     5.883386     0.153172
        2043    16.854299    506.90094   529.026772  2746.565371     4.068079   131.167119     55.17472    75.992399    46.294737    47.198327            0   289.110203   284.603243            0     5.531083     0.548144
        2044    17.242371   511.556946   531.340352  2747.372598     4.183935   131.638448    55.066363    76.572085    45.725761    47.728068            0   288.952956   284.447992            0     5.024715     1.195081
        2045    17.183579   516.263916   533.406699  2748.452289     4.133221   133.557219    55.806523    77.750696    46.694335    47.612554            0   288.872558   284.269294            0     6.127623    -0.161472
        2046     17.86631   521.020935   535.939271  2749.157404     4.258858   134.319448    55.996888     78.32256    46.324799    47.860126            0   288.792409    284.21612            0      5.60419     0.830212
        2047    17.290422   525.829956   537.747708  2750.465521     4.143241   134.396599    56.010709     78.38589    46.611704    48.505599            0   288.885178    284.23751            0     5.696674     0.585778
        2048    16.483076   530.691956   538.929187  2751.915389     4.207181   133.440759    55.082878    78.357881    46.212782    48.478817            0   289.111699   284.594824            0     5.422582     0.816167
        2049    15.787274   535.608948   539.291304  2753.134472     4.202696   130.997037    54.172973    76.824064    46.441478    48.131695            0   289.293066   284.772424            0      5.67916     0.471133
        2050    17.989477   540.580933   540.200411  2753.857624     4.288133   133.541423    56.377353     77.16407    47.224604    47.761555            0   289.244355   284.815728            0     7.706692    -0.186201
        2051    18.432629   545.609924   542.829495  2754.513056     4.371154   135.522994    56.939887    78.583108    46.733109     49.10235            0   289.043098   284.597942            0     5.208453     1.713809
        2052     17.74001   550.690918   544.728027  2755.541821     4.394249    136.01528    56.984352    79.030929    47.855519    48.608253            0    289.11225   284.671058            0     6.477567    -0.276032
        2053    17.362321    555.82196    546.59198  2756.336712     4.249908   135.647539    56.270343    79.377196    47.090886    49.016116            0    289.24749   284.678061            0     5.390273     1.130339
        2054    17.925429   561.003967   547.803525  2757.404706     4.228009     135.5011    56.570916    78.930185    47.438913    48.746719            0    289.25673   284.701305            0     6.612652     0.239812
        2055    18.588714   566.238953   549.592034   2758.44771     4.346247   136.470153    57.106586    79.363566    47.115255    49.004161            0   289.281197   284.678109            0     6.313915     0.845902
        2056    18.303187    571.52594   551.121222  2759.730039     4.488506    138.60429    57.787001    80.817289    47.979824    49.794454            0   289.348686   284.957591            0     6.463359     0.532302
        2057    17.887579    576.86792   551.831364  2761.355066     4.398932   135.676796    56.445343    79.231453    47.082133    49.785709            0   289.396704   284.857058            0     5.949491     1.078549
        2058    17.743166    582.26593     552.7174  2762.565924     4.374619   136.052169     56.98781    79.064359    48.337443    49.502352            0   289.590607   285.369763            0     6.599422    -0.045948
        2059    19.327378   587.718933   554.776156  2762.772481     4.498561    139.73238     59.38878      80.3436    49.368319    49.734229            0   289.201743   284.788818            0     7.595796     0.159353
        2060    20.030948   593.229919    558.10044  2763.097437     4.660121   140.747325    59.366164    81.381161    48.805612    50.742573            0   289.271443    284.80252            0     5.299306     1.612005
        2061    18.101849   598.797913   559.738544  2764.421163     4.612568   139.588989    57.785081    81.803908    48.914168    50.535476            0    289.42453   284.993844            0     5.611501     0.297582
        2062    19.143719    604.42395   560.562143  2765.119374     4.638091    141.34928    59.520402    81.828878    49.434815    51.132133            0   289.513641   285.250008            0     7.564669     0.999107
        2063    19.926382   610.106934   562.955779  2765.806237     4.536615   141.650604    59.825038    81.825566     49.75825    51.005827            0   289.281124   284.919033            0     6.425575     0.560714
        2064    19.939323   615.846924   565.253759  2766.680794     4.750376   141.772767    59.453924    82.318843    49.313009    51.301621            0   289.284446   284.794552            0     5.854324     1.114056
        2065    18.871785   621.646912   566.548368  2767.933779     4.559552   139.664722    58.424411    81.240311    49.909446    50.310443            0   289.543713   285.172301            0     6.819358    -0.851988
        2066    19.686739   627.504944   568.816534   2767.87595     4.488211   143.875166    60.663417    83.211749    49.851734    51.769713            0    289.83567   285.663333            0     6.625538     1.975808
        2067    19.595552   633.422913   570.095961  2769.253552     4.633092    142.39962     59.95269     82.44693    49.789238     51.62661            0   289.680592   285.412074            0     7.046654     0.459769
        2068    19.009858   639.401917   570.960357  2770.436247     4.683612   141.273111    58.945721    82.327389    49.080969    51.889227            0   289.713176   285.504817            0     6.192097     1.625563
        2069    19.161025   645.441956   571.486333  2771.813943     4.467956   141.703374    59.385697    82.317676    50.028512    51.222998            0   289.796712    285.50765            0     7.636723     -0.18321
        2070    21.019203   651.543945   573.848789  2771.829802     4.560048    144.36246    61.126095    83.236365    50.474856    51.474807            0   289.772356   285.597036            0     7.288833     0.984092
        2071    19.953322   657.707947   575.929928  2772.873495     4.662227   142.901892     59.87242    83.029472    49.832607    51.716784            0   289.887286   285.659185            0     6.074497     0.840483
        2072    21.068564    663.93396   578.056582  2773.195257     4.645935   145.781337    61.476677     84.30466    51.167812    51.778983            0   289.907922   285.880335            0      7.57104     0.289409
        2073    21.047989   670.221924   580.429893  2773.972029     4.766455   145.228892    61.095589    84.133303    50.903669     52.44831            0   289.824164   285.760236            0     6.273968     0.767869
        2074    21.830476   676.571899   582.696474  2774.932959     4.740908   146.858937      61.9835    84.875437    51.028694    53.151693            0    289.74825   285.473555            0     6.565227     1.162069
        2075    20.251035   682.984924   584.119572  2776.411573     4.846485   143.263153    59.868064     83.39509    50.483425    52.536964            0   289.948491   285.795244            0     5.908001     0.574925
        2076    21.043271   689.460938   585.133657  2777.266478     4.650571   144.487212    61.251563    83.235649    51.736421    52.309121            0   289.781172   285.595191            0     7.928357    -0.282205
        2077    22.123066   696.001953   588.070785  2777.288909     4.859609   147.698155    63.310929    84.387226    52.111672    53.286115            0   289.599324   285.299709            0     7.087686     1.152013
        2078    22.429898   702.605957    590.76186   2778.23921     4.783303   147.702936    61.966064    85.736873    50.956706    53.754528            0   289.760597   285.417989            0     5.520461     1.847521
        2079    20.581403   709.274902   591.311095  2780.264709     4.735959     145.8106    60.702186    85.108415    51.438537    53.220585            0    290.03177   285.836923            0     6.932365    -0.243451
        2080     21.71228   716.007935   592.998953  2780.846293      4.73736   146.761588    61.659604    85.101984    51.702109    53.314241            0   290.318853   286.341353            0     6.657505     1.030548
        2081    22.221262   722.807922   595.177309  2781.452506     4.600929   147.144135     62.46211    84.682025    52.199385      53.2322            0   290.158871    286.02971            0     7.051553     0.426602
        2082    22.118634   729.678955   597.841886  2782.324236     4.773165   148.509317    62.342323    86.166994     52.00074    54.156642            0   290.279438   286.195308            0     5.521105     1.284172
        2083    21.727012   736.628906   599.569413  2782.886621     4.707653   148.403297    62.574811    85.828486    53.325397    53.804047            0   290.430267   286.480523            0     7.043237    -0.083735
        2084    23.639701   743.656921    602.80344  2782.508765     4.776813   150.401217    64.342368    86.058849    53.928729    53.896006            0   290.464295   286.459099            0     7.212335     0.345133
        2085    24.305646   750.763916   606.545078  2783.060544     4.764875   152.567418    64.680567    87.886851    53.175132    54.903059            0   290.348166   286.377925            0     6.035869     1.176149
        2086    23.856495   757.950928   609.664491  2783.955833     4.830495   152.746368    64.773218     87.97315    53.701614    55.346317            0   290.144348   286.059794            0     6.307489     0.749413
        2087    23.529534   765.215942   612.144346  2785.130446     4.800158   151.606814    63.740197    87.866617     52.98593    55.429935            0   290.303189   286.194225            0     5.830407     1.269393
        2088    21.622288   772.560913   614.533332  2785.448491     4.548026   152.307004    64.432126    87.874879    55.820904    55.518607            0   290.768788   286.948834            0     6.524532    -0.620343
        2089    23.044801   779.983948   616.333133  2785.357462     4.772866   151.093637    63.973521    87.120116    54.235669    55.300991            0   290.697511   286.976789            0     6.872729     1.156352
        2090    24.811914   787.487915   618.756019  2786.047786     4.947149   153.227691    65.619649    87.608042    54.665868     55.74934            0   290.350126   286.418682            0     7.447423     0.393147
        2091    23.543541   795.069946   621.540814  2786.726519     4.902221   152.703128    64.484691    88.218437    54.539182    55.729748            0   290.424956   286.460996            0     5.970149     0.511833
        2092    23.869326   802.735901   623.156428  2787.544857     4.787193   152.012322     64.38925    87.623072    54.212968    56.437366            0   290.696455   286.948226            0      6.33627      1.40606
        2093    24.265013   810.488892   624.781941  2788.535228     4.846589   151.914802    65.152055    86.762746    55.515243    55.894959            0   290.561948   286.724643            0     7.631583    -0.610654
        2094     26.11416   818.327942   629.126727  2788.182072     4.948766   157.015272    67.284869    89.730402     55.75179    56.095098            0   290.324795   286.404551            0     6.844986     0.696464
        2095    25.966352   826.253906   633.274692  2788.583026     4.865804   158.104375    67.130255     90.97412    55.785086    57.736919            0   290.403565   286.350418            0     5.245371     1.550879
        2096    23.229798   834.266907   635.066459  2789.711548     4.649628   154.377548     64.79486    89.582688      55.8807    57.385961            0    290.73475   286.781522            0     5.617131      0.37674
        2097    24.653356   842.366943   636.710993  2789.890273     4.680225   154.594706    66.120978    88.473729    56.380316    56.208872            0   290.818834    287.04651            0     8.267571    -0.350168
        2098     26.44694   850.553894   639.946771  2790.274088     4.842947   156.942677     66.88557    90.057108    55.802441    57.118443            0   290.686763   286.782201            0     6.531349     0.932187
        2099    25.308311   858.828918   643.109933  2790.872624     4.902546   155.436101    65.848306    89.587795    55.499337    57.643907            0   290.892326   287.073334            0     5.041236     1.546034
        2100    24.892561   867.190918   644.835699  2791.585376     4.592421   155.999012    66.235408    89.763603    56.762748    57.646682            0   291.095947   287.442337            0     6.862961     0.171182