        time     emission          CO2         cveg        csoil        fgco2         fgpp         fnpp           ra          frh     fvegsoil         fluc          tas     tas_land        cprod     fcvegout    fcsoilout
      1850.0     1.007304   284.312629   332.338835  1638.068678     0.022393    95.109584    43.037982    52.071602    41.928605    46.209760          0.0   287.542417   280.808345          0.0    -4.113953     2.323162
      1851.0     0.920063   284.441552   332.724758  1639.444227    -0.018184    94.876305    43.044210    51.832096    42.113603    45.743450          0.0   287.590992   280.983907          0.0    -3.085163     2.254298
      1852.0    -0.554205   284.588500   332.554430  1640.237332     0.077233    93.428772    41.809254    51.619518    42.496464    45.264039          0.0   287.756288   281.350666          0.0    -3.284457     1.974470
      1853.0     0.757294   284.721469   332.622179  1640.715311     0.114700    94.374178    42.666287    51.707892    42.020267    45.522407          0.0   287.683641   281.220324          0.0    -2.923870     3.024161
      1854.0    -0.334878   284.836338   332.573538  1641.683485     0.088310    93.395509    41.723410    51.672100    42.141782    45.459013          0.0   287.738431   281.299261          0.0    -3.686962     2.349057
      1855.0    -0.064040   284.931368   332.309080  1642.570196     0.195714    93.498199    41.895759    51.602440    42.088151    45.380611          0.0   287.601182   281.150316          0.0    -3.220394     2.405750
      1856.0     0.979992   285.039476   332.264099  1643.642334     0.113992    94.030754    42.586260    51.444494    41.687164    45.518119          0.0   287.653216   281.093902          0.0    -2.886879     2.758816
      1857.0    -0.839985   285.194451   332.184669  1644.352467     0.049539    93.281866    41.860471    51.421395    42.813373    45.094413          0.0   287.814303   281.386789          0.0    -3.154512     1.570907
      1858.0     0.305281   285.359461   332.434106  1644.314404     0.018917    94.386715    42.775714    51.611000    42.557596    45.220758          0.0   287.729396   281.106557          0.0    -2.694482     2.701225
      1859.0    -1.365763   285.535497   332.309320  1644.354628     0.012081    92.985086    41.377563    51.607523    42.870387    45.283150          0.0   287.893575   281.441379          0.0    -3.780801     2.372539
      1860.0     1.276314   285.729513   332.281843  1644.864247     0.069896    94.396678    42.682984    51.713694    41.595806    45.469279          0.0   287.823430   281.243337          0.0    -2.758817     3.363853
      1861.0     0.126392   285.923431   332.059481  1646.468767     0.066591    92.719197    41.579593    51.139604    41.645172    45.389074          0.0   287.919397   281.377010          0.0    -3.587118     2.139383
      1862.0     1.299468   286.090422   332.112945  1647.330958    -0.038775    94.915500    43.200027    51.715473    41.912877    45.437857          0.0   287.742211   281.096156          0.0    -2.291294     2.662788
      1863.0     3.298965   286.261342   334.119207  1649.286674    -0.068186    98.385889    45.395432    52.990456    42.108559    46.996864          0.0   287.749502   281.032660          0.0    -3.607694     2.932589
      1864.0    -1.379678   286.432427   334.013913  1650.656264    -0.038530    93.913338    41.874849    52.038489    43.296150    46.052458          0.0   288.013890   281.495214          0.0    -4.072316     1.386718
      1865.0    -0.496946   286.604299   333.421345  1650.591664     0.117725    93.993804    42.268090    51.725715    42.952811    45.527817          0.0   287.953320   281.366297          0.0    -2.667159     2.639606
      1866.0     0.722628   286.771283   333.993197  1650.909668    -0.035350    96.285144    43.695799    52.589345    43.021917    46.094577          0.0   287.984173   281.508357          0.0    -2.970630     2.754656
      1867.0    -1.061284   286.945328   334.154880  1651.208235    -0.044279    94.632007    42.468665    52.163342    43.579369    45.972242          0.0   288.089044   281.727526          0.0    -3.665260     2.094306
      1868.0    -0.297195   287.095150   334.205883  1651.331048     0.212530    94.477427    42.563777    51.913649    43.109250    45.857067          0.0   287.980206   281.412331          0.0    -3.344293     2.625003
      1869.0    -0.567461   287.215165   333.568618  1651.245456     0.170054    93.993431    42.381458    51.611974    43.060573    45.556943          0.0   288.036694   281.662067          0.0    -2.538220     2.581963
      1870.0     0.661845   287.345180   334.035271  1652.083782     0.241215    94.463648    42.811831    51.651817    42.373673    46.132655          0.0   287.866680   281.224959          0.0    -3.787478     2.920657
      1871.0    -1.038473   287.484236   333.365721  1652.754458     0.041784    92.201492    41.364217    50.837275    42.446649    45.167196          0.0   287.957928   281.329444          0.0    -3.133428     2.049870
      1872.0     0.126984   287.654201   333.400378  1652.568707     0.009395    95.968857    43.636251    52.332607    43.558635    45.606970          0.0   287.946266   281.490943          0.0    -2.005377     2.234086
      1873.0     1.884300   287.850104   334.842272  1653.472182    -0.005919    97.276022    44.419407    52.856615    42.657408    46.652366          0.0   287.926823   281.272163          0.0    -3.674852     3.091483
      1874.0     0.870563   288.051271   334.577730  1654.526069     0.050322    95.940076    43.593054    52.347021    42.876743    46.145352          0.0   287.920881   281.380816          0.0    -2.287756     2.214722
      1875.0     0.866647   288.281236   335.611561  1655.576566     0.150079    97.046214    44.099562    52.946652    43.575377    46.564912          0.0   287.918306   281.365562          0.0    -3.499181     1.939038
      1876.0     0.570295   288.510296   335.757008  1656.431304     0.096699    95.895130    43.401925    52.493205    43.101444    46.708330          0.0   288.035813   281.515102          0.0    -3.451852     2.752148
      1877.0    -0.314150   288.742137   334.831999  1657.400628     0.174731    92.972745    41.618889    51.353856    42.293443    45.218600          0.0   288.020089   281.490838          0.0    -2.674703     1.955833
      1878.0     1.396837   288.983071   335.269819  1658.392882     0.259687    95.542414    43.494965    52.047449    42.560777    46.242341          0.0   288.096009   281.499971          0.0    -3.185196     2.689310
      1879.0    -0.228276   289.211003   334.743864  1659.035246     0.354852    94.006761    42.225707    51.781054    42.953363    45.815250          0.0   288.165535   281.721128          0.0    -3.063587     2.219524
      1880.0     1.820159   289.460062   334.706917  1660.247092     0.428667    94.215778    42.714416    51.501362    41.533053    45.852600          0.0   288.044237   281.442322          0.0    -3.101238     3.107701
      1881.0     0.132685   289.727076   333.929250  1661.684360     0.264826    93.407895    42.133762    51.274133    42.509956    45.425107          0.0   288.029200   281.411547          0.0    -2.513678     1.477883
      1882.0     1.151532   290.008885   334.476989  1662.676917     0.264358    95.721172    43.498721    52.222451    42.883621    46.446079          0.0   288.076655   281.552123          0.0    -3.495098     2.569901
      1883.0     0.320648   290.252798   334.249592  1663.068505     0.238162    95.506074    43.426225    52.079849    43.510668    45.821374          0.0   288.049924   281.640901          0.0    -2.167752     1.919118
      1884.0     4.202238   290.501947   335.215945  1665.020509     0.546882    95.555152    44.104762    51.450390    40.645272    46.576789          0.0   287.710896   280.780141          0.0    -3.438380     3.979513
      1885.0     2.745244   290.787014   335.726056  1668.242248     0.472211    95.386996    43.755271    51.631725    41.746372    46.499950          0.0   287.676642   280.822282          0.0    -3.254789     1.531839
      1886.0     1.609511   291.089975   336.005172  1670.137504     0.228468    96.153380    44.089543    52.063837    42.992467    46.353457          0.0   287.808194   281.181802          0.0    -2.543030     1.465734
      1887.0     3.162321   291.404063   337.404669  1671.299106     0.355168    99.559053    46.061120    53.497933    43.582717    47.254772          0.0   287.823553   281.351068          0.0    -2.593149     2.510452
      1888.0     0.092579   291.753071   338.090338  1672.599817     0.433001    96.466280    43.483334    52.982946    44.234526    47.398514          0.0   288.007378   281.539028          0.0    -4.600849     1.863278
      1889.0     0.204429   292.102835   337.262633  1672.487825     0.357963    96.051334    43.553571    52.497763    44.095082    46.188018          0.0   287.976623   281.587661          0.0    -1.806742     2.204928
      1890.0     3.147372   292.447882   338.729606  1673.410818     0.442969    98.772843    45.584615    53.188227    43.260236    47.755345          0.0   287.926276   281.294797          0.0    -3.637703     3.572116
      1891.0     1.389479   292.805725   338.678023  1674.959125     0.395101    96.451217    43.847800    52.603417    43.265609    46.827291          0.0   287.984401   281.472723          0.0    -2.927908     2.013375
      1892.0     2.711878   293.156718   339.224886  1676.572448     0.342805    98.495937    45.379097    53.116840    43.392199    47.299399          0.0   287.813669   281.157442          0.0    -2.467165     2.293877
      1893.0     2.515503   293.466813   340.299963  1678.363686     0.303530    98.723993    45.272726    53.451267    43.379232    47.990531          0.0   287.902539   281.270089          0.0    -3.792881     2.820060
      1894.0     1.437124   293.780722   340.039586  1680.008696     0.372451    97.822570    44.628691    53.193879    43.847931    47.189784          0.0   287.965671   281.335557          0.0    -2.300715     1.696843
      1895.0    -0.248750   294.068674   340.249906  1680.936570     0.512228    96.345022    43.113201    53.231821    44.165062    47.277127          0.0   288.060646   281.546699          0.0    -4.374247     2.184191
      1896.0    -0.414122   294.354634   339.149073  1681.038720     0.490963    95.907927    43.362854    52.545073    44.481481    46.773860          0.0   288.079670   281.583730          0.0    -2.310172     2.190228
      1897.0     1.702174   294.635531   339.573249  1681.671484     0.495830    97.263855    44.540375    52.723481    43.551336    47.033624          0.0   287.994742   281.465962          0.0    -2.917425     2.849524
      1898.0     2.008329   294.943695   340.152151  1682.591205     0.418574    98.672491    45.332041    53.340450    44.026827    47.231174          0.0   287.919393   281.357169          0.0    -2.478036     2.284626
      1899.0     2.532684   295.289583   341.117796  1683.989832     0.537922    99.015545    45.488525    53.527020    43.850011    47.935105          0.0   287.891092   281.412772          0.0    -3.412225     2.686467
      1900.0     0.514977   295.664254   340.648678  1685.165348     0.439154    96.208466    43.469410    52.739056    43.810191    46.945422          0.0   288.006068   281.575883          0.0    -3.006894     1.959715
      1901.0     2.129218   295.996057   340.492381  1686.133144     0.490066    97.729479    45.047960    52.681519    43.723561    47.031599          0.0   287.943021   281.539720          0.0    -1.827341     2.340241
      1902.0     2.243448   296.314108   341.486239  1687.494079     0.526270    98.893001    45.479174    53.413827    44.047662    47.981958          0.0   287.828017   281.185957          0.0    -3.496642     2.573361
      1903.0     2.821185   296.642700   341.881227  1689.799640     0.663477    97.662436    44.819201    52.843235    42.972440    47.745296          0.0   287.747128   281.038549          0.0    -3.321083     2.467295
      1904.0     0.760421   296.942938   341.041257  1691.671273     0.630324    95.656283    43.275435    52.380848    43.373818    46.950750          0.0   287.854924   281.368399          0.0    -2.835345     1.705298
      1905.0     1.804556   297.277694   341.054390  1693.122650     0.575415    97.947524    45.056804    52.890720    44.124329    47.345507          0.0   287.762907   281.214798          0.0    -2.301835     1.769801
      1906.0     3.630924   297.650725   342.185244  1694.232532     0.543982   101.144224    47.075188    54.069037    44.384573    48.294164          0.0   287.677085   281.069929          0.0    -2.349831     2.799709
      1907.0     1.999707   298.086438   343.125231  1695.978624     0.570720   100.214333    46.029517    54.184816    45.128031    48.555997          0.0   287.735642   281.227527          0.0    -3.466467     1.681874
      1908.0     1.508825   298.506304   343.503206  1697.186972     0.556217    99.606930    45.515561    54.091370    45.047989    48.415501          0.0   287.891663   281.445967          0.0    -3.277915     2.159163
      1909.0     1.273885   298.924293   343.061520  1698.210632     0.624420    98.319653    44.915340    53.404312    44.706981    47.935024          0.0   287.899423   281.468908          0.0    -2.577998     2.204383
      1910.0     2.679966   299.365026   343.469865  1699.371411     0.647279    99.943536    46.102979    53.840556    44.578884    48.170425          0.0   287.846013   281.400627          0.0    -2.475791     2.430762
      1911.0     2.055103   299.817194   343.572260  1700.869232     0.674552    98.526121    45.256978    53.269143    44.400940    48.031413          0.0   287.845553   281.324609          0.0    -2.876829     2.132651
      1912.0     2.893858   300.341211   344.233261  1702.035329     0.666483    99.736040    45.870703    53.865337    44.340350    48.534835          0.0   287.802079   281.290878          0.0    -3.325133     3.028388
      1913.0     3.089412   300.897849   344.676682  1703.813651     0.659285    99.912712    46.049724    53.862988    44.384717    48.175105          0.0   287.699233   280.979893          0.0    -2.568801     2.012066
      1914.0     1.963274   301.406872   345.218820  1705.016190     0.743134   100.116894    45.866259    54.250635    45.300361    48.453383          0.0   287.972252   281.589129          0.0    -3.129261     1.950482
      1915.0     3.056567   301.924860   345.380942  1705.510533     0.697932   100.664512    46.412916    54.251597    44.716339    48.268142          0.0   287.887486   281.586544          0.0    -2.017349     3.057461
      1916.0     3.056778   302.472681   346.786850  1707.307338     0.723549   102.245333    47.209547    55.035786    45.623653    49.457358          0.0   287.793340   281.267801          0.0    -3.653718     2.036899
      1917.0     1.598232   302.998457   346.993890  1707.790639     0.671548   101.611212    46.597626    55.013586    46.347793    48.906834          0.0   287.927650   281.625374          0.0    -2.516248     2.075740
      1918.0     1.211966   303.435961   347.669473  1707.925225     0.607261   102.342683    46.939815    55.402867    46.846630    49.595045          0.0   287.999359   281.773075          0.0    -3.330813     2.613828
      1919.0     1.869196   303.801409   347.781302  1708.542848     0.784597   100.900048    46.233764    54.666284    45.465039    49.045327          0.0   288.007260   281.611271          0.0    -2.923392     2.962664
      1920.0     1.415004   304.232851   347.411027  1709.578685     0.607469    99.127577    45.463291    53.664286    45.137282    48.407951          0.0   287.848882   281.278022          0.0    -2.574384     2.234832
      1921.0     3.120889   304.587079   348.443601  1710.729492     0.736972   102.282223    47.496452    54.785770    45.409021    49.029402          0.0   288.018214   281.525790          0.0    -2.565524     2.469574
      1922.0     3.165036   304.931687   349.059784  1712.097956     0.648081   102.615676    47.633008    54.982668    45.370466    49.414360          0.0   287.899332   281.406388          0.0    -2.397535     2.675431
      1923.0     3.439120   305.257618   350.213013  1713.922921     0.648800   103.534021    48.238150    55.295871    45.684122    49.998156          0.0   287.925242   281.447896          0.0    -2.913235     2.489069
      1924.0     1.133798   305.616021   350.508652  1715.038254     0.694957   102.396214    47.193701    55.202513    47.053543    49.368977          0.0   287.853356   281.465998          0.0    -2.470915     1.200102
      1925.0     0.731953   305.798639   350.797746  1715.486058     0.677142   100.792416    46.175921    54.616495    46.066493    49.619144          0.0   287.891649   281.308401          0.0    -3.732316     3.104847
      1926.0     0.900631   305.939849   350.315093  1716.409270     0.662709   100.340510    46.079163    54.261347    45.668402    48.931421          0.0   287.956375   281.584326          0.0    -2.369605     2.339807
      1927.0     0.920359   306.162313   350.523785  1717.455028     0.717711   100.563736    46.076303    54.487433    45.890918    48.994202          0.0   288.015152   281.662508          0.0    -3.126591     2.057526
      1928.0     0.466890   306.314217   350.066605  1717.674027     0.569541   100.373328    46.213849    54.159479    46.162264    48.862291          0.0   288.009968   281.510212          0.0    -2.191262     2.481029
      1929.0     2.002057   306.479979   350.684688  1718.848180     0.501266   101.015551    46.775648    54.239903    45.169072    49.265837          0.0   287.844086   281.237793          0.0    -3.108272     2.922611
      1930.0     1.377321   306.605268   351.082187  1720.431239     0.616571   101.641725    47.011706    54.630019    46.031206    49.400697          0.0   288.014846   281.714521          0.0    -2.786490     1.786431
      1931.0     0.733871   306.807619   350.940160  1720.752242     0.573532   100.682135    46.452169    54.229967    46.222042    48.746285          0.0   287.869501   281.384560          0.0    -2.152090     2.203240
      1932.0     2.394650   307.078621   352.096783  1721.538726     0.630316   103.113805    47.910862    55.202942    46.253278    49.897095          0.0   287.964416   281.429701          0.0    -3.142855     2.857333
      1933.0     0.731474   307.387858   351.573731  1722.550001     0.654132    99.452689    45.409709    54.042980    45.491351    49.038319          0.0   287.885238   281.384947          0.0    -3.105558     2.535693
      1934.0     3.547591   307.770392   351.899583  1724.442751     0.679027   102.220794    47.514221    54.706573    44.972655    49.689219          0.0   287.832183   281.304935          0.0    -2.500849     2.823814
      1935.0     4.031698   308.213139   352.463475  1726.401171     0.699965   104.305464    48.822807    55.482658    45.927614    50.123107          0.0   287.771515   281.310903          0.0    -1.864193     2.237073
      1936.0     2.760833   308.997998   353.407057  1728.349846     0.647054   103.220937    47.657088    55.563849    46.728803    50.252698          0.0   287.743906   281.218418          0.0    -3.539192     1.575221
      1937.0     3.160412   309.748925   353.229093  1729.522557     0.646658   102.187319    47.241598    54.945720    45.813627    50.159209          0.0   287.824792   281.257938          0.0    -2.739647     3.172871
      1938.0     1.678738   310.279012   353.223090  1730.875104     0.748158   101.667805    46.722166    54.945639    46.424067    49.786193          0.0   287.997108   281.617100          0.0    -3.058024     2.009579
      1939.0     3.092629   310.835708   353.591459  1732.578397     0.798483   101.853249    47.217880    54.635369    45.613673    49.914777          0.0   287.920913   281.203445          0.0    -3.065266     2.597810
      1940.0     3.024558   311.341190   353.572383  1734.031179     0.759370   102.710966    47.547391    55.163575    45.848728    49.876048          0.0   287.949752   281.447030          0.0    -2.309581     2.574538
      1941.0     2.447795   311.794853   354.056350  1735.724657     0.858122   103.096448    47.511510    55.584938    46.371656    50.375755          0.0   288.073398   281.725664          0.0    -3.348212     2.310621
      1942.0     1.401934   312.155447   353.745515  1736.491615     0.923652   102.842140    47.658552    55.183588    47.415142    49.641397          0.0   288.079598   281.643737          0.0    -1.672009     1.459296
      1943.0     2.315018   312.372777   355.045978  1736.748235     0.819950   104.774679    48.752862    56.021817    47.190683    50.832795          0.0   288.113906   281.690081          0.0    -3.380396     3.385492
      1944.0     1.910532   312.395419   354.972518  1737.886315     0.659930   103.254416    48.002131    55.252285    46.250644    49.937431          0.0   288.107622   281.744784          0.0    -1.861841     2.548707
      1945.0     1.880152   312.367801   355.899983  1739.065188     0.580554   105.329947    49.094667    56.235280    47.186889    50.685503          0.0   287.970259   281.438839          0.0    -2.518301     2.319741
      1946.0     0.636179   312.372970   356.306853  1740.493964     0.514358   103.138539    47.448264    55.690275    46.826704    50.841241          0.0   288.063186   281.495158          0.0    -3.799847     2.585761
      1947.0     1.808810   312.468340   355.883185  1741.771741     0.594606   103.608585    47.939942    55.668643    46.403467    50.211184          0.0   288.100919   281.686849          0.0    -1.847573     2.529939
      1948.0     0.236786   312.503128   355.813748  1743.283743     0.490170   101.780998    46.808649    54.972349    46.592605    50.463783          0.0   288.084192   281.344875          0.0    -3.585698     2.359177
      1949.0     0.847074   312.614350   355.455311  1743.815186     0.451632   103.586770    48.084574    55.502196    47.382589    50.054163          0.0   288.146418   281.663511          0.0    -1.611151     2.140130
      1950.0     3.239453   312.802985   356.991678  1745.079342     0.461412   106.007702    49.659839    56.347863    46.750526    51.149122          0.0   288.134155   281.490741          0.0    -3.025650     3.134440
      1951.0     0.911038   312.995920   357.170112  1746.423574     0.430498   104.278054    48.174337    56.103717    47.564327    50.882534          0.0   288.304880   281.910300          0.0    -2.886630     1.973975
      1952.0     2.209198   313.323961   357.199375  1747.647018     0.540737   104.524776    48.596944    55.927832    47.071816    50.781353          0.0   288.125450   281.633516          0.0    -2.213672     2.486093
      1953.0     1.860734   313.711686   357.498225  1748.955138     0.575363   105.030110    48.627494    56.402616    47.626071    51.068892          0.0   288.161895   281.669243          0.0    -2.740248     2.134700
      1954.0     0.701141   314.076382   356.963669  1750.226834     0.688533   102.480034    47.185483    55.294550    47.385421    50.710774          0.0   288.200649   281.631287          0.0    -2.990735     2.053658
      1955.0     1.649896   314.395818   356.338925  1750.985637     0.790732   103.250067    47.936935    55.313132    47.187860    50.030474          0.0   288.181892   281.731943          0.0    -1.468795     2.083811
      1956.0     2.822870   314.678573   357.116636  1752.271307     0.758240   104.848969    48.917059    55.931910    46.882289    50.499209          0.0   288.174658   281.710102          0.0    -2.359861     2.331251
      1957.0     0.963385   314.972398   356.872341  1753.602760     0.660970   102.663977    47.246221    55.417756    46.978453    50.643126          0.0   288.185482   281.688229          0.0    -3.152610     2.333219
      1958.0     1.986646   315.325116   356.870311  1755.109133     0.723722   103.990058    48.171691    55.818367    47.070362    50.758959          0.0   288.205252   281.779248          0.0    -2.585239     2.182225
      1959.0     0.334212   315.787878   356.346484  1755.533677     0.675096   103.136557    47.507348    55.629210    48.242136    49.984084          0.0   288.274937   281.884438          0.0    -1.952909     1.317403
      1960.0     2.831602   316.605249   356.052029  1755.980341     0.801901   102.326706    47.365451    54.961256    46.485232    50.296554          0.0   288.155666   281.709532          0.0    -2.636648     3.364658
      1961.0     4.318415   317.279092   357.256739  1757.415694     0.882826   106.528585    49.964945    56.563640    47.361065    51.265718          0.0   288.133133   281.645525          0.0    -2.505483     2.469300
      1962.0     1.920018   318.023448   357.032177  1758.396082     0.822416   102.852895    47.297431    55.555464    47.175968    50.422954          0.0   288.137681   281.741398          0.0    -2.900961     2.266599
      1963.0     3.765759   318.629164   357.381615  1759.314345     0.961116   104.344059    48.634453    55.709606    46.530656    50.849162          0.0   287.939556   281.245384          0.0    -2.564147     3.400243
      1964.0     6.831539   319.311032   358.192754  1761.498315     1.045449   107.347387    51.069972    56.277415    46.086475    51.781878          0.0   287.814858   281.133924          0.0    -1.523044     3.511432
      1965.0     4.276843   319.795068   359.080171  1764.981385     1.101477   103.838068    48.462403    55.375665    45.732392    51.395483          0.0   287.808481   281.208608          0.0    -3.820497     2.180020
      1966.0     3.659925   320.857678   358.572446  1766.722318     1.102703   104.163686    48.477614    55.686072    47.532781    50.954082          0.0   288.052641   281.633745          0.0    -1.968743     1.680368
      1967.0     2.333641   321.457583   358.496592  1767.872504     1.020241   102.328526    47.283069    55.045456    46.643291    50.677130          0.0   287.919301   281.355937          0.0    -3.318207     2.883652
      1968.0     2.499689   322.366159   357.677621  1768.816943     1.160526   101.407148    46.924565    54.482583    46.888708    49.803365          0.0   288.036242   281.575487          0.0    -2.059828     1.970218
      1969.0     4.700973   323.229231   358.109607  1769.800434     1.091417   103.464682    48.359030    55.105653    45.976008    50.407035          0.0   288.035814   281.524888          0.0    -2.479991     3.447536
      1970.0     6.572779   324.758318   358.984099  1770.916392     1.166385   107.112985    50.497909    56.615076    47.708433    51.390009          0.0   288.035721   281.562945          0.0    -1.766593     2.565618
      1971.0     3.448762   325.376376   360.096070  1771.952112     1.149570   106.930106    49.862707    57.067399    48.262876    52.026113          0.0   288.076639   281.858257          0.0    -3.275377     2.727516
      1972.0     8.796043   327.328777   360.830311  1773.449548     1.412526   108.191153    51.264108    56.927045    47.394135    52.291957          0.0   287.844436   281.228143          0.0    -1.762089     3.400386
      1973.0     9.854896   329.883576   362.285547  1775.368996     1.548041   109.197778    51.633054    57.564724    48.095009    52.663149          0.0   288.015013   281.677296          0.0    -2.485331     2.648692
      1974.0     5.269079   330.727559   363.233816  1776.641006     1.577719   108.748296    51.323646    57.424650    48.772753    52.615429          0.0   288.133324   281.750900          0.0    -2.240052     2.570666
      1975.0     3.287033   330.799779   364.617833  1777.019823     1.468324   110.333993    52.233781    58.100212    49.902016    53.275175          0.0   288.104225   281.708928          0.0    -2.425410     2.994342
      1976.0     4.221727   331.520352   365.564887  1778.050357     1.579938   107.442706    50.401101    57.041605    48.640350    52.733130          0.0   288.022806   281.453624          0.0    -3.279083     3.062246
      1977.0     8.161748   333.327875   366.150594  1778.801609     1.525776   111.038150    52.836287    58.201863    49.376083    53.062618          0.0   288.079788   281.650728          0.0    -0.812037     2.935283
      1978.0     4.968876   334.983593   367.255503  1779.953539     1.419940   107.941016    50.169119    57.771897    49.501344    53.222265          0.0   288.171942   281.842587          0.0    -4.158056     2.568991
      1979.0     5.698240   336.579539   366.711880  1780.174643     1.464937   108.563257    50.802287    57.760970    49.282100    52.851388          0.0   288.056042   281.599516          0.0    -1.505477     3.348184
      1980.0    10.462845   338.678464   368.194504  1781.950758     1.771584   111.879698    53.441287    58.438412    48.547973    54.140560          0.0   288.085598   281.594304          0.0    -2.181897     3.816472
      1981.0     4.737273   340.029572   368.261889  1784.077124     1.690850   106.845317    49.622813    57.222504    48.807173    52.980438          0.0   288.280676   281.812209          0.0    -3.425010     2.046899
      1982.0     5.755029   340.617109   368.183173  1785.257356     1.688655   110.816604    52.851122    57.965482    49.324072    53.226958          0.0   288.282100   281.926719          0.0    -0.297120     2.722653
      1983.0     8.059070   342.239934   369.275725  1787.146625     1.995477   108.966305    51.358062    57.608243    48.061667    53.430453          0.0   288.164616   281.588664          0.0    -3.164942     3.479517
      1984.0     8.183548   343.983983   370.055506  1789.150900     1.943333   111.574513    52.844215    58.730299    49.639538    54.004461          0.0   288.175104   281.768815          0.0    -1.940028     2.360648
      1985.0     9.452700   345.435952   371.441977  1791.115611     1.825324   114.216227    54.771736    59.444491    49.515325    54.624478          0.0   288.014194   281.351691          0.0    -1.239212     3.144442
      1986.0     6.835188   346.877225   372.460792  1793.600916     1.866017   110.471039    51.968200    58.502840    49.390263    54.472716          0.0   288.140926   281.749902          0.0    -3.523332     2.597148
      1987.0     8.292756   348.753671   372.855651  1795.251473     1.989248   112.031505    53.219424    58.812082    50.196236    54.379337          0.0   288.187255   281.727662          0.0    -1.554773     2.532544
      1988.0     9.424118   351.248650   373.575003  1796.576464     2.078299   112.172691    53.226026    58.946664    50.486951    54.782022          0.0   288.281008   281.932581          0.0    -2.275348     2.970081
      1989.0     5.411446   352.861601   373.420228  1797.408087     2.005104   109.283305    51.200535    58.082770    50.539753    53.466871          0.0   288.365439   282.028906          0.0    -2.111561     2.095496
      1990.0     8.766527   354.040731   374.611540  1798.199707     1.910686   114.900129    55.236261    59.663868    50.164744    55.033478          0.0   288.269533   281.835932          0.0    -0.988529     4.077113
      1991.0     9.249549   355.322938   376.573807  1800.719165     2.039906   114.502052    54.958269    59.543782    49.766147    55.789875          0.0   288.154834   281.601653          0.0    -2.793872     3.504270
      1992.0     9.580912   356.200591   377.748273  1803.931104     2.305747   113.590158    54.717670    58.872488    48.592565    55.648812          0.0   287.909629   281.091277          0.0    -2.105608     3.844307
      1993.0     8.068975   356.898133   379.503070  1807.016267     2.084701   115.691713    55.735636    59.956076    50.506724    55.940574          0.0   288.023305   281.403447          0.0    -1.959735     2.348687
      1994.0     6.312744   358.229083   380.939513  1808.790298     2.099410   113.242648    53.638963    59.603685    51.559028    55.995024          0.0   288.247414   281.802559          0.0    -3.792504     2.661965
      1995.0     8.204894   360.207946   381.497381  1808.777582     2.158076   114.746735    54.527192    60.219542    51.975931    55.292730          0.0   288.343635   282.131049          0.0    -1.323405     3.329515
      1996.0     9.742678   361.975920   383.387911  1809.884205     2.278276   116.083807    55.722351    60.361456    51.305374    56.334036          0.0   288.198366   281.674723          0.0    -2.502216     3.922039
      1997.0     5.721975   363.221971   384.312017  1810.693205     2.111854   114.868317    54.354153    60.514164    52.689180    56.272210          0.0   288.446881   282.239102          0.0    -2.842163     2.774031
      1998.0    10.574148   365.907703   384.776287  1811.219180     2.322917   114.352644    54.336647    60.015997    51.089055    55.623216          0.0   288.379011   282.168496          0.0    -1.750839     4.008185
      1999.0     7.927772   367.812419   386.156829  1811.914311     2.076926   116.604549    55.571898    61.032651    53.078777    56.533921          0.0   288.362262   281.966127          0.0    -2.342564     2.760013
      2000.0     6.446661   369.094785   387.575882  1811.835714     2.108561   117.512640    55.845200    61.667440    53.564523    56.756866          0.0   288.542085   282.246104          0.0    -2.330719     3.270940
      2001.0     6.893609   370.643294   388.502215  1811.939405     2.198587   117.358498    55.825404    61.533094    53.698155    57.075587          0.0   288.649114   282.555302          0.0    -2.176517     3.273741
      2002.0     8.655669   372.808648   389.534615  1812.110021     2.474130   117.805191    56.403546    61.401645    54.094873    56.898305          0.0   288.674682   282.461390          0.0    -1.527158     2.632816
      2003.0    10.461182   375.383174   391.569579  1812.084957     2.514731   118.658418    56.803453    61.854965    53.616033    57.752752          0.0   288.571804   282.357868          0.0    -2.984262     4.161783
      2004.0     6.493303   376.959040   392.685077  1811.796175     2.449690   118.980139    56.955720    62.024419    55.564493    57.492451          0.0   288.596667   282.449620          0.0    -1.652229     2.216740
      2005.0     9.165409   378.879905   394.414855  1811.159704     2.514139   121.049731    58.089319    62.960412    54.797731    58.069484          0.0   288.528591   282.301034          0.0    -1.709942     3.908224
      2006.0     8.391660   380.981479   396.052975  1811.925057     2.591724   118.975415    56.519764    62.455651    54.482880    58.244135          0.0   288.634334   282.454206          0.0    -3.362490     2.995902
      2007.0     8.757995   382.577741   396.876676  1811.926104     2.591825   119.304873    57.163382    62.141491    53.663795    57.787608          0.0   288.579653   282.389517          0.0    -1.447926     4.122765
      2008.0     9.902078   384.713545   398.516306  1812.483704     2.553923   121.605036    58.344637    63.260399    54.807901    58.643179          0.0   288.585109   282.476706          0.0    -1.938172     3.277677
      2009.0     8.456275   386.252198   399.114578  1813.473203     2.566428   119.384150    57.263766    62.120384    53.915109    58.149653          0.0   288.554217   282.307053          0.0    -1.484159     3.245045
      2010.0    11.407152   388.692151   401.189517  1813.569865     2.618094   124.074691    59.850408    64.224284    55.518473    59.522465          0.0   288.585057   282.462062          0.0    -1.746997     3.907330
      2011.0    10.207583   390.912024   403.046552  1814.016034     2.664306   123.383930    59.481443    63.902487    55.935149    60.107997          0.0   288.662769   282.398093          0.0    -2.483589     3.726679
      2012.0     9.461244   392.983067   403.516121  1814.520137     2.795447   122.524561    58.891654    63.632907    55.883031    59.376335          0.0   288.706391   282.413975          0.0    -0.954249     2.989201
      2013.0    12.706326   395.693508   405.568665  1814.453690     2.861494   126.480712    61.517484    64.963228    56.667369    60.730905          0.0   288.763643   282.563072          0.0    -1.265965     4.129983
      2014.0     9.363199   397.491859   407.354404  1814.980891     2.722065   125.950836    61.002068    64.948768    57.425079    60.900120          0.0   288.813619   282.620962          0.0    -1.683791     2.947841
      2015.0    10.896254   399.919748   408.209269  1815.359833     2.796522   123.924230    59.676403    64.247827    55.846449    60.529964          0.0   288.727599   282.472628          0.0    -1.708425     4.304574
      2016.0    12.569302   403.081570   410.404092  1816.710081     3.053946   125.932943    60.967229    64.965715    57.411441    60.904994          0.0   288.918588   282.823747          0.0    -2.132589     2.143304
      2017.0    10.958161   405.717199   411.398234  1816.347872     3.098705   124.172060    59.703708    64.468351    56.669601    60.409734          0.0   288.986015   282.885258          0.0    -1.700167     4.102342
      2018.0    14.630498   408.557062   413.877201  1817.294832     3.164206   129.338276    63.322734    66.015542    57.111460    62.072750          0.0   288.831204   282.598695          0.0    -1.228983     4.014330
      2019.0    12.422610   411.381822   416.282673  1818.782247     3.152690   126.029903    60.910474    65.119429    56.911905    61.810155          0.0   288.861964   282.566154          0.0    -3.305152     3.410835
      2020.0    11.737713   414.196648   416.885967  1819.608346     3.244097   123.326854    59.309487    64.017368    56.038707    60.605000          0.0   288.924891   282.670567          0.0    -1.898807     3.740194
      2021.0    12.440654   417.006565   418.840283  1820.002813     3.171624   128.170227    62.381710    65.788517    58.323798    61.907455          0.0   289.043545   282.863561          0.0    -1.480061     3.189190
      2022.0    12.279873   419.773540   421.218711  1820.203226     3.179970   128.966526    62.525438    66.441088    58.568240    62.313308          0.0   289.119222   283.150219          0.0    -2.166298     3.544655
      2023.0    14.192205   422.463538   423.701301  1820.742458     3.225405   131.643149    64.524684    67.118465    58.532208    63.337108          0.0   288.990129   282.766561          0.0    -1.295014     4.265668
      2024.0    11.983714   425.084433   426.061665  1821.834119     3.187471   129.677418    62.768016    66.909402    58.786174    63.195490          0.0   289.112208   282.954746          0.0    -2.787837     3.317655
      2025.0    10.011815   427.638374   427.353776  1822.128293     3.329214   128.050366    61.480169    66.570197    59.486404    62.724884          0.0   289.268128   283.228450          0.0    -2.536826     2.944306
      2026.0    13.075423   430.130328   428.898367  1822.005748     3.449054   131.095539    63.916849    67.178690    58.826712    63.013079          0.0   289.201466   283.283357          0.0    -0.640821     4.308912
      2027.0    14.706977   432.562317   431.927371  1823.597019     3.334777   133.506095    65.809567    67.696528    58.842447    64.458169          0.0   289.059323   282.793676          0.0    -1.677607     4.024451
      2028.0    12.502106   434.938367   434.517758  1825.306794     3.369235   132.297938    64.395635    67.902303    59.557451    64.485200          0.0   289.159212   282.914357          0.0    -2.679952     3.217974
      2029.0    10.364148   437.259370   435.400382  1824.999893     3.252521   131.105889    63.760687    67.345202    60.809555    63.168265          0.0   289.229222   283.259206          0.0    -0.290202     2.665611
      2030.0    13.769587   439.528344   438.887066  1825.951500     3.267923   133.512917    65.558694    67.954223    59.130414    65.299678          0.0   289.159395   282.978689          0.0    -3.227668     5.217657
      2031.0    11.795897   441.745702   440.549316  1827.410387     3.291743   131.937277    64.454525    67.482752    59.904013    64.601945          0.0   289.290820   283.153588          0.0    -1.809669     3.239044
      2032.0    12.857000   443.894060   442.859598  1828.472489     3.272167   134.906749    66.429813    68.476936    60.625277    64.960479          0.0   289.207747   283.102206          0.0    -0.840947     3.273101
      2033.0    10.229687   445.955451   444.860034  1829.490048     3.159925   132.336031    64.196764    68.139267    60.751690    65.199666          0.0   289.392446   283.255419          0.0    -3.003338     3.430417
      2034.0    11.401992   447.934764   446.107552  1829.734286     3.176503   135.198329    66.190354    69.007975    61.372980    65.129129          0.0   289.279925   283.120574          0.0    -0.186292     3.511910
      2035.0     9.756940   449.832196   448.446190  1830.419052     3.162623   133.792786    65.068164    68.724622    61.767748    65.917644          0.0   289.370522   283.244395          0.0    -3.188118     3.465130
      2036.0    10.760220   451.651505   449.731398  1830.631762     3.113552   134.384868    65.819334    68.565534    61.284025    65.567763          0.0   289.427113   283.466919          0.0    -1.033637     4.071028
      2037.0     9.968101   453.392950   451.025962  1831.459289     3.056805   133.421659    65.141206    68.280453    61.133132    65.757062          0.0   289.332412   283.220842          0.0    -1.910420     3.796403
      2038.0     9.329714   455.059346   452.048309  1832.452607     3.048062   131.760712    64.119816    67.640896    60.608385    64.916440          0.0   289.434215   283.426902          0.0    -1.818972     3.314737
      2039.0    12.279017   456.651739   453.912678  1833.399607     2.992874   137.876371    68.382479    69.493892    61.662947    66.567556          0.0   289.262051   283.165298          0.0    -0.049446     3.957609
      2040.0    10.795741   458.169085   456.519028  1834.709439     2.946052   136.812239    67.394991    69.417248    61.985741    67.407482          0.0   289.359631   283.085141          0.0    -2.618842     4.111909
      2041.0     8.257807   459.615489   457.202742  1835.910251     2.993783   131.428164    63.943136    67.485028    60.988417    65.221013          0.0   289.379811   283.217059          0.0    -1.961591     3.031784
      2042.0    11.356176   460.987836   459.220189  1836.984935     2.942609   136.269627    67.303926    68.965701    61.053994    66.547447          0.0   289.439674   283.325141          0.0    -1.260969     4.418769
      2043.0     9.632146   462.284188   460.984323  1838.376710     2.866156   136.868636    67.298471    69.570165    62.469649    66.999744          0.0   289.375361   283.368408          0.0    -1.465407     3.138319
      2044.0     9.040703   463.505509   462.741810  1839.579004     2.791977   136.093992    66.724087    69.369905    62.299703    66.960913          0.0   289.393705   283.283248          0.0    -1.994313     3.458915
      2045.0     9.593854   464.652899   464.057353  1840.562779     2.900968   136.552506    67.135987    69.416519    62.085418    67.027084          0.0   289.325648   283.116318          0.0    -1.206640     3.957891
      2046.0     9.158486   465.725236   466.000698  1841.775303     2.831139   137.665766    67.765308    69.900457    62.930374    67.272474          0.0   289.504709   283.500579          0.0    -1.450510     3.129575
      2047.0     8.585525   466.723653   467.718058  1842.175401     2.748556   138.068917    67.811405    70.257512    63.276254    67.717850          0.0   289.552069   283.560826          0.0    -1.623806     4.041499
      2048.0     8.548669   467.649046   469.400250  1842.665605     2.660711   139.527557    68.692046    70.835510    63.953392    68.242063          0.0   289.597478   283.680810          0.0    -1.232208     3.798466
      2049.0     6.830311   468.501353   470.599333  1843.410203     2.768032   136.483736    66.748368    69.735368    63.693319    67.568597          0.0   289.527726   283.309334          0.0    -2.019312     3.130679
      2050.0     6.102722   469.281780   470.889876  1843.169670     2.713454   134.017878    65.464934    68.552944    62.951261    66.299713          0.0   289.541655   283.428631          0.0    -1.125322     3.588985
      2051.0     7.543145   469.991085   472.559564  1843.164903     2.615638   138.283925    68.207633    70.076292    63.992234    67.794952          0.0   289.501292   283.392201          0.0    -1.257006     3.807484
      2052.0     4.429452   470.635497   473.880672  1842.606958     2.495274   137.078934    66.702903    70.376031    65.349711    67.578596          0.0   289.755028   283.880832          0.0    -2.196801     2.786831
      2053.0     8.129921   471.222810   475.452165  1841.258318     2.525344   141.748605    70.108516    71.640089    64.909226    68.943785          0.0   289.644734   283.739193          0.0    -0.406762     5.383200
      2054.0     7.164937   471.752218   477.397235  1842.200511     2.365260   140.180562    68.926272    71.254290    64.478549    69.148341          0.0   289.534255   283.482444          0.0    -2.167140     3.727599
      2055.0     6.194787   472.224522   477.842327  1842.382297     2.423969   137.608493    67.354448    70.254044    63.796848    68.094637          0.0   289.617681   283.664273          0.0    -1.185280     4.116002
      2056.0     7.052847   472.638897   479.057136  1843.245588     2.362867   139.401357    68.675271    70.726086    64.045714    68.965902          0.0   289.702468   283.749700          0.0    -1.505440     4.056898
      2057.0     3.807731   472.996340   478.990645  1843.389837     2.419869   135.554473    65.898239    69.656233    64.460478    67.814161          0.0   289.651207   283.746936          0.0    -1.849430     3.209434
      2058.0     4.311422   473.296682   478.613547  1842.426448     2.260106   135.629938    66.335011    69.294927    64.103845    66.986384          0.0   289.628599   283.660525          0.0    -0.274276     3.845928
      2059.0     7.036300   473.539099   479.963325  1842.464622     2.275253   138.812019    68.558094    70.253925    63.482137    68.784800          0.0   289.610618   283.557220          0.0    -1.576483     5.264489
      2060.0     4.936845   473.725462   480.208911  1843.443630     2.163853   135.988388    66.638084    69.350303    63.438641    67.868182          0.0   289.545327   283.418770          0.0    -1.475684     3.450533
      2061.0     6.000941   473.853866   481.235303  1844.022940     2.148519   138.518701    68.465578    70.053123    64.080216    68.764755          0.0   289.573605   283.528391          0.0    -1.325569     4.105228
      2062.0     4.745860   473.935193   481.313894  1844.680248     2.128784   134.914053    66.127148    68.786905    62.864912    67.724971          0.0   289.565097   283.461411          0.0    -1.676414     4.202751
      2063.0     7.106749   473.975548   482.295697  1844.926978     2.102795   140.731998    69.906749    70.825249    64.131812    68.771478          0.0   289.555127   283.580621          0.0     0.153468     4.392936
      2064.0     6.254339   473.975973   483.657888  1846.847738     2.116968   138.439617    68.504729    69.934888    63.526238    69.624283          0.0   289.481322   283.334094          0.0    -2.481746     4.177285
      2065.0     5.263688   473.934324   483.570819  1847.936876     2.034777   137.750272    68.022559    69.727713    63.863904    68.059999          0.0   289.494730   283.386916          0.0     0.049628     3.106958
      2066.0     5.542355   473.850761   484.709671  1848.890259     1.911466   137.838771    67.979925    69.858846    63.352506    68.579832          0.0   289.514794   283.391776          0.0    -1.738759     4.273943
      2067.0     2.682419   473.725137   484.584796  1849.073469     1.856525   136.244504    66.535414    69.709089    64.605842    67.837786          0.0   289.602287   283.613743          0.0    -1.177498     3.048733
      2068.0     2.338593   473.556489   485.131087  1848.182234     1.806688   137.840325    67.539675    70.300650    65.844273    68.577118          0.0   289.663638   283.685452          0.0    -1.583733     3.624081
      2069.0     4.633987   473.343878   485.691150  1847.629570     1.958963   137.878402    67.915415    69.962987    63.952130    68.361395          0.0   289.620946   283.578051          0.0    -1.006044     4.961929
      2070.0     3.924490   473.089295   486.215671  1848.260275     1.947987   137.090146    67.109355    69.980791    63.763611    68.670405          0.0   289.665725   283.707977          0.0    -2.085571     4.276089
      2071.0     4.305866   472.790753   485.919744  1848.458828     1.719549   138.654439    68.523349    70.131091    64.419983    68.442251          0.0   289.611480   283.669176          0.0     0.377024     3.823716
      2072.0     5.684718   472.438239   487.708062  1849.183050     1.866699   142.301611    70.795563    71.506049    65.369466    69.737296          0.0   289.607837   283.659104          0.0    -0.730051     3.643607
      2073.0     1.234013   472.021666   487.192505  1849.406668     1.663481   135.348926    65.875597    69.473328    64.569215    68.481943          0.0   289.676719   283.786436          0.0    -2.090788     3.689110
      2074.0     1.896465   471.542190   486.902315  1848.507985     1.664581   139.253811    68.417679    70.836133    66.300472    68.895378          0.0   289.606864   283.593042          0.0    -0.187510     3.493589
      2075.0     3.472790   470.999668   487.410549  1847.836040     1.529786   140.665179    69.500716    71.164463    65.503655    69.548660          0.0   289.505248   283.549553          0.0    -0.556178     4.716950
      2076.0     0.772734   470.396179   487.293397  1847.782543     1.693336   136.137544    66.417842    69.719702    65.228873    68.491970          0.0   289.639316   283.665529          0.0    -1.956976     3.316594
      2077.0    -0.585232   469.731639   485.583779  1846.408489     1.589887   134.023640    64.967489    69.056151    64.848468    67.259417          0.0   289.705173   283.886766          0.0    -0.582310     3.785003
      2078.0     2.890428   469.005109   485.458570  1845.925795     1.471481   138.724921    68.527400    70.197522    64.667861    68.762323          0.0   289.605639   283.708879          0.0    -0.109715     4.577157
      2079.0     1.804539   468.219608   485.489029  1845.672468     1.425369   138.467529    68.324454    70.143075    65.374586    68.820290          0.0   289.632650   283.677791          0.0    -0.526295     3.699031
      2080.0     2.184241   467.374072   485.815269  1845.107367     1.467540   138.634454    68.525684    70.108770    65.123024    68.809295          0.0   289.592138   283.527948          0.0    -0.609851     4.251372
      2081.0     2.317615   466.468456   486.227982  1845.591680     1.428366   137.846464    67.911461    69.935003    64.219978    68.879607          0.0   289.488368   283.339891          0.0    -1.380859     4.175316
      2082.0     0.009019   465.520790   485.493018  1845.783970     1.341901   135.573771    66.465787    69.107984    64.883429    68.075386          0.0   289.538241   283.546860          0.0    -0.874634     2.999667
      2083.0     0.481439   464.546196   484.575224  1844.891618     1.331651   135.693338    66.707943    68.985395    64.574093    67.998128          0.0   289.530932   283.488450          0.0    -0.372391     4.316387
      2084.0     0.045867   463.543593   484.090621  1844.919804     1.411658   135.193261    66.149671    69.043590    64.499220    67.864012          0.0   289.571831   283.642861          0.0    -1.229738     3.336606
      2085.0    -0.370198   462.512951   483.349704  1843.750753     1.187794   135.302684    66.269071    69.033613    64.724863    68.004445          0.0   289.615597   283.809213          0.0    -0.994458     4.448634
      2086.0     0.088657   461.452348   482.854188  1843.031108     1.269022   136.151904    67.033489    69.118414    65.022127    67.897913          0.0   289.523124   283.483027          0.0    -0.368907     3.595430
      2087.0    -0.027184   460.361646   482.495741  1841.912200     1.186746   135.859789    66.882300    68.977489    64.839517    67.765351          0.0   289.560428   283.740577          0.0    -0.524604     4.044742
      2088.0     2.842076   459.242053   482.928553  1841.672848     1.096949   139.599055    69.288162    70.310892    64.195873    69.112613          0.0   289.451942   283.538670          0.0    -0.257263     5.156092
      2089.0     1.602894   458.091447   483.194514  1843.120880     1.004130   137.195565    67.851988    69.343577    63.888831    68.956312          0.0   289.363696   283.408888          0.0    -1.370285     3.619450
      2090.0     0.328107   456.911745   481.906847  1843.980020     0.960431   134.251804    65.957025    68.294780    63.127700    67.595335          0.0   289.387695   283.420709          0.0    -0.350643     3.608495
      2091.0    -1.381563   455.700764   481.061086  1844.327073     0.958396   132.736515    64.685312    68.051203    63.519607    67.152508          0.0   289.465863   283.518174          0.0    -1.621436     3.285848
      2092.0     1.000733   454.489778   480.519406  1844.422476     0.880997   135.429293    66.886643    68.542650    63.260386    67.806265          0.0   289.368737   283.339923          0.0    -0.377941     4.450476
      2093.0     0.942332   453.306875   481.250789  1844.641649     0.716017   138.045462    68.327532    69.717929    64.646504    68.353090          0.0   289.404800   283.518424          0.0    -0.756940     3.487413
      2094.0    -2.353435   452.147895   480.666613  1844.499710     0.942113   132.087170    64.283032    67.804138    64.198025    67.204575          0.0   289.436123   283.570117          0.0    -2.337368     3.148489
      2095.0     0.714332   451.011916   480.243480  1843.488972     0.805275   136.552055    67.484035    69.068020    64.189151    67.858563          0.0   289.317575   283.294937          0.0     0.048606     4.680150
      2096.0    -0.849080   449.896952   480.561122  1843.303785     0.801277   133.859045    65.582883    68.276162    63.922877    67.416863          0.0   289.338264   283.330496          0.0    -2.151622     3.679172
      2097.0    -0.364520   448.800023   480.739631  1842.542682     0.759486   135.350621    66.512808    68.837813    64.353597    67.470720          0.0   289.343303   283.377900          0.0    -1.136421     3.878226
      2098.0    -1.603021   447.721997   480.964951  1842.077950     0.677522   133.166675    65.086749    68.079926    64.192177    67.468547          0.0   289.373285   283.332706          0.0    -2.607119     3.741102
      2099.0    -1.999793   446.659978   480.270660  1840.888744     0.714277   132.228881    64.202931    68.025949    63.730470    66.601843          0.0   289.478343   283.658835          0.0    -1.704620     4.060579
      2100.0    -1.268859   445.612981   479.705036  1840.243513     0.676474   131.239319    63.681979    67.557341    62.503051    66.312180          0.0   289.461499   283.578152          0.0    -2.064578     4.454361