        time     emission          CO2         cveg        csoil        fgco2         fgpp         fnpp           ra          frh     fvegsoil         fluc          tas     tas_land        cprod     fcvegout    fcsoilout
      1850.0     4.331469   285.736250   512.026287  1507.598323    -0.020292   120.472656    60.140296    60.332361    61.810319    61.079233     0.000132   286.758974   280.786550          0.0     0.481400    -0.654991
      1851.0     6.263985   288.593493   511.762181  1507.338170     0.364407   121.527641    61.029962    60.497680    61.213496    61.270001     0.000131   286.698411   280.693860          0.0     0.024066     0.316658
      1852.0     8.355503   291.479541   512.654307  1506.893960     0.672017   123.941023    62.919379    61.021643    61.380333    61.160196     0.000132   286.753322   280.862541          0.0     0.867058     0.224073
      1853.0    10.389254   294.394260   515.133373  1507.074315     0.963222   126.810860    64.737556    62.073304    61.517004    61.924232     0.000132   286.714967   280.726542          0.0     0.334258     0.226873
      1854.0     9.428568   297.338377   517.018948  1507.737114     1.171842   125.391572    63.735661    61.655911    61.747006    62.240191     0.000132   286.659102   280.724263          0.0    -0.390106    -0.169614
      1855.0     9.363843   300.311626   518.686369  1508.011741     1.338898   125.424693    63.906329    61.518364    62.211479    62.214712     0.000133   286.696081   280.881612          0.0     0.024196    -0.271394
      1856.0     9.665765   303.314732   520.301368  1508.106237     1.582903   125.497311    63.622268    61.875043    61.933067    62.581801     0.000133   286.564615   280.494062          0.0    -0.574533     0.554238
      1857.0    10.002442   306.348002   521.243359  1508.593559     1.738601   126.536521    64.301099    62.235422    62.495142    62.969888     0.000133   286.791114   280.923756          0.0     0.389221    -0.012576
      1858.0     9.843719   309.411475   522.155936  1509.363203     1.863218   125.767444    63.717693    62.049751    62.259377    63.098346     0.000133   286.814850   280.785827          0.0    -0.293231     0.069324
      1859.0    10.958658   312.505383   523.405813  1509.976923     1.958213   127.160694    65.049683    62.111011    62.636222    62.658415     0.000134   286.752458   280.715975          0.0     1.141391    -0.591526
      1860.0    11.112120   315.630517   525.728377  1510.560428     2.098556   127.868469    65.109453    62.759016    62.749354    63.676225     0.000134   286.826191   280.818870          0.0    -0.889336     0.343367
      1861.0    11.609808   318.787029   527.670201  1510.629508     2.060431   129.605084    66.589743    63.015341    63.760637    63.532977     0.000135   286.869571   281.044887          0.0     1.114942    -0.296740
      1862.0    13.544483   321.974553   531.059618  1511.442987     2.229507   130.869759    67.426504    63.443255    62.897824    64.468249     0.000135   286.766075   280.923530          0.0    -0.431163     0.756947
      1863.0    12.486114   325.194501   533.675323  1512.822256     2.304025   129.201041    66.033546    63.167494    62.706785    63.924168     0.000136   286.789321   280.768440          0.0    -0.506327    -0.161886
      1864.0    12.106685   328.446405   535.502423  1513.435747     2.430011   130.079666    66.476704    63.602962    63.723395    64.087879     0.000137   286.817270   280.889312          0.0     0.561726    -0.249006
      1865.0    14.114555   331.730913   538.193242  1514.595751     2.574544   131.684037    68.023963    63.660074    63.476730    64.891614     0.000137   286.731435   280.725651          0.0     0.441530     0.254880
      1866.0    13.351221   335.048416   541.456313  1515.875753     2.615958   132.583411    68.032624    64.550788    64.360388    65.470356     0.000138   286.946451   281.169751          0.0    -0.700803    -0.170035
      1867.0    13.186613   338.398679   543.949865  1516.428568     2.539240   132.817102    68.371537    64.445565    64.856938    65.487992     0.000138   286.898810   281.060446          0.0     0.389992     0.078239
      1868.0    14.253067   341.782556   547.043861  1517.647360     2.795600   134.344685    69.127125    65.217559    64.874000    66.263069     0.000139   287.042866   281.158014          0.0    -0.229939     0.170276
      1869.0    13.507085   345.200493   549.715864  1518.505722     2.874948   134.812163    69.194796    65.617368    65.839515    66.638535     0.000139   287.170537   281.351509          0.0    -0.115743    -0.059341
      1870.0    13.640142   348.652248   551.806891  1519.664858     2.951552   133.309669    68.551212    64.758456    65.211477    66.008355     0.000140   287.056831   281.107419          0.0     0.451831    -0.362258
      1871.0    16.111452   352.139087   555.558340  1520.736525     3.101417   136.145879    70.489292    65.656588    64.902809    66.711356     0.000141   287.104614   281.257067          0.0     0.026487     0.736880
      1872.0    13.932464   355.660480   558.502675  1522.286700     3.193334   134.940269    69.211517    65.728751    65.969506    66.808437     0.000141   287.263014   281.561226          0.0    -0.541254    -0.711244
      1873.0    13.879471   359.216987   560.804307  1522.758983     3.177480   136.197434    69.663681    66.533754    66.533565    67.105596     0.000142   287.326189   281.693809          0.0     0.256452     0.099748
      1874.0    15.364366   362.809276   564.024117  1523.329052     3.228110   137.655967    71.135772    66.520195    66.647574    67.412972     0.000143   287.195934   281.610452          0.0     0.502991     0.195329
      1875.0    15.862829   366.437205   567.925270  1524.455861     3.301799   138.750787    71.638165    67.112621    66.801074    68.463648     0.000144   287.238063   281.499002          0.0    -0.726635     0.535765
      1876.0    17.741176   370.101742   571.638362  1525.789428     3.256439   141.908939    74.342150    67.566788    67.659291    68.659839     0.000145   287.154117   281.366280          0.0     1.969219    -0.333019
      1877.0    18.520309   373.802667   577.541745  1527.592494     3.343558   142.799291    74.771662    68.027629    67.474260    69.597847     0.000146   287.126719   281.240756          0.0    -0.729568     0.320522
      1878.0    15.234927   377.540698   580.887715  1530.482557     3.356648   139.220825    71.138641    68.082184    67.218711    70.705330     0.000146   287.366595   281.531546          0.0    -2.912658     0.596555
      1879.0    11.959328   381.315953   580.115855  1532.057388     3.268768   137.826695    70.213575    67.613120    69.560613    69.481790     0.000146   287.704545   282.151053          0.0     1.503645    -1.653655
      1880.0    18.275118   385.129242   584.139136  1532.220030     3.524513   144.488143    75.866872    68.621271    69.234844    70.081946     0.000147   287.457894   281.843247          0.0     1.761646     0.684460
      1881.0    18.972796   388.980613   589.960051  1533.874011     3.626503   144.870260    75.735410    69.134851    68.588772    71.007840     0.000149   287.492149   281.839893          0.0    -1.093345     0.765087
      1882.0    16.912881   392.870235   593.329943  1535.566157     3.594382   143.724237    74.536290    69.187947    69.498883    70.533960     0.000149   287.705171   282.212938          0.0     0.632438    -0.657069
      1883.0    16.665378   396.799124   597.124340  1537.505012     3.715567   142.878965    73.581900    69.297065    68.996781    71.037634     0.000150   287.742417   282.151848          0.0    -1.250131     0.101999
      1884.0    16.717041   400.767148   599.884485  1538.131671     3.713506   145.043661    75.422470    69.621190    70.866949    71.211761     0.000151   287.716830   282.128848          0.0     1.450564    -0.281847
      1885.0    19.702331   404.774826   605.309595  1539.649619     3.732579   147.185129    77.511648    69.673481    70.074332    71.752291     0.000152   287.554704   281.730569          0.0     0.334247     0.160011
      1886.0    20.814354   408.822517   611.574034  1541.689787     3.719348   149.715838    78.348070    71.367768    69.870690    73.216256     0.000153   287.650702   281.879746          0.0    -1.132625     1.305398
      1887.0    15.607101   412.910771   614.204461  1544.702914     3.650828   145.919352    74.491001    71.428351    71.238716    73.909227     0.000154   287.969521   282.412444          0.0    -2.048654    -0.342616
      1888.0    16.995597   417.039764   615.173303  1546.623707     3.806141   147.750266    77.004053    70.746213    72.605320    73.083017     0.000154   287.891612   282.268035          0.0     2.952194    -1.443096
      1889.0    19.464428   421.210115   620.149253  1547.955627     3.902582   149.001556    77.927648    71.073907    71.244579    73.882906     0.000155   287.885732   282.346189          0.0    -0.931207     1.306406
      1890.0    20.235973   425.422256   624.961978  1550.161648     3.865638   151.765153    79.938495    71.826658    72.535905    74.184717     0.000157   287.861395   282.245992          0.0     0.941053    -0.557208
      1891.0    20.083966   429.676619   629.992602  1552.578756     3.973593   150.494390    78.686649    71.807741    71.633918    74.998643     0.000158   287.907086   282.375635          0.0    -1.342619     0.947618
      1892.0    17.659985   433.973256   632.843821  1555.146904     3.864671   150.020292    78.116692    71.903600    73.469020    74.818637     0.000158   288.052748   282.643428          0.0     0.446835    -1.218530
      1893.0    20.737696   438.313076   637.814417  1556.152831     4.037016   154.338941    81.601915    72.737027    74.140814    75.474889     0.000159   288.014073   282.539007          0.0     1.156429     0.328149
      1894.0    20.693290   442.696215   643.433882  1558.353836     4.094161   153.955580    80.726452    73.229128    73.459131    75.957296     0.000161   288.100775   282.579336          0.0    -0.850309     0.297160
      1895.0    20.144480   447.123199   647.741249  1560.997366     4.048217   153.703591    80.484603    73.218988    73.813499    76.737164     0.000162   288.076627   282.513603          0.0    -0.559928     0.280135
      1896.0    20.640652   451.594305   651.912352  1563.058862     4.092993   156.270425    82.424947    73.845478    75.396382    76.462073     0.000162   288.163196   282.750553          0.0     1.791772    -0.995805
      1897.0    22.720950   456.110379   657.929543  1565.353112     4.122050   157.070218    83.261561    73.808657    74.277492    77.368646     0.000164   287.996835   282.425365          0.0    -0.124276     0.796905
      1898.0    22.904982   460.671262   664.012340  1568.391667     4.118050   158.398880    84.122897    74.275983    75.046198    78.283406     0.000165   288.075344   282.589290          0.0    -0.243306     0.198652
      1899.0    21.809835   465.277984   669.971283  1571.211165     4.053563   159.568520    83.910509    75.658011    75.962063    79.369689     0.000166   288.320879   282.904150          0.0    -1.418123     0.588129
      1900.0    19.135905   469.931111   672.567388  1574.739828     4.101776   156.356234    81.248868    75.107366    76.121362    78.961047     0.000167   288.475787   283.046258          0.0    -0.308284    -0.688977
      1901.0    20.440307   474.630150   675.972244  1576.938580     4.216610   160.422805    84.176307    76.246498    77.956980    79.937366     0.000168   288.579374   283.251158          0.0     0.834084    -0.218366
      1902.0    21.193195   479.376595   680.240825  1579.373349     4.204994   160.758710    84.656752    76.101958    77.773851    80.499077     0.000169   288.508970   283.236403          0.0    -0.110906     0.290458
      1903.0    21.813725   484.170375   685.121845  1581.899479     4.348288   161.875905    85.211015    76.664890    77.951658    80.620594     0.000169   288.523980   283.208519          0.0    -0.290600     0.142806
      1904.0    22.585026   489.012112   689.132233  1584.610041     4.288923   164.266686    87.317484    76.949203    79.329562    81.723613     0.000170   288.483268   283.260612          0.0     1.583482    -0.316510
      1905.0    23.760052   493.902166   695.629124  1587.296970     4.315614   164.835274    87.552396    77.282877    78.519009    81.847496     0.000172   288.463863   283.035593          0.0    -0.791991     0.641558
      1906.0    22.194781   498.840958   700.217254  1591.077153     4.121979   164.334337    86.489477    77.844860    78.931490    83.007879     0.000173   288.641881   283.359586          0.0    -1.106532     0.296206
      1907.0    20.674422   503.829630   703.448126  1594.200294     4.189473   163.630979    86.083940    77.547039    80.220005    82.801071     0.000173   288.799501   283.511906          0.0     0.051998    -0.542075
      1908.0    24.221171   508.867913   708.311392  1596.713889     4.415239   168.036445    90.121162    77.915283    81.041864    82.759576     0.000175   288.661789   283.387295          0.0     2.498319    -0.795883
      1909.0    27.031265   513.956522   716.813559  1599.253277     4.407845   172.349061    93.122842    79.226218    81.333204    84.402665     0.000176   288.573372   283.341949          0.0     0.218011     0.530074
      1910.0    26.683951   519.096047   725.074782  1602.702182     4.384142   171.246932    91.907620    79.339312    80.549994    85.072583     0.000178   288.658339   283.229486          0.0    -1.426186     1.073684
      1911.0    22.493266   524.286883   729.861157  1607.089837     4.248920   168.958051    88.659833    80.298218    81.466913    85.793030     0.000179   289.018299   283.789733          0.0    -1.919571    -0.061538
      1912.0    21.734525   529.529703   732.706423  1610.216327     4.299856   170.821333    89.943015    80.878318    83.670446    86.086083     0.000180   289.130108   284.100933          0.0     1.011666    -0.710853
      1913.0    24.676884   534.825176   737.260746  1612.790107     4.561682   172.952963    92.639119    80.313844    83.798119    86.154064     0.000181   289.026540   283.953381          0.0     1.930732    -0.217835
      1914.0    26.539082   540.173460   745.071811  1615.869010     4.361986   176.318379    94.833067    81.485312    84.042608    87.338143     0.000183   289.056628   283.889618          0.0    -0.316141     0.216632
      1915.0    26.841948   545.575271   751.896725  1619.527523     4.555463   176.151354    94.597296    81.554058    83.811410    88.243758     0.000184   289.073768   283.973001          0.0    -0.471377     0.773835
      1916.0    25.297064   551.030814   758.208599  1623.328275     4.492476   177.395399    95.043192    82.352207    85.853602    88.661551     0.000186   289.190002   284.004516          0.0     0.069767    -0.992802
      1917.0    23.681383   556.541505   763.333724  1626.876256     4.370663   173.803029    91.558428    82.244601    83.980115    89.157417     0.000187   289.343527   284.259744          0.0    -2.724114     1.629321
      1918.0    20.820339   562.106558   764.955385  1631.148103     4.334259   172.876407    90.687521    82.188886    86.049588    88.536278     0.000187   289.519415   284.589748          0.0     0.529583    -1.785157
      1919.0    26.094581   567.727817   769.717616  1633.036176     4.493141   178.747659    96.301627    82.446032    86.668000    88.964187     0.000189   289.354392   284.369102          0.0     2.575209     0.408115
      1920.0    27.482444   573.405007   777.143577  1636.295461     4.685000   180.150666    97.003816    83.146849    86.293265    89.755918     0.000190   289.301970   284.273971          0.0    -0.178063     0.203369
      1921.0    26.318855   579.139109   783.615846  1639.714446     4.506231   180.533680    96.879741    83.653939    87.275176    90.719056     0.000192   289.440917   284.465703          0.0    -0.311583     0.024894
      1922.0    26.591002   584.930392   789.879338  1643.115707     4.342057   182.341512    98.209195    84.132317    88.290050    91.091960     0.000193   289.486587   284.532505          0.0     0.853743    -0.599350
      1923.0    30.378956   590.779584   798.987237  1646.055241     4.591040   186.530851   101.535053    84.995798    88.200227    92.245839     0.000195   289.487893   284.540496          0.0     0.181315     1.106078
      1924.0    27.318782   596.687440   806.035598  1650.791601     4.437797   183.219861    98.200066    85.019796    87.897066    92.860440     0.000196   289.531836   284.504763          0.0    -1.708736     0.227013
      1925.0    25.219495   602.654348   811.068963  1655.063045     4.436438   182.367232    97.415548    84.951684    89.336200    92.813042     0.000198   289.600296   284.672112          0.0    -0.430859    -0.794602
      1926.0    28.167111   608.681109   816.506485  1658.655476     4.541518   186.426491   100.675288    85.751202    89.880835    94.043208     0.000199   289.575500   284.589353          0.0     1.194559     0.569943
      1927.0    28.322249   614.767870   823.325307  1663.040301     4.518295   187.041002   100.944188    86.096814    90.099118    94.839279     0.000201   289.691094   284.765952          0.0    -0.713913     0.355335
      1928.0    26.646171   620.915507   828.842405  1666.981187     4.545727   187.115936   100.566317    86.549619    91.554364    94.729703     0.000202   289.789362   284.953255          0.0     0.319516    -0.765547
      1929.0    29.184227   627.124471   835.685964  1670.506396     4.672283   191.231531   103.813205    87.418326    92.520317    95.861073     0.000204   289.769893   284.845245          0.0     1.108574    -0.184454
      1930.0    27.788291   633.396042   842.111063  1675.278622     4.666991   186.886117   100.327114    86.559003    90.558163    96.081294     0.000205   289.721687   284.756379          0.0    -2.179279     0.750905
      1931.0    28.878239   639.729889   847.608810  1679.135909     4.571016   191.405301   103.986989    87.418312    93.164704    96.636574     0.000207   289.797314   284.754839          0.0     1.852668    -0.385417
      1932.0    28.969016   646.127103   854.669572  1683.082815     4.605333   191.361091   103.498837    87.862254    92.755003    97.033804     0.000208   289.849651   284.958168          0.0    -0.595729     0.331896
      1933.0    28.930161   652.588067   861.198552  1687.502817     4.562225   192.851229   104.137508    88.713721    93.525146    97.850994     0.000210   289.956933   285.108941          0.0    -0.242466    -0.094155
      1934.0    28.235116   659.114095   867.489306  1691.798381     4.521097   193.820875   104.573156    89.247719    94.753235    98.860965     0.000211   290.106204   285.398143          0.0    -0.578563    -0.187834
      1935.0    29.746153   665.705505   873.174532  1695.662900     4.770445   195.687013   106.704822    88.982191    95.762412    99.077945     0.000213   290.059487   285.290788          0.0     1.941651    -0.548985
      1936.0    32.937353   672.362406   882.300276  1699.370215     4.824941   198.488480   108.991652    89.496828    95.051972    99.577315     0.000215   290.012204   285.057758          0.0     0.288593     0.818028
      1937.0    29.676737   679.086408   890.169102  1704.106004     4.544407   196.192021   105.724822    90.467199    94.908084   100.401562     0.000216   290.184915   285.482827          0.0    -2.545566     0.757689
      1938.0    28.792871   685.876959   894.747793  1709.201404     4.586512   195.667725   106.011397    89.656327    96.262317   100.270889     0.000218   290.200946   285.451487          0.0     1.161817    -1.086828
      1939.0    28.410505   692.735670   900.273711  1713.636832     4.680848   195.763579   105.412712    90.350866    96.285449   101.339523     0.000219   290.269500   285.666391          0.0    -1.452728     0.618646
      1940.0    31.391437   699.663224   906.243067  1717.850488     4.727070   200.326639   109.534668    90.791971    97.619265   101.750884     0.000220   290.227363   285.519323          0.0     1.814429    -0.082037
      1941.0    30.321161   706.659449   913.134793  1722.286701     4.637377   200.258757   108.580544    91.678213    97.791925   102.702938     0.000222   290.400856   285.779614          0.0    -1.014121     0.474799
      1942.0    29.758282   713.726193   918.847520  1727.516865     4.675000   199.717236   108.562715    91.154521    98.524736   102.721537     0.000223   290.432427   285.801196          0.0     0.128452    -1.033363
      1943.0    30.050602   720.863767   925.104473  1731.335019     4.642218   201.418411   109.210142    92.208269    98.997864   103.453459     0.000225   290.543461   285.975442          0.0    -0.500270     0.637441
      1944.0    29.867481   728.072417   930.365921  1735.681702     4.627978   201.344857   109.162962    92.181894    99.270888   103.753755     0.000226   290.551971   285.922164          0.0     0.147759     0.136183
      1945.0    33.779412   735.353073   937.806120  1739.680453     4.864243   206.959609   114.561039    92.398571   101.146599   104.391802     0.000228   290.432808   285.562025          0.0     2.729037    -0.753548
      1946.0    31.650145   742.706399   946.538908  1744.428842     4.581154   204.586747   111.141320    93.445426    99.727776   105.700254     0.000229   290.583611   285.860829          0.0    -3.291721     1.224088
      1947.0    29.548916   750.133147   950.747033  1749.762207     4.662541   204.792428   110.373506    94.418921   101.298899   106.498282     0.000231   290.839257   286.400219          0.0    -0.332900    -0.133982
      1948.0    31.732056   757.634786   956.393743  1753.945688     4.596390   209.771456   115.069492    94.701964   103.905038   107.122094     0.000232   290.800122   286.285382          0.0     2.300688    -0.966426
      1949.0    34.712524   765.211200   965.280085  1757.443154     4.779765   212.797958   118.003380    94.794579   104.201032   107.421643     0.000233   290.683636   286.070814          0.0     1.695395    -0.276854
      1950.0    35.457770   772.863458   975.774591  1762.111668     4.771177   213.216708   117.307975    95.908733   102.913268   109.066464     0.000236   290.714610   286.148101          0.0    -2.252996     1.484682
      1951.0    33.504523   780.592079   982.966890  1767.454827     4.576456   213.557788   117.445553    96.112234   104.971950   109.471204     0.000237   290.864208   286.343774          0.0     0.782051    -0.843905
      1952.0    33.244829   788.397902   990.869274  1772.469562     4.752447   212.822796   116.384119    96.438677   104.510569   110.451994     0.000239   290.873547   286.233384          0.0    -1.970260     0.926691
      1953.0    29.188644   796.282068   994.238518  1778.558219     4.554461   209.197783   112.794077    96.403706   104.945522   110.347658     0.000240   291.129257   286.688284          0.0    -0.922825    -0.686522
      1954.0    30.160953   804.244890   997.709158  1782.447698     4.678791   212.455559   115.625964    96.829594   107.096890   110.451265     0.000241   291.194301   286.781318          0.0     1.704061    -0.535104
      1955.0    37.440596   812.287305  1006.941479  1786.028882     4.764029   220.246382   122.677737    97.568645   107.123718   111.332392     0.000243   291.077517   286.677186          0.0     2.113023     0.627490
      1956.0    34.410918   820.410099  1015.289743  1791.770337     4.788370   215.784079   118.536698    97.247380   106.207827   112.374053     0.000244   291.135226   286.583060          0.0    -2.185619     0.424771
      1957.0    33.269625   828.614169  1021.943883  1796.921850     4.686403   217.159043   118.963577    98.195465   107.847072   112.676144     0.000246   291.324502   286.924280          0.0    -0.366708    -0.322440
      1958.0    36.217046   836.900113  1030.029965  1800.449027     4.732031   222.547939   123.850629    98.697310   110.006644   112.848873     0.000248   291.278667   286.707212          0.0     2.915674    -0.684948
      1959.0    35.845912   845.269030  1038.925017  1805.934853     4.741980   221.088516   121.577955    99.510562   108.291706   115.058098     0.000250   291.425800   286.977649          0.0    -2.375196     1.280566
      1960.0    31.877502   853.721826  1043.802880  1811.669855     4.792488   219.746076   119.335374   100.410702   110.246621   115.166146     0.000251   291.674527   287.389028          0.0    -0.708634    -0.815476
      1961.0    38.401822   862.259092  1052.277672  1814.742782     4.721228   230.232901   129.720025   100.512876   114.215535   115.251169     0.000253   291.506450   287.123657          0.0     5.994064    -2.037293
      1962.0    42.755931   870.882119  1068.236182  1818.125616     4.630112   233.645856   131.537906   102.107949   111.770780   117.903451     0.000256   291.436075   286.975824          0.0    -2.324054     2.749837
      1963.0    38.199230   879.590304  1079.054649  1825.270244     4.517525   229.312815   126.835223   102.477592   111.693512   119.798239     0.000258   291.650552   287.257078          0.0    -3.781483     0.960098
      1964.0    35.826162   888.386139  1085.247400  1831.770615     4.748116   228.924077   126.169368   102.754708   113.817926   119.189275     0.000260   291.740572   287.382355          0.0     0.787342    -1.129022
      1965.0    34.090832   897.270565  1090.974571  1837.201704     4.778780   229.034534   125.716362   103.318172   115.319531   119.989904     0.000262   291.858023   287.603956          0.0    -0.000713    -0.760716
      1966.0    35.332179   906.243365  1097.544934  1842.145434     4.764364   228.822175   126.235091   102.587084   114.770648   119.803307     0.000263   291.865572   287.700436          0.0    -0.138579     0.088929
      1967.0    36.599840   915.305452  1104.628609  1847.163965     4.733055   232.064032   128.729141   103.334891   116.155824   121.172393     0.000265   291.852525   287.540466          0.0     0.473074    -0.001963
      1968.0    37.954173   924.458511  1113.027589  1851.872424     4.645449   233.965419   129.945910   104.019509   116.124336   121.368977     0.000267   291.917001   287.660981          0.0     0.177952     0.536181
      1969.0    35.784649   933.703705  1120.577056  1857.230655     4.635765   234.049458   129.227048   104.822409   117.761477   122.479567     0.000269   292.175217   288.098352          0.0    -0.801985    -0.640140
      1970.0    35.322861   943.039894  1126.924027  1861.436861     4.661868   234.089495   129.466669   104.622826   118.682717   121.973435     0.000270   292.148811   288.027291          0.0     1.146262    -0.915488
      1971.0    40.765141   952.470132  1136.254175  1865.243346     4.915167   239.464769   133.952225   105.512545   118.179528   124.372544     0.000272   292.120366   287.955449          0.0     0.249533     2.386531
      1972.0    34.798364   961.995455  1143.007997  1871.662115     4.561046   233.277536   128.171377   105.106158   118.213775   123.056451     0.000274   292.281008   288.165437          0.0    -1.638895    -1.576093
      1973.0    41.523927   971.615061  1151.850734  1875.709536     4.868620   242.760377   136.361301   106.399076   120.186444   124.869409     0.000276   292.306468   288.294000          0.0     2.649155     0.635544
      1974.0    40.882652   981.331691  1162.603591  1880.862225     4.843288   242.376001   135.719620   106.656381   120.367272   125.605371     0.000278   292.235025   288.083797          0.0    -0.638608     0.085410
      1975.0    39.446581   991.145068  1171.554016  1886.781353     4.712306   241.422725   134.177534   107.245192   120.336253   127.619921     0.000280   292.329179   288.151062          0.0    -2.392812     1.364540
      1976.0    35.387511  1001.056267  1176.513581  1893.305164     4.720212   240.452544   131.976971   108.475574   122.410934   126.278797     0.000282   292.612381   288.825653          0.0     0.738608    -2.655948
      1977.0    39.158012  1011.066369  1184.107862  1897.164899     4.689059   245.797102   136.477650   109.319453   123.320529   129.135040     0.000283   292.646470   288.779117          0.0    -0.251671     1.954776
      1978.0    39.008637  1021.177823  1191.128275  1902.706763     4.657540   243.088993   135.963209   107.125784   123.139726   127.833766     0.000284   292.513941   288.467575          0.0     1.109030    -0.847823
      1979.0    38.723574  1031.388916  1198.684546  1908.617334     4.713854   243.604817   135.404681   108.200135   123.134713   129.522150     0.000286   292.557321   288.580408          0.0    -1.673740     0.476867
      1980.0    38.450654  1041.702443  1205.218409  1913.495391     4.742600   245.116091   135.878772   109.237318   124.128555   129.594869     0.000288   292.690790   288.797670          0.0    -0.249959     0.588257
      1981.0    38.444523  1052.119875  1210.797535  1918.983691     4.651348   246.483832   137.220349   109.263482   125.606229   130.646781     0.000289   292.751654   288.788150          0.0     0.994442    -0.447747
      1982.0    35.614303  1062.641343  1216.131840  1924.271661     4.702191   244.686419   135.082970   109.603449   126.571410   129.862853     0.000290   292.889074   289.043555          0.0    -0.114188    -1.996527
      1983.0    42.525932  1073.267637  1225.127247  1927.736232     4.632721   251.698735   141.600493   110.098242   126.331015   131.425414     0.000292   292.778282   288.850773          0.0     1.179673     1.629828
      1984.0    39.909125  1083.999959  1233.352138  1933.437397     4.530137   251.511945   140.194269   111.317676   127.664751   132.982651     0.000294   292.960799   289.143422          0.0    -1.013273    -0.383264
      1985.0    41.656450  1094.840028  1241.554986  1937.639067     4.623056   253.304786   142.435749   110.869038   128.481224   132.809971     0.000296   292.913722   289.036590          0.0     1.422930     0.127077
      1986.0    41.924363  1105.788981  1251.005325  1943.084428     4.682180   253.651710   141.922008   111.729701   127.990512   134.332530     0.000299   292.943481   289.075952          0.0    -1.860861     0.896656
      1987.0    40.151981  1116.846723  1257.949196  1948.547982     4.568600   252.478680   141.046591   111.432089   129.005513   133.378842     0.000300   293.022414   289.182311          0.0     0.723878    -1.090224
      1988.0    43.801332  1128.015094  1266.546917  1953.371743     4.605093   257.012745   144.855448   112.157297   129.437048   135.859675     0.000302   293.007210   289.194085          0.0     0.398052     1.598867
      1989.0    39.707760  1139.295000  1273.410973  1960.044976     4.734300   252.489260   139.948170   112.541090   128.990011   135.571702     0.000304   293.093090   289.270768          0.0    -2.487587    -0.091542
      1990.0    39.774381  1150.688128  1277.700138  1966.168792     4.801640   255.746385   142.443419   113.302966   131.727033   136.269413     0.000305   293.279064   289.568636          0.0     1.884840    -1.581436
      1991.0    39.382489  1162.194832  1284.556406  1970.307475     4.475753   254.696407   141.544011   113.152395   131.135439   136.240929     0.000307   293.392428   289.771362          0.0    -1.553185     0.966807
      1992.0    38.398276  1173.817384  1288.938504  1976.061016     4.587926   252.671733   140.198822   112.472911   131.133282   136.357141     0.000308   293.440116   289.665433          0.0    -0.540417    -0.529682
      1993.0    36.560122  1185.555096  1291.955147  1980.570859     4.602118   251.443881   139.197592   112.246289   132.229582   135.057573     0.000309   293.538974   289.924037          0.0     1.123376    -1.681852
      1994.0    43.331023  1197.410268  1299.863616  1983.184394     4.599565   260.123070   146.571405   113.551664   133.080016   137.076247     0.000311   293.445938   289.745074          0.0     1.586689     1.382697
      1995.0    43.559602  1209.384626  1309.284593  1986.763719     4.735446   263.372910   148.126043   115.246867   134.795711   137.901450     0.000312   293.534697   289.912008          0.0     0.803616    -0.473587
      1996.0    43.535830  1221.479127  1318.663956  1991.190426     4.527172   262.979531   147.206264   115.773268   133.947217   139.124065     0.000315   293.659309   290.148581          0.0    -1.297165     0.750141
      1997.0    42.896775  1233.692933  1326.366371  1996.668139     4.520324   264.092095   148.223454   115.868641   135.850620   140.578671     0.000316   293.732570   290.194907          0.0    -0.057632    -0.749662
      1998.0    43.054180  1246.030618  1334.767396  2000.165017     4.509566   265.402358   148.502549   116.899809   136.225295   140.158635     0.000319   293.766226   290.297746          0.0    -0.057112     0.436463
      1999.0    39.469116  1258.490960  1338.981029  2005.960236     4.585075   258.492766   142.572647   115.920119   134.217112   140.551963     0.000320   293.867091   290.418345          0.0    -2.192950     0.539632
      2000.0    41.386390  1271.075874  1344.420059  2010.168702     4.639142   263.721865   147.393005   116.328860   137.439480   139.867603     0.000321   293.911720   290.368183          0.0     2.086372    -1.780343