        time     emission          CO2         cveg        csoil        fgco2         fgpp         fnpp           ra          frh     fvegsoil         fluc          tas     tas_land        cprod     fcvegout    fcsoilout
        1850    -2.352348   284.316986   512.210035  1507.751707    -0.035546   120.714717    59.968537    60.746181    62.505122    61.054082     0.037839   286.820902   281.013316            0     0.247125     0.694622
        1851     0.402213   284.450989   511.667203  1506.982542    -0.080525    121.61605    61.178611    60.437439    60.941993    61.117391      0.03918   286.565072   280.540851            0     0.604052     0.944563
        1852     1.068447   284.597992   511.914208  1507.589874     0.205487   122.612246    61.748878    60.863368     61.15977    61.680303     0.039128   286.636745   280.645283            0     -0.17843    -0.086798
        1853    -1.832434   284.730988   510.260503  1508.240971     0.084494    119.49553    59.196675    60.298855    61.357606    61.324434     0.039154   286.792308   280.878902            0    -0.474054    -0.684269
        1854    -0.456783   284.846008   508.828524  1507.780325    -0.056389   121.274232    61.214244    60.059989    61.820294    60.820188     0.039229   286.652064   280.506152            0     1.826034    -0.539461
        1855     0.088772    284.94101   508.828538  1507.985599     0.017768   120.785981    60.714636    60.071345    60.806721    60.896166     0.039175   286.602257   280.450347            0    -0.181543    -0.115829
        1856     0.737279   285.049011   508.452743  1508.347203    -0.041193   122.421395    61.853552    60.567843    61.265908    61.560965     0.039114    286.64956   280.515755            0     0.668382    -0.066547
        1857    -0.580012    285.20401   507.522626  1509.253445    -0.035282   119.288035    59.608183    59.679852    60.443915    61.125424        0.039   286.642191   280.416239            0    -0.587124    -0.224733
        1858    -0.034152   285.368988   506.339296  1509.407242    -0.005554   121.482741    61.254615    60.228126    61.595518    61.062419     0.038943   286.619559   280.468634            0     1.375527    -0.686896
        1859    -0.161796   285.545013   506.419761  1509.208828      0.05429   122.455303    61.609018    60.846285    62.160904     61.45039     0.038969   286.747883   280.918739            0     0.078163      -0.5121
        1860    -0.333629   285.739014    506.14039  1508.743396     0.048193   121.902381    61.201735    60.700646    61.968664    61.293781     0.027932   286.709655   280.726724            0     0.187324     -0.20945
        1861     0.105519   285.933014   505.807153  1508.151922    -0.013282   122.263333    61.746833      60.5165      62.0136    61.330789      0.02747   286.673826   280.783764            0     0.749282    -0.091338
        1862     2.561173   286.100006   506.782629  1508.351038     0.146864   124.309665    63.435649    60.874015    61.349335    61.852667     0.027542   286.523484   280.557363            0     0.607506     0.304217
        1863     0.534635   286.270996   507.805612  1508.537606     0.081747    123.00951    61.988656    61.020855    61.872315    61.893346     0.027501   286.663795   280.718696            0    -0.927673    -0.165537
        1864     -0.11342   286.441986   507.325864  1508.686612     0.023184   121.926632    61.597092    60.329541     62.07017    61.307891     0.027573   286.650799   280.622528            0     0.768948    -0.911285
        1865     2.123082   286.614014   508.338181  1508.566281     0.068417   124.258359     63.16411     61.09425    61.448112    61.957182     0.027589   286.527136   280.378104            0      0.19461     0.629402
        1866     0.301223   286.781006   508.462119  1509.142597      0.17047   123.359982    62.184064    61.175917    62.381226    62.075236     0.027621   286.767223   280.874843            0    -0.015109    -0.882307
        1867    -0.930657   286.954987    507.91052  1508.566493     0.106908   122.336352    61.270023    61.066329    62.650308    61.827845     0.027695   286.910443   281.016496            0    -0.006224    -0.246359
        1868     0.495078   287.105011   507.725282  1507.828171     0.094262   123.443219    62.393849     61.04937    62.284772     61.52388     0.027671   286.761016   280.751903            0     1.055208    -0.022571
        1869     1.998476   287.225006   508.894378  1507.690184     0.112783   125.476679     64.02166    61.455019    62.363774    62.220483      0.02767   286.723714   280.661754            0      0.63208    -0.005303
        1870     1.358335   287.355011   510.076856  1508.118934       0.1364   124.641185    63.086173    61.555012    62.090944    62.507382     0.050082   286.778881   280.781317            0    -0.603687    -0.012312
        1871     0.688845   287.493988   509.743453  1508.662406     0.132746   122.993845    62.268745      60.7251    61.957611    61.893032     0.050926   286.703464   280.610308            0     0.709115    -0.608052
        1872     1.934443   287.664001   510.608203  1508.659057     0.117706   125.251482     63.99397    61.257512    62.488093    62.184328     0.051108   286.684791   280.609475            0     0.944893    -0.300416
        1873     1.003983   287.859985   511.163098  1509.197294     0.119365    124.42548    63.146828    61.278653    62.628331    62.571398      0.05114   286.729683   280.657662            0     0.020534     -0.59517
        1874     1.618431   288.061005    511.79265  1509.232745     0.179447   125.750709    64.245654    61.505055    63.183225    62.847101     0.051427   286.652788   280.610833            0        0.769    -0.371575
        1875     2.265437   288.290985   513.057232  1509.601543     0.232421   126.664721    64.455462     62.20926    62.860451    63.693525     0.051638   286.776402    280.84489            0    -0.502646     0.464276
        1876    -0.729548   288.519989   511.733384  1510.502529     0.212558   123.133222    61.789058    61.344165    63.167097    63.115639     0.051631   286.841522   280.898588            0    -0.002734    -0.952443
        1877     1.123015   288.752014   511.339989  1510.475956     0.162298   125.655958    63.939458    61.716501    63.421133    62.982562     0.051603   286.794699   280.900718            0     1.350291    -0.411998
        1878     0.442967   288.993011     511.0291  1511.169453     0.287451   123.544826    62.420578    61.124247    62.726668    63.059458     0.051493   286.826873   280.928185            0    -0.327991    -0.360707
        1879     0.502182   289.221008   510.578812  1510.985053      0.26873   124.080817    63.026082    61.054735    63.226531    62.454824     0.051518   286.791498   280.744051            0     1.021547    -0.587307
        1880     0.277565   289.470001   510.752013  1510.511074     0.310975   124.825738    63.323023    61.502715    63.843923    62.930091     0.042631   286.856371   280.938593            0      0.21973    -0.439853
        1881     0.499422      289.737   510.534266   1510.30967     0.262304   125.189079    63.584282    61.604798    63.873174    63.301298     0.042445   286.839902    281.00103            0     0.500731    -0.370472
        1882     2.177368   290.019012   511.535389  1510.106843     0.389059   126.477179    64.480758    61.996421    63.250493    63.463645     0.042378   286.735588   280.634226            0      0.01599     0.415979
        1883     -0.40392      290.263   510.509572  1510.561961     0.402773   122.984571    61.854702    61.129869    63.138647    63.154171     0.042213   286.898439    281.01705            0    -0.273652    -0.439594
        1884     1.546564   290.511993   509.284971  1511.568715     0.590831   122.990163    62.743685    60.246478    62.275805     62.90125     0.042268   286.499359   280.318662            0     1.067036     -0.38131
        1885     1.170117   290.796997    509.16223   1511.91989     0.458251   124.110845    63.355101    60.755744     63.20771    62.991772     0.042315   286.587142   280.583206            0      0.48607    -0.567112
        1886     2.101284   291.100006   509.643854  1511.733518     0.333457   125.772019    64.683028    61.088991    63.518008    63.138653     0.042318   286.481598   280.353324            0     1.062751    -0.192983
        1887     1.601749   291.414001    510.79008  1511.948073      0.23917   125.372242    63.844175    61.528067    63.107702     63.34185     0.042409   286.628648   280.634447            0    -0.643901     0.019593
        1888    -0.770138      291.763   509.737065  1512.421686     0.240421   123.625794    62.148863    61.476931    63.860065    63.573195     0.042397   286.849085   280.934046            0    -0.371317    -0.760483
        1889     0.875145   292.113007   508.818273  1511.897019     0.181507   125.972056    64.513741    61.458315    64.522936    63.552802     0.042351   286.832323   280.933893            0     1.879731    -0.445467
        1890     1.173619   292.458008   509.371922   1511.84787     0.331881    125.37066    63.832992    61.537667    63.680335    63.895569     0.045448   286.753882   280.774925            0    -0.616227     0.264384
        1891     1.984937    292.81601   509.160795  1512.224256     0.443517   125.174119     64.29779    60.876329    63.473008    63.562097     0.045569   286.570263   280.429725            0     0.946821    -0.287298
        1892     1.907958   293.166992   509.864265  1512.583339     0.372716   126.626887    65.092642    61.534245    64.258947    63.785835     0.045717   286.767182   280.864636            0     0.603337    -0.832195
        1893     1.614422    293.47699   510.211053  1512.795921     0.297245    125.69049    64.398001    61.292489    63.695136    63.861017     0.045692    286.68268   280.589535            0     0.190196      -0.0467
        1894     1.619638   293.790985    510.68216  1513.140098     0.353726   126.773457     64.76197    62.011487    64.118922    64.657076     0.045653   286.768675   280.719533            0    -0.366213     0.193976
        1895     0.163218    294.07901   510.004166  1513.508201     0.365923   126.196935     64.35889    61.838044    65.129156    64.108044     0.045662   286.907321   280.862011            0      0.92884    -1.389214
        1896     1.993091    294.36499   510.610915  1512.833986     0.405909   128.066019    65.814131    62.251888    64.790083    64.307654     0.045736   286.823265   280.853929            0     0.899728     0.191787
        1897      0.79524   294.645996   510.694577  1513.361595     0.260649   126.267888      64.3145    61.953389    64.332516    64.368407     0.045671   286.877535   280.912488            0     -0.13757    -0.491718
        1898     2.039556    294.95401   511.185485  1513.487776     0.399364   127.594506    65.533669    62.060837    64.503568    64.597208     0.045689   286.784334   280.780064            0     0.445553    -0.032541
        1899     1.064611   295.299988   511.362949   1513.45288     0.482021   127.191363    65.176786    62.014577     65.28502    64.814391     0.045784   286.847254   280.858759            0     0.184931    -0.435732
        1900     0.692788   295.674988   511.185871  1513.409151     0.345204   126.068824    64.241578    61.827246    64.636403    64.063376     0.055989   286.874766   280.929062            0     0.355279    -0.529298
        1901     1.641205   296.006989   511.260037  1513.403148     0.289706   127.946516    65.807805     62.13871    65.106789    64.792838     0.056368   286.827379   280.910138            0     0.940801    -0.307948
        1902     0.561602   296.325012   511.282933  1513.632483     0.329794   126.043566     64.47051    61.573055    64.859484    64.599682     0.056309   286.833076    280.87264            0    -0.152068    -0.489137
        1903    -0.281633   296.653992   510.309573  1513.801738     0.443163   124.605289    63.144601    61.460688    64.513594     64.48197      0.05622   286.687355   280.600421            0     -0.36401    -0.200879
        1904     1.358774    296.95401   509.185364  1513.924173     0.444355   126.116479    64.792671    61.323809    64.460718    64.156443     0.056291   286.620399   280.538775            0     1.760437    -0.426709
        1905     2.078734   297.289001   509.519258  1514.513785     0.484897    126.93076     65.44501    61.485749    64.508125    64.795966     0.056265   286.578586   280.405012            0      0.31515    -0.301771
        1906     1.467289   297.661987   509.377855  1514.840318     0.494898   126.765244    65.265438    61.499806    65.030773    64.689158     0.056383   286.676669   280.641792            0     0.717682    -0.668148
        1907     1.714486   298.097992   509.739127  1514.844806     0.561086   126.876278     65.20357    61.672707     64.92205    64.766241     0.056401   286.746121   280.679156            0     0.076057    -0.160298
        1908     1.005326   298.518005   509.236047  1514.963332     0.628981   126.477659    64.859745    61.617914    65.321411    64.587465     0.056224   286.785945   280.756127            0      0.77536    -0.852471
        1909     1.061409   298.936005   509.638174  1514.898778     0.473765   127.328391    65.287679    62.040712    65.533852    65.172348     0.056129   286.824953   280.825176            0    -0.286796    -0.296949
        1910    -0.353241   299.376984   508.505648  1514.594232     0.446456   126.205436    64.018409    62.187027    65.714453    65.215702     0.042523   286.940372   281.027654            0    -0.064767    -0.194206
        1911    -0.472884   299.828979   507.096005  1513.947011       0.5139   125.887382    64.375363    61.512019    66.282475    64.890332     0.041999    286.93558   280.957531            0     0.894674    -0.744922
        1912    -0.676316   300.352997   505.538953  1513.487887     0.504333   124.034186    63.044589    60.989597    65.299005    64.839225     0.041896   286.862551   280.877063            0    -0.237584    -0.000656
        1913      3.67187   300.910004   505.581461  1513.000631     0.582578   129.481103    67.576216    61.904887    65.630897    64.806096     0.041928   286.597942    280.60054            0     2.727612    -0.337545
        1914     3.420302   301.418976   507.319914  1513.753651     0.581252   128.106173    66.566406    61.539767    64.769082    65.585386     0.041907   286.522816   280.344755            0    -0.757433     0.063285
        1915     2.522398   301.936981   507.864746  1514.170973     0.538792   128.948163    66.756826    62.191338    65.834176    65.694844     0.041908   286.666172   280.633349            0     0.517149    -0.556655
        1916     1.166964   302.484985   507.872178   1514.30605     0.586844   127.794704    65.578552    62.216153    66.123157    65.831846      0.04201   286.773759   280.842861            0    -0.260726    -0.426388
        1917     0.842238   303.010986   507.895423   1513.61849     0.567368   128.822215    66.242072    62.580143    67.045051    66.008776     0.042038   286.891949   280.907996            0      0.21005    -0.348716
        1918     1.027868   303.448975   507.328196  1513.261942     0.490298   128.109516    65.945051    62.164466    66.297949    65.661965     0.042036   286.880142   280.939971            0     0.850313    -0.279436
        1919     1.949736   303.813995   508.088514  1512.773728     0.516367    130.10863    67.489646    62.618984    66.791377    66.030112     0.042051    286.86238   281.088493            0     0.699217    -0.273051
        1920     1.991439   304.246002   509.135419  1512.490508     0.489492   130.348232    67.517301    62.830931    66.878651    66.258518     0.056471   286.798289     280.8616            0     0.211878    -0.336913
        1921     1.933858   304.599976   509.512746  1512.509375     0.599269    129.60196    67.078359    62.523601    66.440335    66.143671     0.057065   286.824259   280.974094            0      0.55736    -0.315531
        1922     2.168944   304.944977   510.002243  1512.774719     0.605356   130.019785    67.537594    62.482191    66.651395    66.758299      0.05714   286.749643   280.788728            0     0.289799    -0.158439
        1923     1.123003   305.270996   509.839092  1513.564399     0.576311    128.06031     65.77245     62.28786     65.86281    66.356602     0.057064   286.829801   280.719102            0    -0.421001    -0.295889
        1924    -2.529348   305.629974   507.378741  1513.562494     0.452673   126.952202    64.676557    62.275645    68.365731    66.490154     0.057134   287.028251    281.11443            0     0.646754    -1.873672
        1925     0.286927   305.812988   506.867822  1512.204173     0.438061   129.928375    67.358258    62.570117    67.841981    66.665948     0.057058    287.07476   281.275519            0     1.203229     0.182288
        1926     2.270269   305.953979   507.633423  1511.796408      0.42667   132.254595    69.074461    63.180134    67.473987    66.925877     0.057055   286.880449   280.980578            0     1.382983    -0.140345
        1927     2.400115   306.176971   509.045551  1512.163387      0.45602   131.899066    68.964054    62.935013    67.437645    67.288349     0.057077   286.831224   280.933199            0     0.263576    -0.516274
        1928     1.011274   306.328979   509.949376  1512.537156     0.519906   129.586525    66.755664    62.830862    66.530929    67.525168     0.057001   286.848139   280.800204            0    -1.673329     0.620469
        1929    -0.081886   306.494995   508.244483  1512.840785     0.517413   129.419284    66.976987    62.442296    67.872927    66.642312     0.056817   286.905161   281.011021            0     2.039569    -1.534243
        1930    -0.121327   306.619995   508.076912  1512.724756     0.473097   129.922715    67.060337    62.862378    67.860923    66.990959      0.05997   286.925903   280.956563            0     0.236949    -0.753936
        1931     0.352133   306.821991   507.991171  1511.983112     0.357066   131.307072    68.301725    63.005347      68.6765    67.385775      0.06022   286.863666   280.832252            0     1.001691    -0.549082
        1932      2.06223   307.092987   508.530925  1511.824818      0.46189   130.490879    67.751197    62.739683    66.667594     67.10834      0.06023   286.811241   280.763277            0     0.103102      0.59904
        1933     0.478801   307.401978   508.168562  1512.019418     0.418889   130.397533    67.683301    62.714233    68.221078      67.2013     0.060171   286.878436   280.845409            0     0.844363    -1.214378
        1934     1.331588   307.784973   508.825742  1511.648005     0.370923   131.419343    68.266757    63.152586    68.061347    67.687674     0.060166    286.89356   280.898615            0    -0.078096     -0.00226
        1935     0.966333    308.22699   508.405409  1511.731205     0.361338   131.429733    68.359804    63.069929    68.635919    68.012001      0.05997   286.860639   280.898598            0     0.768136    -0.707118
        1936     3.942925   309.011993   509.479801    1511.3044     0.519323   133.871914    70.504376    63.367538    68.692072    67.971085     0.060023   286.820293    280.83653            0     1.458899    -0.294182
        1937     3.752103   309.763977   510.969168  1511.757942     0.680095   132.833768    69.535639     63.29813    68.004647    68.482498     0.060002   286.925374   281.051335            0    -0.436226     0.024308
        1938     2.432109   310.293976   511.276676    1512.4891     0.678566   132.720695     69.21362    63.507075    68.528562    68.890785     0.059916   286.984195   281.115021            0     0.015327    -0.368935
        1939     0.150184   310.850983   510.218366  1512.614264     0.634843   130.940586    67.829945    63.110641    69.440714    68.331875     0.059792   286.962057   280.870065            0     0.556379    -1.234003
        1940    -0.310619   311.356964   509.204786  1512.062857     0.646152   130.371895    67.118274    63.253621    69.088063    68.425698     0.064247   287.090426   281.186964            0    -0.293844    -0.110957
        1941     0.725013   311.810974   507.673071  1511.460509     0.769767   132.088156    68.853282    63.234874    69.800224    68.443817     0.064427   287.101778   281.346754            0      1.94118     -0.75406
        1942     1.988115   312.171967   507.939936  1511.238563     0.766176    131.28168    68.686874    62.594806    68.169158     68.12683     0.064351   286.872117   280.887668            0      0.29318     0.179618
        1943     0.740407   312.389984   508.072526  1511.455257     0.808499   131.566624    68.450204     63.11642    68.918162    68.426746     0.064308   286.956943   280.982952            0    -0.109132     -0.70811
        1944    -1.251686   312.412964   506.243933  1511.461649     0.670932   130.402163    67.570212    62.831951    69.477332    68.399935     0.064423   287.007894    281.11537            0      0.99887    -1.083789
        1945     1.046663   312.384979   506.186934  1510.868297     0.703595   131.911394    69.020996    62.890398    68.553955    68.426811     0.064391   286.950069   280.980308            0     0.651184     0.466207
        1946    -1.840946   312.389984   504.894917  1511.233676     0.609094   129.687232    67.003149    62.684083    69.399647    68.208103     0.064197   287.024785   281.166583            0     0.087065    -1.556923
        1947    -0.515922   312.485962   504.167978  1510.020786     0.677348    130.90088    68.189056    62.711824    69.522541    68.070793     0.064127   286.976105   281.037833            0     0.845202    -0.238859
        1948    -1.258839   312.520966   503.566254  1509.336159     0.680827   131.390662    68.258648    63.132014    70.208606     68.72651     0.064233   287.112779   281.260688            0     0.133862    -0.797468
        1949     -2.29368   312.631958   501.730953   1508.04028     0.558144   130.321982     67.57405    62.747932    70.598084    68.371512     0.064101   287.234566   281.343133            0     1.037839    -0.930693
        1950     1.176035   312.820984   501.494876  1506.918411     0.661956   133.266253    69.991431    63.274822     69.78526    69.165131      0.09454   287.171369   281.357897            0     1.062378      0.50174
        1951    -0.602147   313.013977   501.265957  1506.921894     0.647974   131.148344    68.074248    63.074095    69.639775    68.937356     0.095489   287.077723    281.13418            0    -0.634188    -0.705901
        1952     0.095563    313.34198   499.165912  1506.635552     0.477801   132.330335     69.32789    63.002445    70.313019    69.203998     0.095446   287.057103   281.248509            0     2.223937     -0.82268
        1953     2.895609    313.72998   500.150291  1506.447228      0.64525   135.011767    71.512702    63.499065    69.993008    69.724032     0.095412   286.871227   280.986344            0     0.804291    -0.080653
        1954     2.066154   314.094971   500.359195  1507.276936     0.720137   134.010639    70.876957    63.133683     70.21257    70.124865     0.095455   286.873136   281.004156            0     0.543187    -0.917411
        1955     0.373937   314.414978   500.103631  1507.570887     0.635205   132.742849    69.638396    63.104453    70.485555    69.754793     0.095424   286.924848   281.020557            0     0.139166    -1.024713
        1956    -0.365627   314.697968   498.618175    1507.2844     0.619553   132.232492    69.254701    62.977791    70.747189    69.596665     0.095193   286.903584   280.853013            0     1.143493    -0.864037
        1957     -0.77844   314.991974   497.029329  1507.069044     0.510195   131.238842    68.658139    62.580703    70.477859    69.755836     0.094871   286.910714   280.795926            0      0.49115    -0.506668
        1958     2.089925   315.344971   496.618939  1506.885473     0.541438   135.865144    72.044997    63.820147    71.153509    70.290934     0.094553   286.952058   280.963493            0     2.164453    -0.679004
        1959     1.327636   315.806976   497.332291  1506.960839     0.648087   134.198854     70.86875    63.330104    71.078574     70.64137     0.094265   287.080784   281.139015            0    -0.485971     -0.51257
        1960    -0.369166   316.624969   495.833258   1506.80817     0.694994   131.465033    68.670836    62.794196    71.423678    69.979467     0.052875   287.139403   281.101386            0     0.190402    -1.291542
        1961    -0.196675    317.29895    494.32315  1505.422879     0.777351   132.685692    69.667521    63.018171     72.02542     69.89068     0.051073    287.25737   281.427805            0     1.286949    -0.749449
        1962     3.477987   318.043976    494.99116  1503.703385      0.74605   137.158111    73.298013    63.860098     72.10102    70.720401     0.051261   286.987798   281.067382            0     1.909603     0.338874
        1963     4.139831   318.649963   497.116199  1503.655487     0.953008   136.021373     72.59888    63.422493    70.650857    70.775626     0.051385   286.785312   280.713893            0    -0.301785     0.172666
        1964     1.976683   319.332947   497.066261  1504.604961     1.050882   132.798952     69.88587    62.913082    70.362687    70.808569     0.051495    286.75188   280.582721            0     -0.87276    -0.503592
        1965    -0.519948   319.815948   495.050782  1504.805213     0.938193   130.930101    68.493069    62.437032     70.92825    70.487769     0.051299    287.01269   281.168258            0     0.020778    -0.640733
        1966     0.748874   320.879974   493.141072  1503.984688     0.917484   133.173186    70.290235    62.882951    72.672955    70.651313     0.051265    287.07446   281.234766            0     1.548633    -1.201117
        1967     1.577823    321.47995   492.812641   1503.13574     0.921421    133.42101    70.842179    62.578831    71.412124    70.442828     0.051038   286.920948   281.044961            0     0.727781    -0.120347
        1968     3.167693   322.388947   493.629653  1502.208131     0.931396   135.897445    72.352106     63.54534    72.000191     71.09883     0.050927   286.988795   281.090366            0     0.436263     0.026248
        1969      3.14159   323.250946   494.381463  1501.492102     1.071871   136.460049    72.785344    63.674705    72.499919    70.924892     0.050954    286.95896   281.098834            0     1.108643    -0.858999
        1970     4.264788   324.782959   495.383944  1500.874582     1.160997   134.745116    71.574368    63.170748    71.693717    70.761638     0.038609   286.867553   280.825571            0    -0.189751    -0.314559
        1971     2.873172   325.399963   496.219951  1500.028099     1.030543   136.094565    72.627471    63.467093    72.060306    71.068827     0.038177    286.84336    280.74267            0     0.722638    -0.144997
        1972     5.822726   327.348969   497.288372  1499.796492     1.268101    136.14399    72.317459    63.826531     71.87416    71.765216     0.038224   286.864873   280.855769            0    -0.516178     0.122663
        1973     4.862368   329.908966   496.533316  1499.441402     1.448398   134.806636    70.818729    63.987907    72.816995    71.982804     0.038155   287.100924   281.204842            0    -0.409018      -0.4791
        1974     0.946146   330.755951   494.843611  1498.465674     1.287051   134.775017    70.956911    63.818106    73.062879     71.91873      0.03822   287.228371   281.413573            0     0.727885    -0.168421
        1975     1.167707   330.826965   494.354589   1497.71855     1.149517   136.158588    72.630532    63.528056    72.725395    71.483284     0.038139   287.180165   281.311325            0     1.636269    -0.494987
        1976     2.471907   331.544952   495.363834  1497.147568     1.291759   136.234557    72.316737    63.917821    72.627072    71.753902     0.038154   287.122212   281.107409            0     -0.44641    -0.302188
        1977     3.325089   333.352936   495.037775  1496.622982      1.23361   135.456283     71.49998    63.956303    73.219674     72.20476     0.038133   287.302122   281.487339            0     -0.37872    -0.490328
        1978     3.832474   335.009949   494.823801  1494.594856     1.197987   138.626165     74.10656    64.519605     74.96182    71.652058     0.038135   287.357938   281.600798            0     2.668476    -1.281635
        1979     7.179204    336.60495   497.633008  1492.940258     1.378768   140.052639    75.257449     64.79519    72.814507    72.225317      0.03836   287.085902   281.134675            0     0.222925     1.065408
        1980      6.71956   338.704956   499.607232  1493.367097     1.538495   139.124686      74.1343    64.990386    73.360832    73.450305     0.063443   287.182993   281.232854            0    -1.290228    -0.337366
        1981     4.172556    340.05896   499.700132  1492.862539     1.523666   139.755702    74.608938    65.146764    74.778194     72.97494     0.064612   287.246753   281.308159            0     1.541099    -1.298697
        1982     0.821746   340.643951    499.82798   1491.79633     1.463077   137.171476    72.112534    65.058942    73.934558    73.267749      0.06479   287.414019   281.528866            0    -1.283063     0.399401
        1983     4.290661   342.265961   498.461326  1491.388538     1.593739   137.976377    73.679785    64.296592    74.371352    73.007716     0.064867   287.324155   281.439177            0     2.038723    -0.955845
        1984     6.676188   344.007935   499.736177  1490.564943     1.709075   142.131991     76.54722    65.584772    75.223642    73.925837     0.065231   287.264533    281.24082            0     1.346532    -0.474211
        1985     6.869274   345.458954   502.184838  1489.896822     1.628606   143.086717    77.442542    65.644175    75.225626    74.311135     0.065555   287.281657   281.413902            0     0.682747    -0.246369
        1986     6.347718   346.902954   504.345712  1490.119757     1.578477   141.514316    75.764403    65.749912    74.003729    74.470149     0.065798   287.297789   281.404368            0    -0.866619     0.243485
        1987      5.82185   348.774933   504.419396  1490.397425     1.694994   141.104847    75.547084    65.557763    75.339877    74.175862     0.065908    287.47662   281.689949            0     1.297538    -1.441683
        1988     7.134406    351.27594   505.489894  1489.765367     1.832358   141.444793    75.472492    65.972301    75.429415    74.898299     0.065826   287.483564   281.744646            0    -0.496305     0.100942
        1989     5.147215   352.893921   505.512614   1489.19468     1.735833   142.114265    76.336997    65.777268    76.304667    74.671843     0.065726   287.397646   281.510617            0     1.642433    -1.062137
        1990     5.619776   354.072937   507.318741  1488.214833     1.694474   144.080132    77.503432    66.576701     76.04825    75.313899     0.040076   287.509853   281.753432            0     0.383406     0.245496
        1991     3.812998   355.352936   508.143668  1488.130017      1.77597   140.550199    74.631913    65.918287    75.281145    74.750475     0.038935   287.537469   281.747462            0    -0.943489    -0.445854
        1992     4.354905   356.228943   507.961507  1487.645216     1.828822   141.342513    75.953335    65.389178    75.253336    74.572445     0.038988     287.3127   281.390527            0     1.563051    -0.196091
        1993     5.192068   356.924957   509.235097  1487.815946     1.787665   142.391019    77.161776    65.229244    75.200014    74.877725     0.039216   287.176591    281.17206            0     1.010461    -0.493019
        1994     5.637919   358.253967   511.377114  1487.744371     1.722507   143.256038    77.121027    66.135011      75.9958    75.512242     0.039358   287.412296   281.668194            0    -0.533232    -0.411983
        1995     7.147344   360.238953   512.637237  1487.314152      1.77609   144.407813     77.65539    66.752423    76.470795    75.844084     0.039495   287.517008   281.841148            0     0.551183    -0.196491
        1996      4.85567   362.004974   513.052105  1487.232306     1.686545   142.197317    75.762328    66.434989    76.313693    76.028314     0.039478   287.608664   281.974734            0    -0.680855    -0.203533
        1997     3.987393   363.251953   513.526278  1486.195017     1.749886   143.888107    77.151489    66.736618    77.529331     75.77722     0.039545   287.703774   281.901927            0     0.900096    -0.714823
        1998     8.174499   365.932953   514.553634  1484.926482     1.868327    146.30889    78.988713    67.320178    78.350879    76.191617     0.039673   287.799833   282.119634            0      1.76974    -0.890726
        1999      7.61253   367.844971   517.318384  1483.626731     1.932599   147.728127    79.710547     68.01758    78.061624    77.233184     0.039794   287.870012   282.197223            0    -0.287389     0.471311
        2000     5.927019   369.124969   518.648504  1483.700819     1.896614   146.013638    78.430091    67.583547    77.022604    77.224261     0.102276   287.869347   282.359188            0     -0.12429      0.12757
        2001     5.699594   370.673004   519.518744  1483.523046     1.900071    146.73718    79.033772    67.703408    78.471315    76.816922     0.058792   287.928687   282.452647            0     1.346608    -1.476621
        2002     6.593729   372.834991   520.242081  1483.527495     2.034957   146.327659    78.481102    67.846557    78.422878    77.680051     0.102455   287.923235   282.264395            0     0.077714    -0.747276
        2003     7.964953    375.41098    520.79594  1483.133159     1.955003   148.848163    80.398409    68.449754    79.718263    77.624029     0.154631   287.950725   282.440301            0     2.220521    -1.699898
        2004     6.402021      376.987   522.285736  1482.499158     1.983616    147.90033     79.81594     68.08439    78.635814    78.199332     0.117161   287.899575   282.247396            0     0.126812     0.197518
        2005     6.207037   378.907013   522.564398  1482.078357     1.997387   147.867224    79.955999    67.911225    79.748875    77.513534       0.0853   287.923817   282.408751            0     2.163804     -1.81454
        2006     9.597257    381.01001   525.485388  1481.283988     2.033887    149.74432    81.365641    68.378679    78.206082    78.433338     0.073596   287.757463   282.152987            0     0.011313     1.021625
        2007     6.718081   382.603027   527.276829  1481.827477     2.230314   148.112578    79.514716    68.597862    78.323204    78.029538     0.095377   287.808318   282.143332            0    -0.306262    -0.837155
        2008     7.623735   384.739014   527.146315  1482.323812     2.160791   149.127044    80.633573    68.493471    79.601575    78.700191     0.116698   287.936503   282.352348            0     2.063895    -1.397719
        2009     6.521784   386.280029   528.311669  1482.620876     2.168743   150.713868    81.530663    69.183204    80.192753    79.591993     0.265786   288.108507   282.545756            0     0.773316    -0.897823
        2010     3.415198   388.717041    526.60572  1482.842229      2.15724   147.198726    78.004844    69.193882    81.797347    78.637608     0.138085    288.40489   283.019624            0     1.073185    -3.381091
        2011     6.125583      390.944   525.955459  1480.373586     2.103062   150.293923    81.608575    68.685348    82.203048    78.935822     0.124337   288.256338   282.674331            0     3.323014    -0.798583
        2012     9.586377   393.015991   528.294295  1479.622968      2.42975   153.379238    83.801233    69.578005    80.889671    80.132653      0.16633   288.103367   282.525442            0     1.329744    -0.006401
        2013     8.936167   395.724976   529.912746  1479.868025     2.366897   153.534986    83.075961    70.459025    82.103822     80.76228     0.170461   288.322018   282.848821            0      0.69523    -1.586599
        2014     5.464958   397.546967   530.817508  1479.266819     2.135465   153.861039    83.311442    70.549598    83.749012    80.897564     0.112065     288.3899   283.071178            0     1.509116    -2.250243
        2015     9.977554   399.949402   533.590987  1479.015276     2.497211   155.792815    85.209514    70.583301    82.837445    81.024637          0.0   288.363094   282.949285            0     1.411397    -1.561265
        2016    12.473256   403.116974   537.174154  1478.573515     2.407072   155.902632    85.132397    70.770235    81.660281    82.011905          0.0    288.28592   282.866318            0    -0.462676     0.793385
        2017    10.527809    405.74295   538.736281   1479.40356     2.414415    157.10632    86.059295    71.047025    83.389444    82.503214          0.0   288.316034   282.881432            0     1.993954    -1.716276
        2018    12.470796   408.556976   541.966205  1479.757398     2.583472   159.555216    87.768555    71.786661    83.724996    83.056584          0.0   288.330226   282.834188            0     1.482048     -1.02225
        2019     9.302122   411.339966   544.094332  1480.379837     2.542871   157.336469    85.205108    72.131361    84.222753    84.179125          0.0   288.521015   283.233734            0    -1.102143    -0.666067
        2020     9.461034   414.100952   544.334769  1480.435993     2.503542   157.979859    86.387555    71.592304    85.159735    83.950111          0.0   288.585363   283.219638            0     2.197007    -1.265781
        2021     9.437075   416.842957   546.171515  1479.827881     2.511095   159.142183    86.875084    72.267099    85.705493    84.544131          0.0   288.718163   283.492154            0     0.494206    -0.553249
        2022     8.245226   419.610962   547.100663  1479.581941      2.55416   158.605952    86.081419    72.524534    86.204404    84.919363          0.0   288.826029   283.469376            0     0.232908    -1.039101
        2023     7.662853   422.441956   547.271753  1478.420733     2.515512   158.391501    85.709544    72.681958    86.510131    84.387576          0.0   288.931325   283.786105            0     1.150878    -0.961347
        2024    12.092661   425.334961   549.611835  1477.462007     2.747016   163.030813    90.019495    73.011318    86.753199    85.625952          0.0   288.836512   283.586467            0     2.053462    -0.168521
        2025    10.124585   428.289948   551.845768  1477.619633     2.674076   159.892935    87.099023    72.793912    85.860403    85.831098          0.0   288.809762   283.478303            0    -0.966008    -0.186932
        2026    10.709259   431.307953    552.82408  1477.576178     2.824186   161.544677     88.69493    72.849747    87.162457    86.136444          0.0   288.822921   283.656894            0     1.580174    -0.982557
        2027     9.812256   434.386963   555.128921  1476.720984     2.663326   161.281975    88.080744    73.201231    87.413648    85.447069          0.0   288.940757   283.660798            0     0.328834    -1.111386
        2028    12.087269   437.527954   557.716625  1475.230822     2.715853   164.708621    91.201464    73.507157    88.443946    86.127218          0.0   288.896801   283.555242            0     2.486542    -0.826566
        2029    14.888796   440.730957   562.713713  1474.637424     2.822112   167.934173    92.957146    74.977026    87.635521    87.973993          0.0   288.963416   283.786496            0    -0.013934     0.931869
        2030    11.034197   443.996948   565.314152  1475.514556     2.875044    163.52681    88.557172    74.969637    87.276414    88.288969          0.0   289.104135   283.997682            0    -2.332235     0.135423
        2031     9.834092   447.324951   564.930813  1476.012873     2.855125   163.707976    89.599012    74.108964    89.629493    87.467722          0.0   289.262417   284.202113            0     2.514628    -2.660087
        2032     14.86881   450.695953   567.958231  1474.975269     2.968293   169.869748    94.796475    75.073273    89.996928     89.07396          0.0   289.080592   283.918406            0     2.695098     0.114636
        2033    14.252182   454.092957    573.17378   1475.17625     2.956099   169.707512    93.596744    76.110768    89.457155    90.167816          0.0   289.293523   284.219291            0    -1.786622      0.50968
        2034    11.770148   457.517944   574.325667  1475.625425     2.977482   169.077667    92.970958    76.106709    91.392674    90.259305          0.0   289.440158   284.524141            0     1.559766    -1.582544
        2035     12.39199   460.972961   577.091228  1475.282543     3.041952   169.106831     93.12104    75.985791    91.050079    90.101355          0.0   289.425227   284.456717            0     0.254124    -0.605842
        2036    11.651561    464.45694   579.153738   1475.12533       3.1321   168.410637    92.102884    76.307753    90.930252    90.678126          0.0   289.566152   284.687321            0    -0.637752    -0.094913
        2037     10.37307   467.972961   579.417525  1474.571353     3.049868   168.850462    92.731736    76.118726    92.822352    90.228245          0.0   289.654368   284.810365            0     2.239703    -2.040129
        2038    17.949095   471.520966   584.937982  1472.840382     3.183946   177.222357    99.492302    77.730055    92.208771     91.99215          0.0     289.4625   284.489966            0     1.979696      1.51435
        2039    14.675351   475.101959   589.198305  1474.455008     3.195722   172.779536    95.372235    77.407301    91.443358    92.715061          0.0   289.520637   284.530419            0    -1.603149    -0.342923
        2040    13.757502   478.716949   590.834784  1475.819895     3.209257   172.745733    95.403941    77.341793    92.479151    93.226898          0.0   289.631004   284.750204            0     0.540564    -0.617139
        2041    13.485521   482.365967   592.964126  1476.561972     3.138791   173.342272    95.878532    77.463741    93.233105    92.560353          0.0   289.661531   284.745005            0     1.188837    -1.414829
        2042    13.073615   486.032959   595.744912  1476.231332     3.178863    173.91655    95.672795    78.243755    93.517214    93.004107          0.0   289.708826   284.875803            0    -0.112098    -0.182467
        2043    13.178121   489.702942   597.733063  1476.224892      3.23253   175.680232    96.925758    78.754473    94.725329     93.57376          0.0   289.787695   284.986599            0     1.363847    -1.145128
        2044    15.654426    493.37796   601.708722   1475.56023     3.193583   178.635371   100.058623    78.576748    95.352504    94.238204          0.0   289.772352   284.867499            0     1.844761    -0.449637
        2045    17.975497    497.05896   607.270236  1475.664622     3.358095   179.925282    100.87126    79.054022    94.021987     94.83185          0.0   289.640307   284.510305            0     0.477896     0.705471
        2046    15.941431   500.746948   611.806619  1477.199408      3.34414   180.394689   100.224274    80.170415    95.407534     96.08107          0.0   289.801998     284.8844            0    -0.393179     -0.86125
        2047    12.894536   504.443939    614.93472  1477.787782     3.204621   178.705327    98.087906    80.617421    96.197697    95.697487          0.0   290.066669    285.30365            0    -0.737682    -1.088583
        2048    14.072401   508.149963   616.887393  1477.164191     3.248404   181.796403   101.063817    80.732586    98.057657    96.490384          0.0    290.10251   285.422889            0     2.620759    -0.943683
        2049    17.835443   511.866943   622.530039  1476.680943     3.408397   185.856174   104.362185    81.493989    97.775962    97.508232          0.0   289.963768    285.02029            0     1.211307     0.215518
        2050    16.487257   515.593933     627.4289  1478.421779     3.274385   183.169233    101.56189    81.607342    96.211178      98.6423          0.0   290.074777   285.226128            0    -1.979271     0.690286
        2051    13.690567    519.33197   628.462017  1480.305564     3.239554   181.348096   100.484766     80.86333    97.901101    98.126949          0.0   290.131979   285.269021            0     1.324701    -1.657938
        2052    15.458269   523.073975   631.576076    1480.6258     3.309952   183.140315   101.631864    81.508452    97.358822    97.976897          0.0   290.161182    285.30266            0     0.540907      0.29784
        2053    11.970744   526.812927    632.59902  1482.155893     3.287991   180.909641    99.630336    81.279304    98.815583    98.328014          0.0   290.332136   285.612924            0     0.279378    -2.017661
        2054    13.404885   530.547974   634.818597  1481.269477     3.291357   184.514802   102.640093    81.874709    100.38604    98.570155          0.0   290.373794   285.578557            0      1.85036     -0.92947
        2055    17.174652   534.280945   638.991706  1481.463821     3.293553   187.582642   105.519781    82.062861    99.491665    99.806257          0.0   290.293857   285.457067            0     1.540416     0.120248
        2056    16.896293   538.012939   643.372849  1482.628041     3.184278   187.890942   104.985672     82.90527    99.136317   100.050961          0.0   290.306367   285.552213            0     0.553568    -0.249577
        2057    15.607218   541.743958   646.982454  1484.878648     3.292392   186.376218   103.574894    82.801324    99.121333    101.11235          0.0   290.454817   285.740259            0    -1.147061    -0.259591
        2058    13.553594   545.474976   648.424635   1485.83592     3.340885   187.202328   103.747523    83.454805   101.396838   100.892737          0.0   290.574741    286.02846            0     1.412605    -1.461373
        2059    15.628337   549.205933   651.035898  1486.466432     3.339426    189.62637   106.870508    82.755863   102.442721   101.329807          0.0   290.475923   285.833462            0     2.929437    -1.743426
        2060    17.314092   552.936951   656.652504  1487.200413     3.360496   190.877588   106.877299    84.000289   100.783972   102.667475          0.0   290.474998   285.754609            0    -1.406783     1.149523
        2061    15.918913   556.667969   660.414569  1488.697999     3.243866   191.826739   106.925199     84.90154   102.121164    102.95864          0.0   290.622507    285.96352            0     0.204495    -0.660111
        2062    12.724641    560.39093    661.39504  1489.814591      3.24962   189.623218   105.392967     84.23025   103.769147    103.22297          0.0   290.797689   286.334417            0     1.189526    -1.662768
        2063    17.541347   564.096924   666.075644  1489.573395     3.393126    194.26316   109.276944    84.986216   102.945215   103.688624          0.0   290.670202   286.036688            0     0.907716     0.984605
        2064    15.103874   567.786926   669.547843  1491.169499     3.279607   192.436641   107.492734    84.943907   103.448561   103.958987          0.0    290.77218   286.139841            0     0.061548    -1.085677
        2065     15.22975   571.461975    672.47694  1492.141575     3.279138   193.303427   108.246795    85.056633   104.044365   103.578202          0.0   290.834467    286.18078            0     1.739495    -1.438238
        2066    15.807947   575.120972   676.583396   1492.11059     3.303683   195.948798   109.568139    86.380659   104.773904   105.122039          0.0   290.962632   286.379529            0     0.339644     0.379119
        2067     17.20664   578.764954   681.560943   1493.17027     3.447573   198.006355   111.472346    86.534009   105.391902   105.594282          0.0   290.791848   286.085807            0     0.900516      -0.8573
        2068    15.225074   582.393982   684.742879  1495.060289     3.238774   194.701733   108.106482     86.59525   103.767094   106.434641          0.0   290.971702   286.490553            0    -1.510094     0.777528
        2069    16.351256   586.008972    687.40748  1496.973145      3.21579   197.959873   111.480798    86.479075   105.960325   105.841236          0.0   290.885924   286.290844            0     2.974961    -2.031946
        2070    14.625856   589.609985   691.205068  1498.584379     3.137988    196.86867   109.753095    87.115575   105.851131   106.879103          0.0   291.030564   286.446592            0    -0.923597    -0.583261
        2071    15.437291    593.19696   693.147569  1499.874145     3.080235   197.273317   111.070642    86.202674   106.269658   107.263281          0.0    291.03251   286.465375            0     1.864861    -0.296143
        2072    17.513861   596.739929   698.049214  1501.185217      3.35761   201.166922   113.495027    87.671896   106.800674   108.261548          0.0   291.005373   286.522652            0     0.331834     0.149802
        2073    13.345377   600.210938   700.501353  1503.467403     3.345411   197.903593   110.008269    87.895324   107.317096    108.29957          0.0   291.211138   286.877199            0    -0.743441    -1.299712
        2074    14.701611   603.613953    703.05892  1503.792288     3.291532   200.532178   112.674823    87.857356     108.4281   108.102164          0.0    291.18482   286.697709            0     2.015091    -0.650822
        2075    14.163377   606.948975    705.90302  1505.386013     3.226981   199.837258   111.773657    88.063601    107.85586   108.363613          0.0   291.221746   286.847852            0     0.565945    -1.085972
        2076    16.708545    610.21698   710.105836  1506.323337      3.22558   203.786312   115.329982     88.45633   108.731249   110.045961          0.0   291.212257   286.748173            0     1.081205     0.377387
        2077      16.5165   613.419983   715.063069  1507.887107     3.088404   204.424953   115.337257    89.087696   108.654312   110.050605          0.0   291.248124   286.810364            0     0.329419    -0.167477
        2078    12.165102   616.557983   716.635369  1510.612287     3.053943   198.359153   110.348105    88.011049    107.84268   109.516078          0.0   291.317939   286.831458            0    -0.740274    -1.051782
        2079    10.432945   619.630981   716.554902  1512.297267     2.992384   198.882925   110.493827    88.389098   109.521113   109.715308          0.0   291.555465   287.347446            0     0.858987    -1.490786
        2080    13.059763   622.639954   718.673418  1512.087281     3.137021   203.034238   114.730358    88.303881   111.138346   109.886655          0.0   291.515753    287.28085            0     2.725186    -1.041704
        2081    17.877285   625.584961   725.053535   1511.73147     3.230922   207.714484   118.279331    89.435153   109.831159    110.60222          0.0   291.309982   286.742804            0     1.296993     1.126872
        2082    14.921209   628.462952   730.231123   1514.59548     3.104081   205.474511   115.472857    90.001654   109.710911    112.15954          0.0   291.445313   287.029657            0    -1.864271    -0.415382
        2083    12.597886   631.271973   731.616288  1516.654014      2.93937   204.005766   114.313024    89.692742   110.563124   111.972876          0.0   291.482653   286.987562            0     0.954984    -0.648781
        2084    12.073221   634.011963   734.402648  1518.250209     2.903988   205.087057   115.030358      90.0567   111.622301   112.027905          0.0   291.630609   287.270861            0     0.216092     -1.19059
        2085    11.916224   636.681946    736.69449  1518.971383     2.912147   206.547009   116.114464    90.432545   112.721583   112.584106          0.0   291.777151   287.593731            0     1.238516    -0.858651
        2086    14.191065   639.282959   740.424787  1520.038895     2.958554   207.323213   117.158324    90.164889   111.391021   112.810819          0.0   291.586936   287.151939            0     0.617208     0.352286
        2087    13.299529   641.813965    743.59092  1521.989376     2.811494   205.994137   115.957196    90.036941   110.785052    112.41161          0.0   291.574065   287.151098            0     0.379452    -0.323923
        2088    11.532068    644.27594   745.845468  1524.104382     2.822754   206.929584   116.063127    90.866458   112.521458    113.32632          0.0   291.786485   287.463037            0     0.482258    -1.310143
        2089    12.776894   646.668945   748.885602  1525.157641     2.878164   208.486947   117.676152    90.810796   112.798679   113.368152          0.0   291.755098    287.46825            0     1.267866    -0.483787
        2090    13.455328   648.991943   752.988215  1526.420962     2.768966   209.034055   118.086822    90.947233   112.273323   113.702562          0.0   291.690927   287.336266            0     0.281647     0.165919
        2091    11.801718   651.244995   755.840231  1528.719131     2.843464   207.907023   116.747592    91.159431   112.506125   114.229179          0.0    291.71673   287.385333            0    -0.333603    -0.575115
        2092     9.449252   653.428955   756.310564  1530.962516     2.794024   206.317714   116.012056    90.305658   113.925565   113.930606          0.0   291.826671   287.648703            0     1.611117    -2.238344
        2093    15.536433   655.544983   761.741175  1531.137696     2.854362   214.038022   121.871282     92.16674    113.61346   115.067974          0.0    291.67247   287.325667            0     1.372697     1.279334
        2094     9.506146   657.590942   763.831019  1533.958564     2.685102   207.591584   116.220639    91.370944   113.674273   115.671812          0.0    291.82775   287.590174            0    -1.541016    -0.823329
        2095    14.513767   659.567993   766.214253  1536.068564     2.770528   212.263501   121.362881     90.90062   113.746844   115.073587          0.0   291.637287   287.317544            0     3.906061    -0.783257
        2096    15.650896   661.474976   772.961586  1538.079406     2.653159    216.62761   123.974278    92.653333   114.933285   116.393734          0.0   291.630376   287.255787            0      0.83321    -0.550392
        2097    14.278423   663.311951   779.224426  1540.114236     2.597907   217.656376   124.061637    93.594739    116.18814   118.011315          0.0   291.665545   287.263452            0    -0.212518    -0.211655
        2098    12.661476   665.078979   783.544329  1543.177096     2.505455   215.415325   122.002057    93.413267   115.504394   117.975332          0.0   291.875989   287.579861            0    -0.293177    -0.591922
        2099     8.600343   666.776978    784.43157  1547.190495     2.473376   210.468966   117.900452    92.568514    115.28434    117.60518          0.0    292.01628   287.750508            0    -0.591969    -1.692559
        2100     7.927149   668.403992   785.177695  1547.501866     2.486404   214.715708   121.322372    93.393337   119.243837   117.298436          0.0   292.128245   287.974495            0     3.277811    -2.256773