        time     emission          CO2         cveg        csoil        fgco2         fgpp         fnpp           ra          frh     fvegsoil         fluc          tas     tas_land        cprod     fcvegout    fcsoilout
      1850.0    -0.274891   285.015034   545.450655  1980.685713    -0.278520    95.202908    37.961730    57.241177    36.603935    37.081178     0.028763   286.920497   281.691854     2.969004     0.597143     0.689355
      1851.0     0.244650   285.148844   545.257807  1980.636088    -0.174248    96.945004    39.074294    57.870710    37.070083    37.474536     0.188004   286.964653   281.757393     5.699495     1.792606     0.454079
      1852.0    -0.713995   285.292624   544.588701  1980.748948    -0.185674    95.698785    38.281115    57.417669    36.918980    37.429760     0.217657   287.047929   281.846264     7.943914     1.520461     0.397919
      1853.0    -0.277900   285.424814   543.868596  1980.649848    -0.213868    96.709868    38.905840    57.804028    37.330570    37.313264     0.240841   287.024706   281.857901     9.742354     2.312681     0.081794
      1854.0    -0.189207   285.539022   543.488564  1980.721960    -0.077711    96.708074    38.835994    57.872080    36.880172    37.719535     0.259717   286.930843   281.716335    11.337529     1.496491     0.767250
      1855.0    -0.613185   285.638215   542.586040  1980.934425    -0.059832    96.020335    38.448147    57.572188    36.679002    37.478252     0.275521   287.045404   281.740480    12.692865     1.872418     0.586785
      1856.0    -0.363621   285.752035   541.673207  1980.930894     0.020866    95.225667    38.335494    56.890173    36.649594    37.068204     0.287511   287.095444   281.975335    13.831986     2.180123     0.422142
      1857.0     0.020603   285.904021   541.173416  1981.066548     0.119239    96.256621    38.899750    57.356871    36.774926    37.499675     0.297113   287.006896   281.811413    14.957952     1.899865     0.589094
      1858.0    -0.832680   286.069966   539.844325  1981.645363     0.095451    95.106773    37.553041    57.553732    36.179628    37.538095     0.304260   287.188712   281.975627    15.825027     1.344038     0.779652
      1859.0    -0.931828   286.248010   537.899483  1981.765353     0.093323    95.933305    38.439199    57.494106    37.416058    37.409751     0.310254   287.257632   282.285852    16.710178     2.974289    -0.126297
      1860.0     0.214297   286.440534   537.873811  1980.922525     0.210622    97.416336    39.294536    58.121801    37.479533    37.485925     0.316064   287.046236   281.897369    17.503447     1.834282     0.849219
      1861.0    -0.577284   286.631073   537.004420  1981.039241     0.037303    95.669695    38.069651    57.600044    36.685192    37.387017     0.291210   287.181249   282.244882    18.135260     1.552024     0.585110
      1862.0     0.468566   286.801930   536.334088  1980.974028     0.041014    96.884453    39.248508    57.635945    37.189685    37.131586     0.293178   286.818121   281.450878    18.709314     2.787255     0.007114
      1863.0     0.735164   286.972957   537.163450  1980.469182     0.003161    98.637377    39.914806    58.722571    37.202380    37.422179     0.295249   286.858243   281.600414    19.258133     1.663266     0.724644
      1864.0    -0.128333   287.144482   537.393230  1980.381947    -0.012492    97.608318    38.898130    58.710188    37.100093    37.909715     0.297099   287.068272   281.733170    19.802094     0.758635     0.896857
      1865.0    -0.624774   287.316115   536.354986  1980.479543    -0.081895    97.199642    38.866026    58.333616    37.592366    37.493635     0.297969   287.205420   281.998458    20.286100     2.410635    -0.196327
      1866.0    -0.114690   287.485043   536.055710  1980.161785    -0.088555    96.923225    38.957464    57.965762    37.085404    37.464838     0.299083   287.049064   281.928121    20.744902     1.791901     0.697191
      1867.0     0.455122   287.655116   535.850772  1980.162368     0.003181    97.280976    38.946950    58.334026    36.845797    37.767263     0.299856   287.021245   281.760959    21.193092     1.384626     0.920883
      1868.0    -0.599845   287.803513   535.244499  1980.424495    -0.077400    97.422154    38.538771    58.883383    36.977016    37.445896     0.300351   287.230892   282.234128    21.746618     1.699147     0.206754
      1869.0    -0.240513   287.928433   534.394435  1980.332332     0.039869    96.453535    38.803222    57.650313    36.981387    37.376833     0.301573   287.190592   282.103036    22.082043     2.276453     0.487609
      1870.0    -0.408693   288.059078   534.104218  1980.200107     0.075816    96.713065    38.492296    58.220769    37.005091    37.503151     0.301861   287.204395   282.091471    22.538736     1.279363     0.630285
      1871.0    -0.448938   288.202068   533.123803  1980.014803    -0.012795    97.696593    39.210218    58.486376    37.595822    37.119760     0.378698   287.319172   282.511833    23.370539     3.070873    -0.290759
      1872.0     0.398847   288.373008   533.320641  1979.504120     0.115913    97.978317    39.558786    58.419531    36.903988    37.795058     0.385115   287.047989   281.931568    24.090361     1.566890     1.401753
      1873.0    -0.408183   288.567537   532.331107  1980.069322     0.246064    96.666567    38.361847    58.304720    36.731212    37.814214     0.389191   287.291903   282.203220    24.788950     1.537167     0.517801
      1874.0    -0.224862   288.772790   531.347021  1979.857608     0.026201    97.606531    39.308901    58.297630    37.684746    37.140396     0.392810   287.295776   282.239359    25.430189     3.152591    -0.332636
      1875.0     0.616179   289.000189   531.793816  1979.235166     0.054053   100.442971    40.482726    59.960245    37.691269    37.968602     0.397231   287.190092   282.279315    26.039585     2.067329     0.899774
      1876.0    -0.038543   289.230287   531.561740  1979.265599     0.108447    98.792210    39.082210    59.710000    37.070175    38.209395     0.400045   287.313302   282.270221    26.595613     1.104891     1.108787
      1877.0    -0.606206   289.463969   530.075042  1979.570490     0.072168    97.639552    38.911901    58.727651    37.574634    37.668283     0.401284   287.332824   282.325548    27.163952     2.730316    -0.211242
      1878.0     0.562618   289.702523   529.745743  1979.131865     0.025867    98.443960    39.894424    58.549535    37.434207    37.692919     0.404351   287.076925   281.934870    27.631945     2.530805     0.697338
      1879.0    -0.081865   289.935477   529.616410  1979.299037     0.070882    97.783177    38.919521    58.863656    36.737558    37.974845     0.406352   287.219567   282.130394    28.172789     1.074009     1.070115
      1880.0    -0.721611   290.185656   527.897141  1979.701705     0.116085    95.893974    38.142273    57.751701    36.796966    37.613046     0.407435   287.422301   282.455096    28.773949     2.248496     0.413412
      1881.0    -0.337650   290.453569   526.822672  1979.532458     0.175494    97.335782    39.071449    58.264333    37.427133    37.199486     0.406865   287.427760   282.374043    29.122705     2.946432    -0.058401
      1882.0    -0.763484   290.729200   526.122669  1979.064771     0.206246    96.399762    38.507629    57.892133    37.118796    37.831755     0.407388   287.451106   282.412335    29.571573     1.375878     1.180646
      1883.0    -0.736017   290.978438   524.451812  1978.893866     0.182231    95.347702    38.240930    57.106772    36.970002    36.833829     0.408747   287.464663   282.390557    30.067377     3.077958     0.034732
      1884.0     0.745163   291.232801   524.021919  1978.503116     0.332181    97.008208    39.390328    57.617880    36.525862    37.044402     0.410389   287.085997   281.917992    30.468792     2.775818     0.909290
      1885.0     0.840159   291.517328   524.181575  1978.240303     0.328856    97.470549    39.403710    58.066839    37.006830    37.225533     0.411749   286.983961   281.669714    30.857256     2.018521     0.481516
      1886.0     0.637233   291.820849   524.104834  1978.264159     0.289562    96.794374    38.722288    58.072087    36.579019    37.137899     0.414024   287.009358   281.675949    31.229195     1.661129     0.535025
      1887.0     0.505506   292.139735   523.459011  1978.504581     0.227702    98.020568    39.099993    58.920575    36.925175    37.394266     0.415344   287.079442   281.960213    31.717787     2.351551     0.228668
      1888.0     0.578802   292.486002   523.355759  1978.155773     0.349348    98.009756    39.097210    58.912546    37.022670    37.465334     0.417760   287.062164   281.735697    32.106953     1.735128     0.791472
      1889.0     0.998501   292.836075   522.968632  1978.063650     0.270912    98.519888    39.446240    59.073648    36.924258    37.423137     0.418817   287.303889   282.298402    32.528217     2.410231     0.591001
      1890.0     0.439315   293.184243   522.522305  1978.240564     0.315811    97.647034    39.019633    58.627401    37.031268    37.473192     0.420953   287.130534   281.907307    32.970390     1.992768     0.265011
      1891.0     0.442751   293.540856   521.765934  1978.287659     0.413557    98.502560    39.290536    59.212024    36.975895    37.643058     0.475001   287.327317   282.317257    33.753429     2.403849     0.620068
      1892.0     0.090363   293.887316   521.101730  1978.050777     0.365729    97.133493    38.881090    58.252403    36.930444    37.187389     0.479603   287.411175   282.340512    34.459415     2.357905     0.493827
      1893.0     0.173571   294.202925   520.230386  1977.748515     0.433717    97.538188    38.958658    58.579530    37.072806    37.390946     0.483567   287.523162   282.595112    35.040775     2.439056     0.620402
      1894.0     0.026565   294.513346   519.201963  1977.852075     0.390730    96.511898    38.737363    57.774536    36.875071    37.228908     0.487661   287.311070   282.292789    35.537285     2.536878     0.250276
      1895.0     1.261590   294.804404   519.639660  1977.002458     0.327010    99.734173    40.559653    59.174520    37.741750    37.364894     0.490267   287.144487   282.005940    36.119114     2.757062     0.472763
      1896.0     0.495243   295.090732   519.741595  1977.047542     0.294238    98.308113    38.988421    59.319691    36.504730    38.141860     0.493941   287.254068   282.250140    36.690556     0.744625     1.592046
      1897.0    -0.364782   295.376825   518.422806  1977.475371     0.264227    97.710583    39.032485    58.678098    37.084824    37.483109     0.495367   287.243548   282.244266    37.258423     2.868165    -0.029543
      1898.0     0.646119   295.688444   517.747580  1977.081209     0.226190    98.999681    40.223628    58.776054    37.658833    37.392731     0.497363   287.085573   282.004312    37.822239     3.506122     0.128060
      1899.0     1.395407   296.035672   518.353037  1976.553654     0.345214   100.067531    40.327529    59.740002    37.426202    37.812128     0.500432   287.195334   282.085812    38.231728     1.909944     0.913481
      1900.0    -0.049448   296.402136   518.050054  1976.726896     0.262196    97.944285    38.754309    59.189977    36.724260    37.866705     0.501978   287.290696   282.237715    38.651241     1.190586     0.969203
      1901.0     0.351623   296.737347   516.380620  1977.065984     0.418453    98.429247    39.318357    59.110890    37.290119    37.521328     0.537470   287.284402   282.313439    39.399635     3.466462    -0.107879
      1902.0     0.268440   297.059186   515.972888  1976.689728     0.214147    98.997174    39.947762    59.049412    37.462602    37.741912     0.542124   287.079393   281.982203    40.083447     2.613582     0.655565
      1903.0     1.108476   297.383644   515.762065  1976.605827     0.477359    99.545582    39.817967    59.727615    36.802901    37.690749     0.545942   286.918187   281.617699    40.766747     2.338042     0.971750
      1904.0    -0.063235   297.692461   514.919700  1976.764106     0.366532    98.365394    39.042652    59.322742    37.062936    37.387066     0.550257   287.105523   281.957058    41.299339     2.497951     0.165852
      1905.0     0.869201   298.030257   514.305897  1976.638986     0.269455    99.549508    39.698526    59.850982    36.823783    37.365997     0.553698   287.084565   281.891575    41.885914     2.946331     0.667335
      1906.0     0.493123   298.409496   513.843652  1976.744655     0.277438    98.280026    39.342877    58.937150    36.747205    37.485168     0.557267   287.159983   282.065101    42.434765     2.319955     0.632293
      1907.0     0.763272   298.837743   513.120396  1976.924086     0.413323    98.242536    39.264045    58.978491    36.750198    37.728492     0.559249   287.180222   281.916193    42.893860     2.258809     0.798863
      1908.0     0.442265   299.260052   512.174977  1976.921091     0.395130    98.563839    39.620057    58.943782    37.412897    37.438345     0.561174   287.287576   282.218839    43.427822     3.127130     0.028443
      1909.0     1.107661   299.682663   512.279399  1976.305709     0.396067    99.335841    40.346473    58.989369    37.579240    37.532894     0.565686   287.206149   282.109321    44.091984     2.709157     0.569037
      1910.0     0.601021   300.123892   512.255029  1976.139196     0.418375    98.992641    39.666648    59.325993    37.200253    37.869296     0.569375   287.213987   282.146759    44.575207     1.821722     0.835555
      1911.0     0.828455   300.586566   511.299224  1976.230014     0.457653    98.789580    39.733105    59.056476    37.068957    37.622306     0.558579   287.233208   282.065091    44.998127     3.066604     0.462531
      1912.0     2.031533   301.109068   511.598143  1975.727299     0.499931   100.627956    40.761920    59.866036    37.307391    37.946346     0.561061   287.202450   282.181924    45.555721     2.516655     1.141670
      1913.0     1.052976   301.656835   511.119852  1976.117484     0.631288    99.799319    39.566773    60.232546    37.202515    37.681844     0.564974   287.129791   281.948912    45.936054     2.363220     0.089144
      1914.0     0.934575   302.173531   510.273434  1976.131744     0.528634    98.967009    39.599069    59.367940    37.018018    37.603693     0.566123   287.279600   282.289986    46.448376     2.841793     0.571415
      1915.0     1.443122   302.696156   509.991958  1976.004767     0.513493    99.118525    40.129925    58.988600    36.926603    37.826234     0.568137   287.073642   281.919874    46.755177     2.585168     1.026609
      1916.0     1.601986   303.239208   509.875962  1976.096623     0.439444   100.488504    40.213648    60.274856    36.967542    37.828783     0.569704   287.187048   282.132815    47.116524     2.500860     0.769384
      1917.0     1.250537   303.755872   509.304602  1976.341504     0.527222   100.417348    39.815263    60.602084    37.181239    37.659994     0.572016   287.236526   282.055254    47.484589     2.726629     0.233875
      1918.0     0.250524   304.193307   508.399158  1976.357035     0.464985    99.325772    39.568733    59.757039    37.278837    37.760668     0.573569   287.467739   282.506861    47.866741     2.713510     0.466299
      1919.0     1.256131   304.576654   507.973000  1976.102785     0.542359    99.190745    39.969458    59.221287    37.045982    37.377368     0.575366   287.335310   282.114336    48.173592     3.018248     0.585636
      1920.0     1.379656   304.991228   508.166451  1975.898149     0.599327   100.627625    40.317786    60.309838    37.206912    37.755278     0.578364   287.422278   282.423009    48.696911     2.369057     0.753001
      1921.0     0.359508   305.352828   507.831557  1975.775434     0.539093    99.745714    40.315385    59.430329    37.719737    37.930416     0.627959   287.354236   282.373485    49.457657     2.719863     0.333394
      1922.0     1.516484   305.696920   507.846699  1975.190528     0.633783   102.178590    41.331767    60.846824    37.716102    38.124122     0.633017   287.391331   282.513476    49.961597     3.192503     0.992926
      1923.0     0.456919   306.030402   507.416365  1975.258574     0.541068   100.699329    40.231639    60.467690    37.511432    38.256476     0.637363   287.330966   282.141254    50.535748     2.405497     0.676999
      1924.0    -0.369238   306.360961   506.319680  1975.380207     0.558873    99.108766    39.257501    59.851265    37.026434    38.185970     0.642238   287.331196   282.251648    51.124733     2.168216     1.037903
      1925.0     0.385930   306.556641   504.680392  1975.338087     0.648010   100.302120    40.160910    60.141211    37.432499    37.745554     0.643625   287.437073   282.337570    51.634422     4.054644     0.355175
      1926.0    -0.340628   306.714252   503.941226  1975.310235     0.583671    98.400570    39.266289    59.134282    36.938601    37.830081     0.646486   287.562931   282.515594    52.174950     2.175373     0.919332
      1927.0     1.138754   306.918960   503.022385  1975.397420     0.699410   100.525281    40.519531    60.005750    37.255540    37.721254     0.650166   287.270007   282.041653    52.698334     3.717118     0.378529
      1928.0     0.450471   307.080858   502.906433  1975.329509     0.704696   100.943274    40.173595    60.769678    37.322665    37.996130     0.654005   287.353482   282.334587    53.172359     2.293418     0.741376
      1929.0     0.732031   307.239708   502.258369  1975.354661     0.621328    99.913274    40.048447    59.864827    37.007037    37.770117     0.657472   287.333474   282.268201    53.710125     2.926395     0.737928
      1930.0     0.206631   307.380655   502.049317  1975.245857     0.467844   100.748958    40.668197    60.080761    37.605880    37.965921     0.661538   287.212496   282.090276    54.277969     2.911328     0.468846
      1931.0     0.110959   307.585229   501.604244  1974.779406     0.613917   100.714009    40.562148    60.151861    37.777120    37.681908     0.748826   287.237391   282.239337    55.393845     3.325313     0.371238
      1932.0     0.224491   307.855303   500.984091  1974.518598     0.515647   100.354290    40.184628    60.169662    37.270303    37.978405     0.759162   287.279322   282.180613    56.273167     2.826377     0.968910
      1933.0     1.342301   308.171932   500.539000  1974.333357     0.550092   101.791910    41.216990    60.574920    37.803353    38.019726     0.766815   287.270511   282.265474    56.921463     3.642354     0.401614
      1934.0     1.006400   308.556826   500.532394  1974.286516     0.512465   102.197233    40.808578    61.388655    37.546713    38.037006     0.775973   287.213113   282.095486    57.766270     2.778178     0.537133
      1935.0     1.265614   309.044164   500.269727  1974.147988     0.721546   102.435356    40.792915    61.642442    37.797089    38.375479     0.783681   287.377133   282.396647    58.474670     2.680102     0.716918
      1936.0     1.796371   309.790591   499.454114  1974.188986     0.674282   101.183295    40.837220    60.346075    37.819103    38.040266     0.790558   287.280649   282.313130    59.114231     3.612566     0.180165
      1937.0     1.377550   310.515237   499.098345  1974.155748     0.636363   101.122534    40.571858    60.550676    37.555430    38.369108     0.797183   287.192030   282.069134    59.646957     2.558520     0.846916
      1938.0     1.274257   311.073726   498.130701  1974.114713     0.554844   101.807366    40.887197    60.920168    37.760647    38.057389     0.800890   287.267519   282.284986    60.261368     3.797452     0.337777
      1939.0     1.410010   311.621617   498.109538  1973.852066     0.610069   101.822651    40.939722    60.882930    37.702347    38.141301     0.805478   287.208195   282.005706    60.867825     2.819584     0.701601
      1940.0     0.457757   312.126539   497.443506  1973.888109     0.554118   100.712678    40.114816    60.597862    37.364886    38.039100     0.809495   287.308395   282.262179    61.469242     2.741747     0.638170
      1941.0     1.280937   312.573309   496.391192  1973.727336     0.524537   101.590940    40.916097    60.674843    37.234108    38.022072     0.854531   287.249808   282.077471    62.088467     3.946339     0.948737
      1942.0     0.861484   312.923748   495.983456  1973.874488     0.554917   101.579429    40.700687    60.878742    37.182555    37.825621     0.862328   287.364486   282.387998    62.821056     3.282802     0.495914
      1943.0    -0.333991   313.128542   495.014755  1974.251891     0.523261   100.005395    39.689985    60.315410    36.829945    38.315597     0.869691   287.459998   282.442429    63.544209     2.343090     1.108249
      1944.0    -0.964011   313.164220   492.774100  1974.585122     0.650448    98.826040    39.824499    59.001541    37.286749    37.868349     0.875039   287.460289   282.427509    64.048790     4.196805     0.248369
      1945.0    -0.290472   313.146402   491.587587  1974.488822     0.624022    99.553108    39.991096    59.562012    36.986817    37.380047     0.880535   287.267020   282.179374    64.435379     3.797562     0.489530
      1946.0    -0.235667   313.161345   490.802195  1974.467627     0.521297    99.796332    39.973151    59.823181    37.046986    37.412921     0.885406   287.275700   282.182336    65.025642     3.345622     0.387131
      1947.0     0.724639   313.239369   491.184117  1973.679109     0.418948   102.284517    41.710425    60.574093    37.905216    37.676498     0.890736   287.170538   282.082618    65.526596     3.652004     0.559800
      1948.0     0.155943   313.291809   491.339379  1973.514054     0.375663   102.426251    41.099596    61.326656    37.634580    38.188969     0.898126   287.142705   281.856208    65.952156     2.755364     0.719444
      1949.0    -0.291148   313.406600   490.685338  1973.481504     0.318428   101.204020    40.465316    60.738705    37.485511    37.965229     0.902727   287.284419   282.195946    66.406960     3.154128     0.512268
      1950.0     0.345105   313.588668   490.224870  1973.341028     0.457617   102.072894    41.098373    60.974521    37.600837    38.189072     0.903278   287.296450   282.226016    66.869141     3.369768     0.728711
      1951.0    -0.126175   313.801466   489.297652  1973.224195     0.486999   101.123399    40.496615    60.626784    37.489024    37.777697     1.060332   287.307210   282.041711    67.773857     3.646136     0.405507
      1952.0    -0.027384   314.124997   488.236009  1973.115622     0.506040   100.839820    40.585081    60.254739    37.517443    38.005753     1.074122   287.541329   282.502706    68.812531     3.640971     0.596883
      1953.0    -0.035872   314.504400   486.384365  1973.495100     0.553705    99.579146    40.048368    59.530778    37.027220    38.005647     1.085445   287.427204   282.197266    69.696320     3.894365     0.598949
      1954.0     1.054509   314.866239   485.705622  1973.147446     0.627678   101.828610    41.435708    60.392902    37.866002    37.844459     1.096203   287.401629   282.262454    70.985527     4.269992     0.326111
      1955.0     0.372194   315.186098   485.175506  1972.825285     0.624434   101.277081    41.066122    60.210959    37.912954    37.965548     1.112214   287.425649   282.411758    72.083298     3.630689     0.374755
      1956.0    -0.216302   315.475193   484.255908  1972.727593     0.741014    98.691532    39.567267    59.124266    36.884648    37.985758     1.125838   287.372564   282.143205    73.255653     2.501107     1.198801
      1957.0     0.361399   315.777382   482.502830  1973.041317     0.581266   100.526327    40.744755    59.781572    37.474270    37.646823     1.136996   287.387327   282.375808    74.033554     4.851010    -0.141171
      1958.0     0.397379   316.141199   481.355530  1973.129921     0.664216   100.581269    40.881903    59.699366    37.434889    38.258698     1.148679   287.257295   282.173018    74.953743     3.770505     0.735205
      1959.0     1.285947   316.645296   480.640431  1972.820234     0.746067   100.574059    40.973426    59.600633    37.655196    37.731897     1.151504   287.327969   282.064396    75.974281     3.956628     0.386388
      1960.0     1.289240   317.407085   480.183500  1972.592436     0.607139   101.736642    41.183980    60.552662    38.037941    38.239428     1.146370   287.478609   282.382486    76.917213     3.401483     0.429285
      1961.0     1.731196   318.108292   479.992938  1972.395192     0.770185   102.504095    41.800282    60.703813    37.875501    38.558030     0.930176   287.359309   282.220882    76.565453     3.432813     0.879773
      1962.0     1.355114   318.827317   479.086730  1972.434638     0.722930   100.854823    40.774670    60.080152    37.589237    38.246152     0.919953   287.361160   282.164121    76.271042     3.434727     0.617469
      1963.0     0.910110   319.460472   478.017322  1972.775942     0.920924   101.010348    40.732998    60.277350    37.301142    38.397193     0.915636   287.477368   282.418737    76.305046     3.405213     0.754747
      1964.0     2.510506   320.107617   477.068722  1972.716955     0.919235   102.607009    41.847691    60.759318    37.648623    38.250633     0.907748   287.160083   281.897889    76.336433     4.545658     0.660997
      1965.0     1.560293   320.698139   476.824253  1972.978087     0.977215   100.523318    40.687546    59.835773    37.119655    38.178334     0.907691   287.104916   281.821930    76.779343     2.753681     0.797547
      1966.0     2.607002   321.635967   475.799695  1973.227129     0.689791   101.598893    41.343293    60.255600    37.539801    38.107449     0.904093   287.141962   282.024692    76.809219     4.260402     0.318605
      1967.0     2.372756   322.331194   475.949493  1973.361447     0.680602   102.772258    42.080796    60.691462    37.720831    38.461708     0.907067   286.935884   281.636207    77.086411     3.469290     0.606559
      1968.0     3.058397   323.203428   476.168949  1973.500967     0.636452   103.549513    42.080250    61.469263    37.566334    38.621309     0.904523   287.138747   282.003042    77.334145     3.239485     0.915455
      1969.0     2.592788   324.170918   475.542473  1974.153321     0.892523   101.657080    41.055036    60.602044    37.292536    38.619272     0.903423   287.265987   282.012716    77.564232     3.062239     0.674382
      1970.0     2.518806   325.502311   474.429719  1974.578288     0.913627   100.683411    40.807458    59.875953    37.942580    38.308957     0.901175   287.517846   282.398450    77.804153     3.611255    -0.058590
      1971.0     2.881640   326.411989   474.274687  1973.993112     1.036414   102.543498    42.356904    60.186594    38.183315    38.606850     0.907514   287.483089   282.479657    78.283447     3.905086     1.008712
      1972.0     5.340743   328.317200   473.588143  1974.324009     1.299528   100.865578    41.455026    59.410552    37.430083    38.323161     0.908490   287.503987   282.408420    78.686401     3.818409     0.562181
      1973.0     6.654571   330.567576   473.689565  1974.394148     1.540330   102.337349    42.131374    60.205975    37.917137    38.250349     0.910237   287.411980   282.174033    79.175331     3.779604     0.263073
      1974.0     4.209081   331.480662   474.436926  1974.467437     1.511521   104.637996    42.758192    61.879804    38.079640    39.148431     0.914153   287.374207   282.124711    79.960464     2.862400     0.995502
      1975.0     1.806540   331.727835   474.169472  1974.929530     1.309443   104.090865    42.677951    61.412914    38.414237    39.140280     0.916582   287.335462   282.114894    80.507553     3.805124     0.263950
      1976.0     4.214174   332.540700   474.291083  1975.213570     1.324731   105.839715    43.596098    62.243616    38.290102    39.031718     0.918093   287.245103   281.893272    80.737686     4.442770     0.457576
      1977.0     5.271671   334.217348   474.726192  1975.623636     1.335920   104.332889    42.726796    61.606093    38.195656    39.338920     0.923286   287.488220   282.213218    81.047462     2.952767     0.733198
      1978.0     4.713722   335.885056   474.268454  1976.253302     1.426481   103.316721    42.368473    60.948248    38.224108    39.397398     0.926923   287.572606   282.396688    81.654404     3.428812     0.543625
      1979.0     6.153127   337.564802   474.438233  1976.127304     1.556365   106.502456    44.240493    62.261962    39.117603    39.169920     0.930686   287.494584   282.408760    82.160408     4.900795     0.178315
      1980.0     5.911427   339.507495   474.935383  1976.548781     1.671341   104.602319    42.570222    62.032096    38.069883    39.678991     0.937053   287.431299   282.151143    82.805946     2.394081     1.187630
      1981.0     4.113428   340.829240   473.459192  1977.578607     1.703495   103.866794    42.294351    61.572443    38.216699    39.254164     1.048971   287.495624   282.327124    83.642021     4.516378     0.007640
      1982.0     4.995519   341.648229   473.590548  1977.758849     1.681428   106.082937    44.284539    61.798397    38.621192    39.248035     1.058246   287.444249   282.250094    84.976326     4.905149     0.446600
      1983.0     5.748021   343.183899   474.311654  1978.255265     1.632341   105.201720    43.720357    61.481363    38.469338    39.553331     1.069734   287.422953   282.059719    85.960365     3.445919     0.587577
      1984.0     5.143629   344.874798   474.332033  1978.632095     1.635761   105.850585    43.609669    62.240916    38.981174    39.745768     1.076414   287.590576   282.480990    87.092628     3.843522     0.387764
      1985.0     5.038817   346.358639   473.643622  1979.211437     1.676107   104.910444    43.480312    61.430131    38.310322    39.611200     1.084101   287.546311   282.393641    87.978012     4.557524     0.721536
      1986.0     6.188098   347.869916   474.156142  1979.383409     1.736856   107.056565    44.621477    62.435088    38.946902    39.462661     1.090449   287.510832   282.337467    88.682465     4.646297     0.343787
      1987.0     6.799760   349.794500   474.805260  1979.770500     1.679550   107.802882    44.771768    63.031114    39.147160    40.219727     1.101504   287.664835   282.610335    89.321136     3.902923     0.685477
      1988.0     8.556179   352.106068   475.955285  1979.987221     1.830004   111.505855    46.392486    65.113369    40.362252    40.464859     1.111726   287.638891   282.543166    90.089577     4.777601    -0.114114
      1989.0     6.314880   353.755052   477.183654  1980.412361     1.728127   110.490085    45.399017    65.091068    39.609573    41.163256     1.116391   287.707539   282.603047    91.121330     3.007392     1.128543
      1990.0     5.101147   354.997602   477.180458  1981.209562     1.682981   109.598996    45.155785    64.443210    39.762126    40.761611     1.092066   287.781524   282.866724    91.996941     4.397370     0.202284
      1991.0     5.629831   356.210651   477.590830  1981.744356     1.691128   109.176878    45.213586    63.963293    39.326601    40.696912     0.941920   287.576178   282.444995    91.187759     4.106302     0.835517
      1992.0     4.647847   357.104438   478.159319  1982.386306     1.835595   107.944991    44.832582    63.112409    39.600713    40.177439     0.931624   287.399311   282.117366    91.332161     4.086655    -0.065224
      1993.0     3.303333   357.913934   478.800203  1982.629483     1.671216   107.818807    44.333756    63.485051    39.564432    41.036915     0.920065   287.716810   282.645134    91.482498     2.655956     1.229307
      1994.0     4.161560   359.276965   477.733992  1983.058553     1.629117   107.936538    44.788633    63.147904    40.262981    40.496080     0.911569   287.981948   283.203305    90.308197     5.358765    -0.195971
      1995.0     7.084858   361.166279   479.281513  1982.247148     1.716193   110.536282    46.709217    63.827065    40.683873    40.788618     0.904205   287.586181   282.572514    90.228119     4.373078     0.916151
      1996.0     6.775961   362.883103   480.455357  1982.514754     1.792082   110.200500    45.483377    64.717123    39.541823    40.991233     0.900349   287.699027   282.657947    90.171730     3.318301     1.181803
      1997.0     5.794945   364.398327   480.883804  1983.056107     1.744105   111.570489    46.127965    65.442524    40.862472    41.191019     0.896050   287.896052   283.020264    89.714195     4.508498    -0.212805
      1998.0     8.895355   366.823327   482.575605  1982.744582     1.946920   113.379988    47.414433    65.965555    41.023055    41.639169     0.896140   287.768829   282.937720    89.725861     4.083463     0.927639
      1999.0     7.969377   368.726931   484.483046  1982.898119     1.921354   114.580174    47.532911    67.047262    41.072349    41.994349     0.895335   287.767340   282.859248    89.750648     3.631121     0.768463
      2000.0     6.328974   370.115290   485.573268  1983.470080     1.726193   113.762673    46.991693    66.770980    40.870008    42.215368     0.896237   287.821477   282.887855    89.781197     3.686102     0.773400
      2001.0     6.496870   371.729578   486.245065  1984.221564     1.778268   114.394454    47.167712    67.226742    41.042631    42.201687     1.096848   287.983540   283.041088    91.269714     4.294227     0.407571
      2002.0     7.366855   373.893861   486.936416  1984.725393     1.905841   113.560953    46.661441    66.899512    41.302689    41.989224     0.915623   288.188534   283.365117    91.030136     3.980866     0.182706
      2003.0     8.688632   376.285708   487.637783  1984.893986     2.185820   114.423043    47.542627    66.880416    41.287725    42.188509     1.110296   288.179003   283.423205    92.399796     4.652750     0.732192
      2004.0     6.841572   378.020148   487.985253  1985.466343     2.311516   114.496734    47.211122    67.285611    41.253660    42.289572     1.277388   288.181870   283.435574    94.481895     4.574081     0.463555
      2005.0     7.748713   379.936176   488.050258  1986.381536     2.370369   115.195184    47.043538    68.151646    41.043486    42.472804     1.110165   288.209336   283.382829    94.674026     4.505729     0.514125
      2006.0     7.812365   381.950069   488.931741  1986.973141     2.321427   115.063112    47.757258    67.305855    41.714765    42.633541     1.004327   288.279079   283.483289    94.630028     4.242234     0.327170
      2007.0     7.340694   383.679824   489.877827  1987.462603     2.310594   116.286122    47.927698    68.358425    41.614348    42.606026     0.985868   288.315888   283.587966    94.185249     4.375585     0.502216
      2008.0     8.428658   385.676968   490.951288  1987.694607     2.240364   117.202242    48.824214    68.378028    42.009870    42.948820     1.017529   288.324172   283.520586    94.588158     4.801933     0.706946
      2009.0     7.741082   387.415599   492.540872  1988.089567     2.233494   117.509329    48.665091    68.844238    42.061227    42.978941     1.069318   288.230230   283.465671    94.565971     4.096565     0.522755
      2010.0     6.045151   389.734206   491.188839  1989.443571     2.506858   113.149968    46.539651    66.610317    41.129387    42.930786     1.542460   288.319046   283.530158    96.577171     4.960899     0.447393
      2011.0     8.305032   391.965659   490.890918  1989.604722     2.311708   115.760326    48.730150    67.030176    42.434829    42.792474     1.139094   288.298080   283.598414    96.934929     6.235597     0.196494
      2012.0     9.155599   394.152552   493.240629  1989.146010     2.303304   118.265327    50.011023    68.254303    42.555348    42.975615     1.105822   288.080803   283.423038    97.251450     4.685697     0.878979
      2013.0     8.989765   396.671354   494.180127  1989.690712     2.219231   117.830765    49.122939    68.707826    42.362243    43.305248     1.256112   288.018456   283.043327    98.157051     4.878193     0.398303
      2014.0     7.079842   398.321744   495.232246  1990.230164     2.309932   118.225347    49.106634    69.118713    42.166412    43.398816     1.210112   288.315667   283.553084    98.839279     4.655699     0.692952
      2015.0     9.552718   401.135391   495.657660  1990.735925     2.536712   117.474903    49.024340    68.450563    42.902609    43.654328     1.095344   288.468998   283.847075    98.495422     4.944598     0.245957
      2016.0    11.051634   404.159309   497.234394  1990.827187     2.436721   118.867537    50.188565    68.678972    42.691477    43.721627     1.027377   288.110057   283.192999    98.517052     4.890204     0.938888
      2017.0    10.961994   406.936472   498.634780  1991.696639     2.643780   119.616172    49.742149    69.874023    42.017316    44.043220     1.031374   288.107105   283.357258    98.644241     4.298543     1.156453
      2018.0     9.241132   409.889115   498.760048  1992.848739     2.550880   116.623076    48.454232    68.168843    42.377445    43.593843     1.032325   288.347883   283.381214    98.768044     4.735121     0.064298
      2019.0    10.151369   412.930123   499.046413  1993.273747     2.706169   117.769427    49.213805    68.555622    42.832832    43.475868     1.024304   288.520363   283.751731    98.433998     5.451572     0.218027
      2020.0    11.621596   416.041984   501.092959  1993.027101     2.831350   120.008952    50.616376    69.392575    43.023790    43.751957     1.026790   288.412940   283.576142    99.334198     4.817874     0.974813
      2021.0     9.563500   419.230264   500.525278  1994.145131     2.966885   117.718338    49.169669    68.548669    42.107388    44.435780     1.321220   288.526409   283.850390   101.459358     5.301570     1.210362
      2022.0    10.609649   422.515230   499.624395  1995.071024     3.071362   118.806667    49.768241    69.038426    43.020481    43.991234     1.333956   288.566131   283.768283   103.322258     6.677890     0.044860
      2023.0    11.045364   425.913990   499.705418  1995.608949     3.151303   118.665586    49.671443    68.994143    42.718850    44.088439     1.352748   288.640512   283.961347   105.224205     5.501980     0.831664
      2024.0    12.557552   429.426153   500.588485  1995.666014     3.119210   122.241470    51.592631    70.648838    43.664414    43.806437     1.370356   288.534017   283.923836   105.838593     6.903127     0.084958
      2025.0    12.034072   433.049739   501.575140  1996.361724     3.121982   121.248429    50.849751    70.398678    42.956083    44.909824     1.389019   288.428125   283.547892   107.260033     4.953272     1.258031
      2026.0    12.149488   436.783004   501.685598  1997.108127     3.001788   121.779154    51.037443    70.741711    43.720931    44.411946     1.382433   288.568462   283.760017   108.354599     6.515039    -0.055389
      2027.0    12.936819   440.625163   502.787527  1997.709191     3.132600   122.524340    51.377385    71.146955    43.210525    44.947012     1.391165   288.881419   284.334015   109.036118     5.328445     1.135422
      2028.0    12.794964   444.576372   503.516370  1998.197445     3.399151   122.297361    51.413487    70.883874    44.246166    44.795098     1.391925   288.952107   284.340133   109.660484     5.889545     0.060679
      2029.0    14.716732   448.636685   505.545318  1997.910514     3.415899   126.317861    53.514527    72.803333    44.825510    45.221378     1.401258   288.973430   284.533790   110.558868     6.264201     0.682800
      2030.0    14.016227   452.805709   506.986245  1998.748476     3.427653   124.383372    52.107742    72.275630    44.181240    45.799066     1.408114   288.823128   284.217330   111.193245     4.867749     0.779864
      2031.0    15.457193   457.086324   508.715703  1999.428923     3.466217   126.240005    53.162840    73.077165    44.313030    45.986998     1.221128   288.776750   284.015213   110.487411     5.446384     0.993521
      2032.0    15.220421   461.488990   510.468110  2000.406094     3.554457   128.007610    53.000756    75.006854    44.903630    46.066740     1.204166   289.056241   284.573442   109.881340     5.181609     0.185939
      2033.0    15.221069   466.023564   512.009596  2000.825556     3.647178   127.433649    53.697462    73.736187    45.705464    46.443896     1.192600   289.152501   284.648460   109.676163     5.712078     0.318971
      2034.0    16.024079   470.689799   513.714158  2001.383716     3.857073   127.811815    53.366788    74.445028    44.899040    46.750241     1.181588   289.171566   284.716489   109.540550     4.911986     1.293039
      2035.0    16.084674   475.487964   515.085061  2002.061317     3.776043   126.979161    53.512748    73.466413    45.238701    46.519421     1.170803   289.295829   285.008513   109.081879     5.622423     0.603120
      2036.0    17.320231   480.418815   517.297604  2002.604728     3.904067   129.704851    54.258029    75.446822    45.628644    46.568272     1.165489   289.209640   284.755439   109.441780     5.477214     0.396216
      2037.0    17.047687   485.483619   519.519156  2002.868881     3.830285   130.376242    55.244457    75.131784    46.692642    47.340739     1.163029   289.296289   285.057196   109.608620     5.682167     0.383944
      2038.0    18.142579   490.682303   522.150302  2003.087534     3.991420   131.164177    55.892281    75.271896    46.707258    47.423832     1.163317   289.265039   284.886414   109.954315     5.837302     0.497922
      2039.0    18.100950   496.016407   524.642763  2003.737445     3.960440   130.070868    54.381952    75.688916    45.751925    47.723759     1.158575   289.311479   284.885109   109.851204     4.165732     1.321922
      2040.0    18.566434   501.487677   526.676961  2004.381468     3.983536   131.042487    55.967263    75.075224    47.063703    47.574650     1.157740   289.382121   284.923123   110.219498     6.358415    -0.133075
      2041.0    19.475370   507.097241   529.520362  2004.903487     4.150404   132.651716    56.131529    76.520187    46.461057    48.311544     1.129723   289.425691   285.079504   110.139885     4.976585     1.328467
      2042.0    19.418306   512.852343   532.115590  2005.623209     4.196237   132.926549    55.547886    77.378663    46.814089    48.028966     1.128962   289.527711   285.128711   110.699593     4.923691     0.495156
      2043.0    19.526791   518.759236   533.695492  2006.547861     4.242663   132.674143    56.111569    76.562574    47.624573    48.464533     1.132737   289.617021   285.363682   111.252144     6.067135    -0.084693
      2044.0    21.073309   524.819800   536.749297  2006.814965     4.310224   136.236249    57.942489    78.293759    47.945809    48.983698     1.135794   289.394458   285.058449   111.269363     5.904986     0.770785
      2045.0    20.598183   531.034835   539.570354  2007.547387     4.235212   134.433321    56.973944    77.459377    47.495004    48.946218     1.137117   289.430886   284.983781   111.397041     5.206669     0.718792
      2046.0    20.243120   537.405960   541.677776  2008.676837     4.222418   132.760241    55.268128    77.492113    46.867057    48.854865     1.137728   289.745007   285.333039   111.600815     4.305840     0.858358
      2047.0    21.706063   543.933690   543.049509  2009.508462     4.364960   135.622210    57.630233    77.991978    48.264522    48.901796     1.141842   289.858396   285.499490   112.183823     7.356704    -0.194351
      2048.0    22.222659   550.619987   546.598251  2009.878977     4.477562   136.847434    58.031346    78.816088    48.106827    49.650916     1.146218   289.896042   285.650695   113.084961     4.831688     1.173574
      2049.0    21.938580   557.466634   549.011673  2010.768278     4.661227   136.531971    57.291722    79.240250    48.579903    49.919209     1.145615   290.042428   285.787305   113.200638     4.959091     0.450005
      2050.0    23.367234   564.474751   551.481035  2010.982068     4.916421   138.744076    59.175070    79.569007    49.852338    49.809890     1.151526   290.132027   286.099989   113.318398     6.895817    -0.256238
      2051.0    24.541537   571.648110   555.924413  2011.161306     4.757792   139.972941    59.412071    80.560871    48.981781    51.063049     0.958343   290.017530   285.887613   112.896538     3.905643     1.902031
      2052.0    24.839050   579.003706   559.160108  2012.196032     4.808037   140.585026    59.225419    81.359606    49.253624    50.783838     0.944584   290.064531   285.859599   111.622559     5.205886     0.495488
      2053.0    25.378623   586.556239   562.427947  2013.249441     4.785350   141.512977    60.059194    81.453783    49.986311    51.038972     0.934129   290.057520   285.784835   111.168701     5.752384    -0.000747
      2054.0    25.366862   594.306978   566.291232  2014.300733     4.966243   140.878396    59.189768    81.688627    49.071661    51.841023     0.925604   290.052025   285.741660   111.720131     3.485461     1.718069
      2055.0    25.220561   602.256726   568.086029  2015.854288     4.824334   140.084157    58.687497    81.396659    49.526152    50.929005     0.920096   290.224827   286.002609   111.018265     5.963694    -0.150702
      2056.0    26.414159   610.406089   571.319069  2016.344330     4.968089   142.898032    61.049924    81.848108    50.859084    51.657473     0.917090   290.325629   286.314921   111.250877     6.159411     0.308348
      2057.0    27.065620   618.755120   575.610530  2016.525531     5.039538   142.541516    60.463016    82.078500    50.339035    51.840234     0.914428   290.257678   286.145582   110.879715     4.331320     1.319998
      2058.0    27.256865   627.305662   578.887030  2017.140347     5.054558   142.598581    60.843643    81.754937    51.252596    52.300972     0.912844   290.497480   286.447866   110.614769     5.266172     0.433560
      2059.0    28.738704   636.058867   582.444299  2018.021174     5.015118   144.887305    62.079580    82.807725    51.259124    52.461937     0.913580   290.427247   286.262191   111.242241     6.060374     0.321986
      2060.0    29.197176   645.016369   587.412706  2018.433682     5.184076   147.018645    62.547837    84.470808    52.139319    52.951922     0.915558   290.487416   286.416665   111.573586     4.627508     0.400095
      2061.0    29.735029   654.178325   591.608087  2019.065212     5.050536   146.890122    62.528347    84.361774    51.615697    53.777129     0.892733   290.527984   286.493683   111.511200     4.555838     1.529902
      2062.0    28.980823   663.544811   594.942498  2020.749760     5.233722   146.051830    61.126131    84.925699    51.333442    53.470832     0.893215   290.548890   286.473958   112.284386     4.320889     0.452841
      2063.0    30.117236   673.115076   597.866350  2021.623664     5.167635   147.170893    63.118331    84.052561    52.635343    53.911141     0.894449   290.709499   286.590938   112.351616     6.283338     0.401895
      2064.0    32.170612   682.891407   602.551240  2022.026584     5.200502   151.654021    65.217822    86.436199    53.519181    53.850856     0.896021   290.575008   286.375482   113.214378     6.682076    -0.071245
      2065.0    31.714515   692.875201   607.739433  2022.962188     5.190689   152.604595    64.274261    88.330334    52.880772    55.532263     0.897925   290.806807   286.754544   114.010223     3.553805     1.715886
      2066.0    30.365161   703.068805   610.386260  2024.517138     5.459767   147.881781    62.754181    85.127600    53.420065    55.026146     0.898377   291.021461   287.129484   113.457649     5.081208     0.051132
      2067.0    31.942582   713.473182   613.622546  2025.032343     5.428413   149.566223    64.000555    85.565668    53.661559    55.039070     0.898576   291.103601   287.202047   113.651276     5.725199     0.862305
      2068.0    33.884060   724.090472   618.160959  2025.536060     5.455206   154.300815    66.083857    88.216958    54.298771    55.191534     0.900202   291.004596   287.102490   113.704544     6.353909     0.389047
      2069.0    32.842002   734.923360   622.200652  2026.663967     5.573708   150.885410    64.083780    86.801630    53.575659    55.827489     0.901330   290.907091   286.877893   113.692528     4.216598     1.123923
      2070.0    33.340391   745.973610   625.565061  2027.646587     5.454646   151.615622    64.368854    87.246768    54.178869    55.560714     0.901323   291.131795   287.212238   113.766891     5.443731     0.399225
      2071.0    34.546530   757.238287   629.395657  2028.288257     5.318058   153.303603    66.098008    87.205596    54.757505    56.393935     0.890369   291.308019   287.569583   113.879295     5.873477     0.994759
      2072.0    34.137637   768.701630   633.311264  2029.684039     5.409530   151.742079    64.634854    87.107225    53.832179    55.920416     0.889655   291.163138   287.183034   114.146019     4.798831     0.692456
      2073.0    34.717700   780.345088   636.799084  2030.536684     5.475475   152.497539    65.350305    87.147234    54.715286    56.092690     0.888505   291.454943   287.687074   113.879417     5.769795     0.524758
      2074.0    36.139750   792.170648   641.451331  2030.723945     5.612895   155.179667    66.760727    88.418939    55.356763    56.545410     0.888082   291.414680   287.571846   113.299835     5.563069     1.001387
      2075.0    35.753647   804.179979   645.860032  2031.633738     5.515779   156.007619    66.527439    89.480180    55.498390    57.199613     0.887127   291.520129   287.717523   113.371696     4.919126     0.791429
      2076.0    36.427226   816.374558   649.350382  2032.674516     5.606312   155.369638    66.307663    89.061975    55.374465    57.364769     0.886623   291.613503   287.827004   113.599129     5.452544     0.949526
      2077.0    36.814271   828.758097   652.877053  2034.154519     5.641220   156.257282    66.436160    89.821123    55.215491    57.547225     0.885679   291.696945   287.939176   114.332642     5.362263     0.851731
      2078.0    36.867411   841.330922   656.870366  2034.409469     5.650966   156.542796    67.987059    88.555737    57.470886    57.492182     0.884490   291.900313   288.266679   114.125084     6.501563    -0.233654
      2079.0    38.278274   854.095194   662.573737  2034.143699     5.525958   161.061936    69.210592    91.851344    57.304572    58.803471     0.883804   291.849884   288.140763   114.426353     4.703751     1.764669
      2080.0    37.261803   867.052007   666.616314  2035.212096     5.581484   158.513348    67.476929    91.036420    56.804629    59.071398     0.882633   292.015360   288.457837   114.442780     4.362953     1.198372
      2081.0    38.035707   880.192006   669.554999  2036.107951     5.552221   158.599982    68.657473    89.942509    58.086030    58.640527     0.887416   291.995560   288.472794   113.699577     7.078261    -0.341359
      2082.0    39.990284   893.447469   675.061383  2036.186721     5.673369   162.961369    69.886093    93.075275    57.631586    58.941490     0.888751   291.847099   288.228861   113.424232     5.438220     1.231134
      2083.0    38.394964   906.754092   679.660242  2037.029963     5.306444   161.132645    69.398798    91.733847    58.560799    59.944416     0.887004   292.039293   288.306403   114.024788     4.855523     0.540375
      2084.0    39.791602   920.108749   685.024387  2037.167983     5.560031   165.065778    70.806274    94.259504    58.607697    60.007399     0.885868   292.183051   288.576586   114.415695     5.434730     1.261682
      2085.0    38.370906   933.513225   688.699099  2038.497625     5.563349   161.736653    69.195323    92.541330    58.425751    60.795054     0.885417   292.324193   288.842347   114.108467     4.725558     1.039661
      2086.0    39.633937   946.969447   692.102713  2039.687838     5.790871   164.406354    70.556976    93.849378    59.172722    60.123410     0.882626   292.279295   288.685347   114.170349     7.029952    -0.239524
      2087.0    39.098060   960.479862   697.273439  2039.632726     5.504731   163.877514    71.523697    92.353817    60.259742    61.303454     0.882675   292.504629   289.026566   114.479431     5.049517     1.098823
      2088.0    40.180137   974.044097   702.227500  2039.812241     5.760278   166.863691    72.144680    94.719011    60.142903    60.821257     0.881243   292.395640   288.906721   113.777657     6.369362     0.498840
      2089.0    39.555261   987.663959   707.509742  2039.878902     5.569750   166.671185    71.969011    94.702173    60.767419    61.803074     0.880622   292.534581   289.134536   113.694275     4.883695     0.968994
      2090.0    40.373887  1001.340285   712.789324  2039.914718     5.517188   169.218206    73.261070    95.957137    60.895633    62.205966     0.878853   292.557176   289.156659   113.379509     5.775522     1.274518
      2091.0    38.612374  1015.069283   716.673875  2041.061953     5.529575   165.949078    71.046529    94.902549    60.618688    62.345307     0.868784   292.611735   289.144336   113.212639     4.816670     0.579383
      2092.0    39.885215  1028.818811   721.112467  2040.952714     5.381332   168.662889    73.843213    94.819676    62.628376    62.113615     0.866370   292.794921   289.379607   113.736336     7.291006    -0.405522
      2093.0    39.916791  1042.561619   727.519801  2040.479045     5.340152   170.930648    73.502648    97.428000    61.655397    63.082945     0.864225   292.931433   289.519434   113.719025     4.012369     1.901216
      2094.0    39.912249  1056.295962   731.769138  2041.009828     5.415257   169.955983    73.800813    96.155170    62.389014    64.224877     0.861322   293.071316   289.784231   113.331673     5.326600     1.305080
      2095.0    38.173870  1070.026614   735.817419  2041.591228     5.196572   168.024886    72.669169    95.355717    62.168242    63.166967     0.859994   293.105876   289.889426   113.148064     5.453922     0.417325
      2096.0    39.168690  1083.741954   739.875969  2042.028220     5.497578   169.059914    72.849206    96.210708    61.976490    63.246314     0.857759   293.171983   289.942852   113.026955     5.544342     0.832832
      2097.0    40.083901  1097.454531   744.225446  2042.422795     5.365331   171.650511    74.612077    97.038434    62.739056    63.410291     0.855996   293.211901   289.990707   112.428268     6.852308     0.276660
      2098.0    39.575042  1111.164739   749.888196  2042.591688     5.380282   171.866621    74.383520    97.483101    62.413290    64.470824     0.854746   293.202596   289.925945   112.017952     4.249946     1.888641
      2099.0    39.155270  1124.859984   754.049616  2042.987881     5.047939   171.133126    73.972910    97.160216    62.709155    64.354318     0.851689   293.402779   290.048994   111.668137     5.457172     1.248970
      2100.0    37.485340  1138.552021   757.411443  2043.908748     5.048802   168.322244    72.938718    95.383526    63.064715    63.907774     0.852313   293.564597   290.427785   111.725746     5.669118    -0.077808