        time     emission          CO2         cveg        csoil        fgco2         fgpp         fnpp           ra          frh     fvegsoil         fluc          tas     tas_land        cprod     fcvegout    fcsoilout
        1850    -2.352348   284.316986   512.210035  1507.751707    -0.035546   120.714717    59.968537    60.746181    62.505122    61.054082     0.037839   286.820902   281.013316            0     0.247125     0.694622
        1851     0.402213   284.450989   511.667203  1506.982542    -0.080525    121.61605    61.178611    60.437439    60.941993    61.117391      0.03918   286.565072   280.540851            0     0.604052     0.944563
        1852     1.068447   284.597992   511.914208  1507.589874     0.205487   122.612246    61.748878    60.863368     61.15977    61.680303     0.039128   286.636745   280.645283            0     -0.17843    -0.086798
        1853    -1.832434   284.730988   510.260503  1508.240971     0.084494    119.49553    59.196675    60.298855    61.357606    61.324434     0.039154   286.792308   280.878902            0    -0.474054    -0.684269
        1854    -0.456783   284.846008   508.828524  1507.780325    -0.056389   121.274232    61.214244    60.059989    61.820294    60.820188     0.039229   286.652064   280.506152            0     1.826034    -0.539461
        1855     0.088772    284.94101   508.828538  1507.985599     0.017768   120.785981    60.714636    60.071345    60.806721    60.896166     0.039175   286.602257   280.450347            0    -0.181543    -0.115829
        1856     0.737279   285.049011   508.452743  1508.347203    -0.041193   122.421395    61.853552    60.567843    61.265908    61.560965     0.039114    286.64956   280.515755            0     0.668382    -0.066547
        1857    -0.580012    285.20401   507.522626  1509.253445    -0.035282   119.288035    59.608183    59.679852    60.443915    61.125424        0.039   286.642191   280.416239            0    -0.587124    -0.224733
        1858    -0.034152   285.368988   506.339296  1509.407242    -0.005554   121.482741    61.254615    60.228126    61.595518    61.062419     0.038943   286.619559   280.468634            0     1.375527    -0.686896
        1859    -0.161796   285.545013   506.419761  1509.208828      0.05429   122.455303    61.609018    60.846285    62.160904     61.45039     0.038969   286.747883   280.918739            0     0.078163      -0.5121
        1860    -0.333629   285.739014    506.14039  1508.743396     0.048193   121.902381    61.201735    60.700646    61.968664    61.293781     0.027932   286.709655   280.726724            0     0.187324     -0.20945
        1861     0.105519   285.933014   505.807153  1508.151922    -0.013282   122.263333    61.746833      60.5165      62.0136    61.330789      0.02747   286.673826   280.783764            0     0.749282    -0.091338
        1862     2.561173   286.100006   506.782629  1508.351038     0.146864   124.309665    63.435649    60.874015    61.349335    61.852667     0.027542   286.523484   280.557363            0     0.607506     0.304217
        1863     0.534635   286.270996   507.805612  1508.537606     0.081747    123.00951    61.988656    61.020855    61.872315    61.893346     0.027501   286.663795   280.718696            0    -0.927673    -0.165537
        1864     -0.11342   286.441986   507.325864  1508.686612     0.023184   121.926632    61.597092    60.329541     62.07017    61.307891     0.027573   286.650799   280.622528            0     0.768948    -0.911285
        1865     2.123082   286.614014   508.338181  1508.566281     0.068417   124.258359     63.16411     61.09425    61.448112    61.957182     0.027589   286.527136   280.378104            0      0.19461     0.629402
        1866     0.301223   286.781006   508.462119  1509.142597      0.17047   123.359982    62.184064    61.175917    62.381226    62.075236     0.027621   286.767223   280.874843            0    -0.015109    -0.882307
        1867    -0.930657   286.954987    507.91052  1508.566493     0.106908   122.336352    61.270023    61.066329    62.650308    61.827845     0.027695   286.910443   281.016496            0    -0.006224    -0.246359
        1868     0.495078   287.105011   507.725282  1507.828171     0.094262   123.443219    62.393849     61.04937    62.284772     61.52388     0.027671   286.761016   280.751903            0     1.055208    -0.022571
        1869     1.998476   287.225006   508.894378  1507.690184     0.112783   125.476679     64.02166    61.455019    62.363774    62.220483      0.02767   286.723714   280.661754            0      0.63208    -0.005303
        1870     1.358335   287.355011   510.076856  1508.118934       0.1364   124.641185    63.086173    61.555012    62.090944    62.507382     0.050082   286.778881   280.781317            0    -0.603687    -0.012312
        1871     0.688845   287.493988   509.743453  1508.662406     0.132746   122.993845    62.268745      60.7251    61.957611    61.893032     0.050926   286.703464   280.610308            0     0.709115    -0.608052
        1872     1.934443   287.664001   510.608203  1508.659057     0.117706   125.251482     63.99397    61.257512    62.488093    62.184328     0.051108   286.684791   280.609475            0     0.944893    -0.300416
        1873     1.003983   287.859985   511.163098  1509.197294     0.119365    124.42548    63.146828    61.278653    62.628331    62.571398      0.05114   286.729683   280.657662            0     0.020534     -0.59517
        1874     1.618431   288.061005    511.79265  1509.232745     0.179447   125.750709    64.245654    61.505055    63.183225    62.847101     0.051427   286.652788   280.610833            0        0.769    -0.371575
        1875     2.265437   288.290985   513.057232  1509.601543     0.232421   126.664721    64.455462     62.20926    62.860451    63.693525     0.051638   286.776402    280.84489            0    -0.502646     0.464276
        1876    -0.729548   288.519989   511.733384  1510.502529     0.212558   123.133222    61.789058    61.344165    63.167097    63.115639     0.051631   286.841522   280.898588            0    -0.002734    -0.952443
        1877     1.123015   288.752014   511.339989  1510.475956     0.162298   125.655958    63.939458    61.716501    63.421133    62.982562     0.051603   286.794699   280.900718            0     1.350291    -0.411998
        1878     0.442967   288.993011     511.0291  1511.169453     0.287451   123.544826    62.420578    61.124247    62.726668    63.059458     0.051493   286.826873   280.928185            0    -0.327991    -0.360707
        1879     0.502182   289.221008   510.578812  1510.985053      0.26873   124.080817    63.026082    61.054735    63.226531    62.454824     0.051518   286.791498   280.744051            0     1.021547    -0.587307
        1880     0.277565   289.470001   510.752013  1510.511074     0.310975   124.825738    63.323023    61.502715    63.843923    62.930091     0.042631   286.856371   280.938593            0      0.21973    -0.439853
        1881     0.499422      289.737   510.534266   1510.30967     0.262304   125.189079    63.584282    61.604798    63.873174    63.301298     0.042445   286.839902    281.00103            0     0.500731    -0.370472
        1882     2.177368   290.019012   511.535389  1510.106843     0.389059   126.477179    64.480758    61.996421    63.250493    63.463645     0.042378   286.735588   280.634226            0      0.01599     0.415979
        1883     -0.40392      290.263   510.509572  1510.561961     0.402773   122.984571    61.854702    61.129869    63.138647    63.154171     0.042213   286.898439    281.01705            0    -0.273652    -0.439594
        1884     1.546564   290.511993   509.284971  1511.568715     0.590831   122.990163    62.743685    60.246478    62.275805     62.90125     0.042268   286.499359   280.318662            0     1.067036     -0.38131
        1885     1.170117   290.796997    509.16223   1511.91989     0.458251   124.110845    63.355101    60.755744     63.20771    62.991772     0.042315   286.587142   280.583206            0      0.48607    -0.567112
        1886     2.101284   291.100006   509.643854  1511.733518     0.333457   125.772019    64.683028    61.088991    63.518008    63.138653     0.042318   286.481598   280.353324            0     1.062751    -0.192983
        1887     1.601749   291.414001    510.79008  1511.948073      0.23917   125.372242    63.844175    61.528067    63.107702     63.34185     0.042409   286.628648   280.634447            0    -0.643901     0.019593
        1888    -0.770138      291.763   509.737065  1512.421686     0.240421   123.625794    62.148863    61.476931    63.860065    63.573195     0.042397   286.849085   280.934046            0    -0.371317    -0.760483
        1889     0.875145   292.113007   508.818273  1511.897019     0.181507   125.972056    64.513741    61.458315    64.522936    63.552802     0.042351   286.832323   280.933893            0     1.879731    -0.445467
        1890     1.173619   292.458008   509.371922   1511.84787     0.331881    125.37066    63.832992    61.537667    63.680335    63.895569     0.045448   286.753882   280.774925            0    -0.616227     0.264384
        1891     1.984937    292.81601   509.160795  1512.224256     0.443517   125.174119     64.29779    60.876329    63.473008    63.562097     0.045569   286.570263   280.429725            0     0.946821    -0.287298
        1892     1.907958   293.166992   509.864265  1512.583339     0.372716   126.626887    65.092642    61.534245    64.258947    63.785835     0.045717   286.767182   280.864636            0     0.603337    -0.832195
        1893     1.614422    293.47699   510.211053  1512.795921     0.297245    125.69049    64.398001    61.292489    63.695136    63.861017     0.045692    286.68268   280.589535            0     0.190196      -0.0467
        1894     1.619638   293.790985    510.68216  1513.140098     0.353726   126.773457     64.76197    62.011487    64.118922    64.657076     0.045653   286.768675   280.719533            0    -0.366213     0.193976
        1895     0.163218    294.07901   510.004166  1513.508201     0.365923   126.196935     64.35889    61.838044    65.129156    64.108044     0.045662   286.907321   280.862011            0      0.92884    -1.389214
        1896     1.993091    294.36499   510.610915  1512.833986     0.405909   128.066019    65.814131    62.251888    64.790083    64.307654     0.045736   286.823265   280.853929            0     0.899728     0.191787
        1897      0.79524   294.645996   510.694577  1513.361595     0.260649   126.267888      64.3145    61.953389    64.332516    64.368407     0.045671   286.877535   280.912488            0     -0.13757    -0.491718
        1898     2.039556    294.95401   511.185485  1513.487776     0.399364   127.594506    65.533669    62.060837    64.503568    64.597208     0.045689   286.784334   280.780064            0     0.445553    -0.032541
        1899     1.064611   295.299988   511.362949   1513.45288     0.482021   127.191363    65.176786    62.014577     65.28502    64.814391     0.045784   286.847254   280.858759            0     0.184931    -0.435732
        1900     0.692788   295.674988   511.185871  1513.409151     0.345204   126.068824    64.241578    61.827246    64.636403    64.063376     0.055989   286.874766   280.929062            0     0.355279    -0.529298
        1901     1.641205   296.006989   511.260037  1513.403148     0.289706   127.946516    65.807805     62.13871    65.106789    64.792838     0.056368   286.827379   280.910138            0     0.940801    -0.307948
        1902     0.561602   296.325012   511.282933  1513.632483     0.329794   126.043566     64.47051    61.573055    64.859484    64.599682     0.056309   286.833076    280.87264            0    -0.152068    -0.489137
        1903    -0.281633   296.653992   510.309573  1513.801738     0.443163   124.605289    63.144601    61.460688    64.513594     64.48197      0.05622   286.687355   280.600421            0     -0.36401    -0.200879
        1904     1.358774    296.95401   509.185364  1513.924173     0.444355   126.116479    64.792671    61.323809    64.460718    64.156443     0.056291   286.620399   280.538775            0     1.760437    -0.426709
        1905     2.078734   297.289001   509.519258  1514.513785     0.484897    126.93076     65.44501    61.485749    64.508125    64.795966     0.056265   286.578586   280.405012            0      0.31515    -0.301771
        1906     1.467289   297.661987   509.377855  1514.840318     0.494898   126.765244    65.265438    61.499806    65.030773    64.689158     0.056383   286.676669   280.641792            0     0.717682    -0.668148
        1907     1.714486   298.097992   509.739127  1514.844806     0.561086   126.876278     65.20357    61.672707     64.92205    64.766241     0.056401   286.746121   280.679156            0     0.076057    -0.160298
        1908     1.005326   298.518005   509.236047  1514.963332     0.628981   126.477659    64.859745    61.617914    65.321411    64.587465     0.056224   286.785945   280.756127            0      0.77536    -0.852471
        1909     1.061409   298.936005   509.638174  1514.898778     0.473765   127.328391    65.287679    62.040712    65.533852    65.172348     0.056129   286.824953   280.825176            0    -0.286796    -0.296949
        1910    -0.353241   299.376984   508.505648  1514.594232     0.446456   126.205436    64.018409    62.187027    65.714453    65.215702     0.042523   286.940372   281.027654            0    -0.064767    -0.194206
        1911    -0.472884   299.828979   507.096005  1513.947011       0.5139   125.887382    64.375363    61.512019    66.282475    64.890332     0.041999    286.93558   280.957531            0     0.894674    -0.744922
        1912    -0.676316   300.352997   505.538953  1513.487887     0.504333   124.034186    63.044589    60.989597    65.299005    64.839225     0.041896   286.862551   280.877063            0    -0.237584    -0.000656
        1913      3.67187   300.910004   505.581461  1513.000631     0.582578   129.481103    67.576216    61.904887    65.630897    64.806096     0.041928   286.597942    280.60054            0     2.727612    -0.337545
        1914     3.420302   301.418976   507.319914  1513.753651     0.581252   128.106173    66.566406    61.539767    64.769082    65.585386     0.041907   286.522816   280.344755            0    -0.757433     0.063285
        1915     2.522398   301.936981   507.864746  1514.170973     0.538792   128.948163    66.756826    62.191338    65.834176    65.694844     0.041908   286.666172   280.633349            0     0.517149    -0.556655
        1916     1.166964   302.484985   507.872178   1514.30605     0.586844   127.794704    65.578552    62.216153    66.123157    65.831846      0.04201   286.773759   280.842861            0    -0.260726    -0.426388
        1917     0.842238   303.010986   507.895423   1513.61849     0.567368   128.822215    66.242072    62.580143    67.045051    66.008776     0.042038   286.891949   280.907996            0      0.21005    -0.348716
        1918     1.027868   303.448975   507.328196  1513.261942     0.490298   128.109516    65.945051    62.164466    66.297949    65.661965     0.042036   286.880142   280.939971            0     0.850313    -0.279436
        1919     1.949736   303.813995   508.088514  1512.773728     0.516367    130.10863    67.489646    62.618984    66.791377    66.030112     0.042051    286.86238   281.088493            0     0.699217    -0.273051
        1920     1.991439   304.246002   509.135419  1512.490508     0.489492   130.348232    67.517301    62.830931    66.878651    66.258518     0.056471   286.798289     280.8616            0     0.211878    -0.336913
        1921     1.933858   304.599976   509.512746  1512.509375     0.599269    129.60196    67.078359    62.523601    66.440335    66.143671     0.057065   286.824259   280.974094            0      0.55736    -0.315531
        1922     2.168944   304.944977   510.002243  1512.774719     0.605356   130.019785    67.537594    62.482191    66.651395    66.758299      0.05714   286.749643   280.788728            0     0.289799    -0.158439
        1923     1.123003   305.270996   509.839092  1513.564399     0.576311    128.06031     65.77245     62.28786     65.86281    66.356602     0.057064   286.829801   280.719102            0    -0.421001    -0.295889
        1924    -2.529348   305.629974   507.378741  1513.562494     0.452673   126.952202    64.676557    62.275645    68.365731    66.490154     0.057134   287.028251    281.11443            0     0.646754    -1.873672
        1925     0.286927   305.812988   506.867822  1512.204173     0.438061   129.928375    67.358258    62.570117    67.841981    66.665948     0.057058    287.07476   281.275519            0     1.203229     0.182288
        1926     2.270269   305.953979   507.633423  1511.796408      0.42667   132.254595    69.074461    63.180134    67.473987    66.925877     0.057055   286.880449   280.980578            0     1.382983    -0.140345
        1927     2.400115   306.176971   509.045551  1512.163387      0.45602   131.899066    68.964054    62.935013    67.437645    67.288349     0.057077   286.831224   280.933199            0     0.263576    -0.516274
        1928     1.011274   306.328979   509.949376  1512.537156     0.519906   129.586525    66.755664    62.830862    66.530929    67.525168     0.057001   286.848139   280.800204            0    -1.673329     0.620469
        1929    -0.081886   306.494995   508.244483  1512.840785     0.517413   129.419284    66.976987    62.442296    67.872927    66.642312     0.056817   286.905161   281.011021            0     2.039569    -1.534243
        1930    -0.121327   306.619995   508.076912  1512.724756     0.473097   129.922715    67.060337    62.862378    67.860923    66.990959      0.05997   286.925903   280.956563            0     0.236949    -0.753936
        1931     0.352133   306.821991   507.991171  1511.983112     0.357066   131.307072    68.301725    63.005347      68.6765    67.385775      0.06022   286.863666   280.832252            0     1.001691    -0.549082
        1932      2.06223   307.092987   508.530925  1511.824818      0.46189   130.490879    67.751197    62.739683    66.667594     67.10834      0.06023   286.811241   280.763277            0     0.103102      0.59904
        1933     0.478801   307.401978   508.168562  1512.019418     0.418889   130.397533    67.683301    62.714233    68.221078      67.2013     0.060171   286.878436   280.845409            0     0.844363    -1.214378
        1934     1.331588   307.784973   508.825742  1511.648005     0.370923   131.419343    68.266757    63.152586    68.061347    67.687674     0.060166    286.89356   280.898615            0    -0.078096     -0.00226
        1935     0.966333    308.22699   508.405409  1511.731205     0.361338   131.429733    68.359804    63.069929    68.635919    68.012001      0.05997   286.860639   280.898598            0     0.768136    -0.707118
        1936     3.942925   309.011993   509.479801    1511.3044     0.519323   133.871914    70.504376    63.367538    68.692072    67.971085     0.060023   286.820293    280.83653            0     1.458899    -0.294182
        1937     3.752103   309.763977   510.969168  1511.757942     0.680095   132.833768    69.535639     63.29813    68.004647    68.482498     0.060002   286.925374   281.051335            0    -0.436226     0.024308
        1938     2.432109   310.293976   511.276676    1512.4891     0.678566   132.720695     69.21362    63.507075    68.528562    68.890785     0.059916   286.984195   281.115021            0     0.015327    -0.368935
        1939     0.150184   310.850983   510.218366  1512.614264     0.634843   130.940586    67.829945    63.110641    69.440714    68.331875     0.059792   286.962057   280.870065            0     0.556379    -1.234003
        1940    -0.310619   311.356964   509.204786  1512.062857     0.646152   130.371895    67.118274    63.253621    69.088063    68.425698     0.064247   287.090426   281.186964            0    -0.293844    -0.110957
        1941     0.725013   311.810974   507.673071  1511.460509     0.769767   132.088156    68.853282    63.234874    69.800224    68.443817     0.064427   287.101778   281.346754            0      1.94118     -0.75406
        1942     1.988115   312.171967   507.939936  1511.238563     0.766176    131.28168    68.686874    62.594806    68.169158     68.12683     0.064351   286.872117   280.887668            0      0.29318     0.179618
        1943     0.740407   312.389984   508.072526  1511.455257     0.808499   131.566624    68.450204     63.11642    68.918162    68.426746     0.064308   286.956943   280.982952            0    -0.109132     -0.70811
        1944    -1.251686   312.412964   506.243933  1511.461649     0.670932   130.402163    67.570212    62.831951    69.477332    68.399935     0.064423   287.007894    281.11537            0      0.99887    -1.083789
        1945     1.046663   312.384979   506.186934  1510.868297     0.703595   131.911394    69.020996    62.890398    68.553955    68.426811     0.064391   286.950069   280.980308            0     0.651184     0.466207
        1946    -1.840946   312.389984   504.894917  1511.233676     0.609094   129.687232    67.003149    62.684083    69.399647    68.208103     0.064197   287.024785   281.166583            0     0.087065    -1.556923
        1947    -0.515922   312.485962   504.167978  1510.020786     0.677348    130.90088    68.189056    62.711824    69.522541    68.070793     0.064127   286.976105   281.037833            0     0.845202    -0.238859
        1948    -1.258839   312.520966   503.566254  1509.336159     0.680827   131.390662    68.258648    63.132014    70.208606     68.72651     0.064233   287.112779   281.260688            0     0.133862    -0.797468
        1949     -2.29368   312.631958   501.730953   1508.04028     0.558144   130.321982     67.57405    62.747932    70.598084    68.371512     0.064101   287.234566   281.343133            0     1.037839    -0.930693
        1950     1.176035   312.820984   501.494876  1506.918411     0.661956   133.266253    69.991431    63.274822     69.78526    69.165131      0.09454   287.171369   281.357897            0     1.062378      0.50174
        1951    -0.602147   313.013977   501.265957  1506.921894     0.647974   131.148344    68.074248    63.074095    69.639775    68.937356     0.095489   287.077723    281.13418            0    -0.634188    -0.705901
        1952     0.095563    313.34198   499.165912  1506.635552     0.477801   132.330335     69.32789    63.002445    70.313019    69.203998     0.095446   287.057103   281.248509            0     2.223937     -0.82268
        1953     2.895609    313.72998   500.150291  1506.447228      0.64525   135.011767    71.512702    63.499065    69.993008    69.724032     0.095412   286.871227   280.986344            0     0.804291    -0.080653
        1954     2.066154   314.094971   500.359195  1507.276936     0.720137   134.010639    70.876957    63.133683     70.21257    70.124865     0.095455   286.873136   281.004156            0     0.543187    -0.917411
        1955     0.373937   314.414978   500.103631  1507.570887     0.635205   132.742849    69.638396    63.104453    70.485555    69.754793     0.095424   286.924848   281.020557            0     0.139166    -1.024713
        1956    -0.365627   314.697968   498.618175    1507.2844     0.619553   132.232492    69.254701    62.977791    70.747189    69.596665     0.095193   286.903584   280.853013            0     1.143493    -0.864037
        1957     -0.77844   314.991974   497.029329  1507.069044     0.510195   131.238842    68.658139    62.580703    70.477859    69.755836     0.094871   286.910714   280.795926            0      0.49115    -0.506668
        1958     2.089925   315.344971   496.618939  1506.885473     0.541438   135.865144    72.044997    63.820147    71.153509    70.290934     0.094553   286.952058   280.963493            0     2.164453    -0.679004
        1959     1.327636   315.806976   497.332291  1506.960839     0.648087   134.198854     70.86875    63.330104    71.078574     70.64137     0.094265   287.080784   281.139015            0    -0.485971     -0.51257
        1960    -0.369166   316.624969   495.833258   1506.80817     0.694994   131.465033    68.670836    62.794196    71.423678    69.979467     0.052875   287.139403   281.101386            0     0.190402    -1.291542
        1961    -0.196675    317.29895    494.32315  1505.422879     0.777351   132.685692    69.667521    63.018171     72.02542     69.89068     0.051073    287.25737   281.427805            0     1.286949    -0.749449
        1962     3.477987   318.043976    494.99116  1503.703385      0.74605   137.158111    73.298013    63.860098     72.10102    70.720401     0.051261   286.987798   281.067382            0     1.909603     0.338874
        1963     4.139831   318.649963   497.116199  1503.655487     0.953008   136.021373     72.59888    63.422493    70.650857    70.775626     0.051385   286.785312   280.713893            0    -0.301785     0.172666
        1964     1.976683   319.332947   497.066261  1504.604961     1.050882   132.798952     69.88587    62.913082    70.362687    70.808569     0.051495    286.75188   280.582721            0     -0.87276    -0.503592
        1965    -0.519948   319.815948   495.050782  1504.805213     0.938193   130.930101    68.493069    62.437032     70.92825    70.487769     0.051299    287.01269   281.168258            0     0.020778    -0.640733
        1966     0.748874   320.879974   493.141072  1503.984688     0.917484   133.173186    70.290235    62.882951    72.672955    70.651313     0.051265    287.07446   281.234766            0     1.548633    -1.201117
        1967     1.577823    321.47995   492.812641   1503.13574     0.921421    133.42101    70.842179    62.578831    71.412124    70.442828     0.051038   286.920948   281.044961            0     0.727781    -0.120347
        1968     3.167693   322.388947   493.629653  1502.208131     0.931396   135.897445    72.352106     63.54534    72.000191     71.09883     0.050927   286.988795   281.090366            0     0.436263     0.026248
        1969      3.14159   323.250946   494.381463  1501.492102     1.071871   136.460049    72.785344    63.674705    72.499919    70.924892     0.050954    286.95896   281.098834            0     1.108643    -0.858999
        1970     4.264788   324.782959   495.383944  1500.874582     1.160997   134.745116    71.574368    63.170748    71.693717    70.761638     0.038609   286.867553   280.825571            0    -0.189751    -0.314559
        1971     2.873172   325.399963   496.219951  1500.028099     1.030543   136.094565    72.627471    63.467093    72.060306    71.068827     0.038177    286.84336    280.74267            0     0.722638    -0.144997
        1972     5.822726   327.348969   497.288372  1499.796492     1.268101    136.14399    72.317459    63.826531     71.87416    71.765216     0.038224   286.864873   280.855769            0    -0.516178     0.122663
        1973     4.862368   329.908966   496.533316  1499.441402     1.448398   134.806636    70.818729    63.987907    72.816995    71.982804     0.038155   287.100924   281.204842            0    -0.409018      -0.4791
        1974     0.946146   330.755951   494.843611  1498.465674     1.287051   134.775017    70.956911    63.818106    73.062879     71.91873      0.03822   287.228371   281.413573            0     0.727885    -0.168421
        1975     1.167707   330.826965   494.354589   1497.71855     1.149517   136.158588    72.630532    63.528056    72.725395    71.483284     0.038139   287.180165   281.311325            0     1.636269    -0.494987
        1976     2.471907   331.544952   495.363834  1497.147568     1.291759   136.234557    72.316737    63.917821    72.627072    71.753902     0.038154   287.122212   281.107409            0     -0.44641    -0.302188
        1977     3.325089   333.352936   495.037775  1496.622982      1.23361   135.456283     71.49998    63.956303    73.219674     72.20476     0.038133   287.302122   281.487339            0     -0.37872    -0.490328
        1978     3.832474   335.009949   494.823801  1494.594856     1.197987   138.626165     74.10656    64.519605     74.96182    71.652058     0.038135   287.357938   281.600798            0     2.668476    -1.281635
        1979     7.179204    336.60495   497.633008  1492.940258     1.378768   140.052639    75.257449     64.79519    72.814507    72.225317      0.03836   287.085902   281.134675            0     0.222925     1.065408
        1980      6.71956   338.704956   499.607232  1493.367097     1.538495   139.124686      74.1343    64.990386    73.360832    73.450305     0.063443   287.182993   281.232854            0    -1.290228    -0.337366
        1981     4.172556    340.05896   499.700132  1492.862539     1.523666   139.755702    74.608938    65.146764    74.778194     72.97494     0.064612   287.246753   281.308159            0     1.541099    -1.298697
        1982     0.821746   340.643951    499.82798   1491.79633     1.463077   137.171476    72.112534    65.058942    73.934558    73.267749      0.06479   287.414019   281.528866            0    -1.283063     0.399401
        1983     4.290661   342.265961   498.461326  1491.388538     1.593739   137.976377    73.679785    64.296592    74.371352    73.007716     0.064867   287.324155   281.439177            0     2.038723    -0.955845
        1984     6.676188   344.007935   499.736177  1490.564943     1.709075   142.131991     76.54722    65.584772    75.223642    73.925837     0.065231   287.264533    281.24082            0     1.346532    -0.474211
        1985     6.869274   345.458954   502.184838  1489.896822     1.628606   143.086717    77.442542    65.644175    75.225626    74.311135     0.065555   287.281657   281.413902            0     0.682747    -0.246369
        1986     6.347718   346.902954   504.345712  1490.119757     1.578477   141.514316    75.764403    65.749912    74.003729    74.470149     0.065798   287.297789   281.404368            0    -0.866619     0.243485
        1987      5.82185   348.774933   504.419396  1490.397425     1.694994   141.104847    75.547084    65.557763    75.339877    74.175862     0.065908    287.47662   281.689949            0     1.297538    -1.441683
        1988     7.134406    351.27594   505.489894  1489.765367     1.832358   141.444793    75.472492    65.972301    75.429415    74.898299     0.065826   287.483564   281.744646            0    -0.496305     0.100942
        1989     5.147215   352.893921   505.512614   1489.19468     1.735833   142.114265    76.336997    65.777268    76.304667    74.671843     0.065726   287.397646   281.510617            0     1.642433    -1.062137
        1990     5.619776   354.072937   507.318741  1488.214833     1.694474   144.080132    77.503432    66.576701     76.04825    75.313899     0.040076   287.509853   281.753432            0     0.383406     0.245496
        1991     3.812998   355.352936   508.143668  1488.130017      1.77597   140.550199    74.631913    65.918287    75.281145    74.750475     0.038935   287.537469   281.747462            0    -0.943489    -0.445854
        1992     4.354905   356.228943   507.961507  1487.645216     1.828822   141.342513    75.953335    65.389178    75.253336    74.572445     0.038988     287.3127   281.390527            0     1.563051    -0.196091
        1993     5.192068   356.924957   509.235097  1487.815946     1.787665   142.391019    77.161776    65.229244    75.200014    74.877725     0.039216   287.176591    281.17206            0     1.010461    -0.493019
        1994     5.637919   358.253967   511.377114  1487.744371     1.722507   143.256038    77.121027    66.135011      75.9958    75.512242     0.039358   287.412296   281.668194            0    -0.533232    -0.411983
        1995     7.147344   360.238953   512.637237  1487.314152      1.77609   144.407813     77.65539    66.752423    76.470795    75.844084     0.039495   287.517008   281.841148            0     0.551183    -0.196491
        1996      4.85567   362.004974   513.052105  1487.232306     1.686545   142.197317    75.762328    66.434989    76.313693    76.028314     0.039478   287.608664   281.974734            0    -0.680855    -0.203533
        1997     3.987393   363.251953   513.526278  1486.195017     1.749886   143.888107    77.151489    66.736618    77.529331     75.77722     0.039545   287.703774   281.901927            0     0.900096    -0.714823
        1998     8.174499   365.932953   514.553634  1484.926482     1.868327    146.30889    78.988713    67.320178    78.350879    76.191617     0.039673   287.799833   282.119634            0      1.76974    -0.890726
        1999      7.61253   367.844971   517.318384  1483.626731     1.932599   147.728127    79.710547     68.01758    78.061624    77.233184     0.039794   287.870012   282.197223            0    -0.287389     0.471311
        2000     5.927019   369.124969   518.648504  1483.700819     1.896614   146.013638    78.430091    67.583547    77.022604    77.224261     0.102276   287.869347   282.359188            0     -0.12429      0.12757
        2001     5.699594   370.673004   519.518744  1483.523046     1.900071    146.73718    79.033772    67.703408    78.471315    76.816922     0.058792   287.928687   282.452647            0     1.346608    -1.476621
        2002     6.593729   372.834991   520.242081  1483.527495     2.034957   146.327659    78.481102    67.846557    78.422878    77.680051     0.102455   287.923235   282.264395            0     0.077714    -0.747276
        2003     7.964953    375.41098    520.79594  1483.133159     1.955003   148.848163    80.398409    68.449754    79.718263    77.624029     0.154631   287.950725   282.440301            0     2.220521    -1.699898
        2004     6.402021      376.987   522.285736  1482.499158     1.983616    147.90033     79.81594     68.08439    78.635814    78.199332     0.117161   287.899575   282.247396            0     0.126812     0.197518
        2005     6.207037   378.907013   522.564398  1482.078357     1.997387   147.867224    79.955999    67.911225    79.748875    77.513534       0.0853   287.923817   282.408751            0     2.163804     -1.81454
        2006     9.597257    381.01001   525.485388  1481.283988     2.033887    149.74432    81.365641    68.378679    78.206082    78.433338     0.073596   287.757463   282.152987            0     0.011313     1.021625
        2007     6.718081   382.603027   527.276829  1481.827477     2.230314   148.112578    79.514716    68.597862    78.323204    78.029538     0.095377   287.808318   282.143332            0    -0.306262    -0.837155
        2008     7.623735   384.739014   527.146315  1482.323812     2.160791   149.127044    80.633573    68.493471    79.601575    78.700191     0.116698   287.936503   282.352348            0     2.063895    -1.397719
        2009     6.521784   386.280029   528.311669  1482.620876     2.168743   150.713868    81.530663    69.183204    80.192753    79.591993     0.265786   288.108507   282.545756            0     0.773316    -0.897823
        2010     3.415198   388.717041    526.60572  1482.842229      2.15724   147.198726    78.004844    69.193882    81.797347    78.637608     0.138085    288.40489   283.019624            0     1.073185    -3.381091
        2011     6.125583      390.944   525.955459  1480.373586     2.103062   150.293923    81.608575    68.685348    82.203048    78.935822     0.124337   288.256338   282.674331            0     3.323014    -0.798583
        2012     9.586377   393.015991   528.294295  1479.622968      2.42975   153.379238    83.801233    69.578005    80.889671    80.132653      0.16633   288.103367   282.525442            0     1.329744    -0.006401
        2013     8.936167   395.724976   529.912746  1479.868025     2.366897   153.534986    83.075961    70.459025    82.103822     80.76228     0.170461   288.322018   282.848821            0      0.69523    -1.586599
        2014     5.464958   397.546967   530.817508  1479.266819     2.135465   153.861039    83.311442    70.549598    83.749012    80.897564     0.112065     288.3899   283.071178            0     1.509116    -2.250243
        2015      9.86308   399.948792   533.803878  1478.748118     2.510832   155.508397    84.903775    70.604622    82.658503    81.397872          0.0   288.352199   283.021846            0     0.519533    -0.741931
        2016    11.509998   403.116974   536.545866    1478.0461     2.538868   155.992168    85.029553    70.962614    82.684907    81.681228          0.0   288.399586   282.973018            0     0.606338     -0.30166
        2017     8.765365   405.793976   538.340199  1478.259334     2.533649   154.992296    83.568883    71.423413    82.923033     82.62372          0.0   288.608063   283.225952            0     -0.84917    -0.512547
        2018     7.181315   408.759949   537.143002  1478.164383     2.529011   153.161844    82.446198    70.715646    83.994241    81.853736          0.0   288.572211   283.229869            0      1.78966    -2.045554
        2019    10.656897   411.789948   538.147734  1477.357289     2.667694   156.968178    85.870741    71.097438    84.217269    82.852586          0.0   288.558577   283.194665            0     2.013423    -0.557589
        2020    11.670388   414.890961   540.579109  1476.873542     2.590772   159.011041    87.328001    71.683041    84.734222    83.757472          0.0   288.629043   283.355512            0     1.139153    -0.493002
        2021    12.780564   418.064972    544.02133  1476.232364     2.691754   162.473829    89.730998    72.742831    86.312983    84.357413          0.0   288.563642   283.236621            0     1.931363    -1.314393
        2022    12.497226   421.334961    547.64941  1476.311669     2.779186   159.918409     87.03869    72.879719    84.196279    85.010846          0.0   288.607759   283.227091            0    -1.600236     0.735263
        2023     8.653312   424.720947   547.432158  1476.851679     2.574858   157.931713     85.55342    72.378294    86.596906    84.949753          0.0   288.861926   283.696666            0     0.820918    -2.187162
        2024    11.679325    428.21994   548.945258  1475.450612      2.71238   162.240299    89.585179     72.65512    87.980112    85.322811          0.0   288.724888   283.427814            0     2.749268    -1.256234
        2025    15.392345   431.829956   553.437903  1474.453607      2.86678   166.049868    92.268069    73.781798    87.339985    87.036432          0.0    288.68429   283.380531            0     0.738992     0.693452
        2026    14.462716   435.549957   557.879093  1474.787063     2.942474   164.843157    90.315341    74.527816    86.625361    86.961716          0.0   288.910203   283.608226            0    -1.087565     0.002899
        2027    13.641815    439.37796   559.841196  1475.136481     2.850213   165.798703    91.731693    74.067009    88.999546    87.713165          0.0   288.855877   283.440775            0     2.056425      -1.6358
        2028    15.575456   443.314941   563.243157  1475.123327     3.045521   166.695658    92.221392    74.474265    87.982353     88.37258          0.0   288.958084   283.656773            0     0.446851     0.403382
        2029    14.534605   447.360962   566.180029  1475.491415     3.119924   168.807619    93.471137    75.336482    90.579023    88.712353          0.0   289.084674   284.042198            0     1.821911    -2.234757
        2030    16.194125   451.514954   570.497898  1475.101628     3.237819   169.668767    94.039528    75.629239    89.834909    89.266295          0.0    289.03058   283.753733            0     0.455364    -0.178827
        2031     15.22494   455.778961   573.832236  1475.363291       3.2584    169.59863    93.284957    76.313673    90.303191    90.326639          0.0   289.255094    284.26908            0    -0.376019    -0.238216
        2032    15.429658    460.16394   575.661262  1476.147695     3.374393   169.922852      93.9969    75.925952    91.183784    91.021792          0.0   289.278681   284.176032            0     1.146082    -0.946396
        2033    13.297614   464.681946   576.849598  1476.515039     3.366276   168.755735    92.409998    76.345738     92.00401    91.410844          0.0   289.429571   284.435791            0    -0.189182     -0.96051
        2034     15.97588   469.330933   578.564807  1475.775216     3.476143   172.295839    96.425285    75.870553    93.729653    90.597579          0.0   289.285048   284.062618            0     4.112497     -2.39225
        2035    20.916976   474.111938   584.433737  1475.327697     3.532176   176.664891    99.117095    77.547796    91.816597    93.435491          0.0   289.312858   284.277096            0    -0.187325     2.066413
        2036    16.876885   479.024933   587.746947  1477.180714     3.634166   173.834796    96.309746     77.52505    93.432203    93.210274          0.0   289.463438   284.474161            0    -0.213738    -2.074945
        2037    17.107083    484.07193   589.990026  1476.967576     3.614191   175.479588    97.554155    77.925433    94.711148    93.722588          0.0   289.474629   284.482528            0     1.588488    -0.775421
        2038    20.406519   489.251923   594.038123  1477.042275      3.89733    177.57766    99.785541    77.792119    94.209082    94.209975          0.0   289.364265    284.17149            0     1.527469    -0.073806
        2039    18.962677   494.566925   597.990827  1478.337946      3.68983   177.248878    98.804691    78.444187    94.751757    94.898816          0.0   289.578256   284.486093            0    -0.046829    -1.148612
        2040    19.281102   500.018921    601.12883  1479.087838     3.772828   180.139062   100.444797    79.694264    96.447985    96.527249          0.0   289.739445   284.786471            0     0.779545    -0.670628
        2041    19.707041   505.607941   604.428175  1479.104632     3.793799    180.23155   100.895863    79.335687    96.821242    96.394084          0.0    289.76136   284.839029            0     1.202435    -0.443953
        2042    20.727071   511.341919    608.66222  1479.940998     3.952121   181.373655   101.472125     79.90153     96.84539    96.660671          0.0   289.789929   284.814532            0     0.577408    -1.021084
        2043    18.922978   517.227905    611.69654  1480.531181     3.941373   180.422789   100.176406    80.246384    97.666546    97.845297          0.0   290.001908    285.14397            0    -0.703211    -0.411432
        2044    18.752797   523.266907   613.431924  1480.197413     4.051651   181.184341   100.665854    80.518487    98.761942    97.267725          0.0   290.115262    285.36593            0     1.662745     -1.16045
        2045    22.831366     529.4599   618.095557  1479.431105     4.225587   186.172483    105.21633    80.956154    99.735386    98.489197          0.0   289.981199   285.041876            0     2.063499    -0.479882
        2046    24.357111   535.808899   624.621799   1479.31784     4.209709   187.467107   105.387554    82.079552    98.696893    99.721148          0.0   290.099861   285.232097            0    -0.859835     1.137521
        2047     19.83772   542.313904   626.961915  1481.115031     4.168867   183.918723   101.578137    82.340586    99.697192   100.124236          0.0   290.369034   285.801073            0    -0.886215    -1.370147
        2048    24.467645   548.976929   630.329112  1481.558213     4.467433   187.780554   106.214632    81.565921   100.338154   100.063396          0.0   290.168284   285.478418            0     2.784039     -0.71794
        2049    23.781098   555.799927   635.354776  1482.156334     4.460721   188.348343   105.849435    82.498908   100.993207   101.668845          0.0   290.251835   285.455488            0    -0.845074     0.077518
        2050    24.969258   562.783936   639.721402   1482.61945     4.301971   191.435405   108.198461    83.236944   102.337769   101.879661          0.0     290.3562    285.65201            0     1.952173    -0.921224
        2051    26.527097   569.929932   645.774331  1483.356559     4.478105   192.562751   108.600121    83.962631   101.736571   102.949226          0.0   290.410063   285.608717            0    -0.402034     0.475546
        2052    26.455061   577.257935   650.596874   1484.60083     4.639636   193.547434   108.873415    84.674018   102.631832   103.668724          0.0   290.531394     285.9425            0     0.382148    -0.207379
        2053    25.827706   584.783936   655.269444  1485.879835     4.643215   194.198536   109.355545    84.842991   104.166074   104.513742          0.0   290.547671   285.856018            0     0.169232    -0.931338
        2054    28.503766   592.506897   661.115183  1485.847204     4.633634   197.042907   111.811018    85.231889   104.354974   104.800113          0.0   290.616163   285.995299            0     1.165166      0.47777
        2055    27.875275   600.428894   667.240593  1486.832135     4.660464   196.187958   110.722127     85.46583   104.344928   105.379193          0.0   290.701805   286.034596            0    -0.782476     0.049335
        2056    25.516811   608.549927   671.246106  1488.102427     4.528405   196.673557   110.145699    86.527858   106.418502   106.377561          0.0   290.997136   286.595735            0    -0.237376    -1.311232
        2057    27.682088   616.869934   675.712582  1488.131858     4.664343   200.064351    113.16782     86.89653   107.834355   106.641296          0.0   291.029325   286.608449            0     2.060049    -1.222491
        2058    31.769985    625.39093    683.29568  1487.736562     4.782526      204.421   116.048487    88.372513   107.172762    108.98016          0.0   290.981001   286.423706            0    -0.514771     2.202693
        2059    30.755653   634.113892   689.257635  1489.794327     4.753756   202.569129   114.066695    88.502434   106.606315   108.810303          0.0    291.16671   286.764985            0    -0.705562     0.146222
        2060    31.376134   643.040894   694.265309  1491.774499     4.953766   205.593135   116.868391    88.724744   109.421717   109.570082          0.0   291.206657   286.801862            0     2.290635    -1.831807
        2061    31.379868   652.171875   701.303735  1492.780609     4.815652   205.030715   116.104471    88.926243    108.97113   109.875326          0.0   291.269693   286.766248            0    -0.809281    -0.101914
        2062    33.311251   661.506897   707.942639  1493.522266     4.982226   208.927297   118.651293    90.276004   110.188397   110.856812          0.0    291.30669   286.948912            0     1.155578    -0.073242
        2063    35.663316   671.044922   716.431314  1494.691918     5.056276   210.941211   120.397505    90.543707   110.088735   111.989877          0.0   291.244502   286.646948            0    -0.081047      0.73149
        2064    34.646188   680.788879    724.27297  1496.459293     5.037272   211.646626   120.065051    91.581577   111.192775   113.086144          0.0    291.46722    287.07984            0     -0.86275     0.125994
        2065    33.854372   690.738892   730.346378  1498.909023     5.022869   209.275938   117.928028    91.347911   110.271819   113.472726          0.0   291.478874   287.119386            0    -1.618107     0.751177
        2066    32.548555   700.898865   733.512571  1502.059785     5.050251   208.692185   117.260754    91.431431   111.384746   113.770532          0.0   291.681907   287.447225            0     0.324029    -0.764975
        2067    32.632418    711.26886   737.595562  1503.549106     5.181387   210.919819   119.370656    91.549162    113.98902   113.713433          0.0   291.825934   287.633176            0     1.574233    -1.764908
        2068    39.239833   721.850891   745.899643  1503.304472     5.367369   218.370148   126.085733    92.284415   114.734061   115.237356          0.0   291.657499     287.1969            0     2.544297     0.747928
        2069    38.254259   732.647888   755.769504  1504.551389     5.307375   217.504706   123.482864    94.021842   113.514447   116.237981          0.0   291.845648   287.547948            0    -2.624979     1.476618
        2070    36.039213   743.661865   762.226554  1506.953427     5.194619   218.359681   123.083714    95.275966    115.67963   117.069466          0.0   292.151743   288.117178            0    -0.442801    -1.012203
        2071    35.254088   754.892883   766.428829  1508.617717      5.26082   217.687538   123.400399    94.287139   117.317607   117.227296          0.0   292.197609   288.103606            0     1.970827    -1.754599
        2072     46.12273   766.322876    778.25276  1507.841597     5.742765    230.98928   134.129915    96.859365    118.08435   119.429388          0.0   291.994814     287.7568            0     2.876596     2.121157
        2073    42.264113   777.929871    789.68076  1512.595776     5.150206   226.357652   128.372629    97.985024   115.969966   122.492491          0.0   292.288445   288.219237            0    -5.547863     1.768346
        2074    35.741551   789.718872   792.406656  1517.120851     5.298851   220.823714   124.496612    96.327101   119.152699   120.869145          0.0   292.401211   288.371575            0     0.901572    -2.808629
        2075    41.769172   801.690857   799.890238  1518.167202      5.39837   228.424716   130.928817    97.495898   120.046347   122.708402          0.0    292.39831   288.392674            0     0.736833     1.615704
        2076    44.711131     813.8479   808.256798  1521.606347     5.373067   230.615381   132.973863    97.641519   119.518127    123.62618          0.0   292.419724   288.309884            0     0.981122     0.668908
        2077    42.236201   826.192871   816.747152  1526.172826      5.36095   229.929238   130.913691    99.015547   120.320887   124.064055          0.0   292.591326   288.625447            0    -1.640716    -0.823311
        2078    41.961802   838.726868   823.973839  1527.523227     5.408103    233.99551   134.528814    99.466697   124.660007   123.852026          0.0   292.671246   288.767899            0       3.4501    -2.158383
        2079    45.853389   851.451843   835.260128  1529.232439     5.523309   236.444976   135.921659   100.523317    122.68308   126.607281          0.0   292.562017   288.499463            0     -1.97191     2.214988
        2080    43.198867   864.368896   842.951552  1533.547112     5.210486   232.564807    131.77194   100.792868   121.284005   126.379159          0.0    292.81703   288.857406            0    -2.298644     0.780482
        2081    38.482265   877.479858   845.299793  1537.306843     5.446916   229.247227   128.738431   100.508796    123.61504   126.040671          0.0   293.111314   289.544954            0     0.349519      -1.3341
        2082    44.571352   890.708862    852.22491  1538.958238     5.489485   237.017588   136.742594   100.274993   125.823959     127.1203          0.0   292.975423   289.122996            0     2.697178    -0.355054
        2083    45.971396   903.980896   861.394348  1542.182629      5.55642   236.498523   135.437225   101.061298   123.277025   127.648859          0.0   292.983831   289.155179            0    -1.381072     1.147442
        2084    45.496965   917.300842   870.009192  1545.401406     5.397914   240.765346   137.912174   102.853172   126.169901   129.351347          0.0   293.162095   289.476608            0    -0.054017     -0.03733
        2085    44.759719   930.670837   878.025851   1547.97845     5.404256   242.269006    139.20617   103.062836   128.314008   129.663365          0.0   293.288068   289.681449            0     1.526146    -1.227687
        2086    48.527706   944.091858   888.566651  1550.952968     5.608429   245.566146   142.120423   103.445723   127.773046    131.11553          0.0   293.133362   289.217667            0     0.464093     0.367966
        2087    48.521805   957.566895   898.793914  1554.918284     5.379782   245.444181   140.816697   104.627483   126.361631   133.254104          0.0   293.249482   289.382735            0     -2.66467     2.927157
        2088    41.200073   971.095886   904.160232  1560.504116     5.300324   241.965139   136.970768   104.994372    129.87289   132.137301          0.0   293.521701   289.986941            0    -0.532851    -3.321421
        2089     46.34187   984.680847   912.048135  1561.460476     5.335363   250.038565   144.079087   105.959478    131.99359   133.131421          0.0   293.555623   289.992256            0     3.059763     0.181471
        2090    46.803197   998.320862   922.190444  1564.239256     5.165661   250.319227   143.921731   106.397496   131.322496   135.537543          0.0   293.589841   289.868798            0     -1.75812     1.436267
        2091      42.1745  1012.019836   927.290887  1568.593094     5.406023   245.089785   138.110239   106.979547   130.502015   135.097836          0.0   293.893754   290.494979            0    -2.088042     0.241984
        2092    46.927364  1025.739868   935.145085  1571.358959     5.202119    251.99585   145.307285   106.688565   132.787114   134.240003          0.0   293.804902   290.087622            0     3.213084    -1.312976
        2093    48.264606  1039.449829   945.399748   1574.42954     5.269012   254.694849   146.486338   108.208511   132.674195   136.417862          0.0   293.910303   290.389485            0    -0.186187     0.673086
        2094     46.78055  1053.149902   954.196884  1578.952536     5.213411   254.981422   145.819526   109.161896   133.414703   138.465483          0.0   293.993494    290.48166            0    -1.443093     0.527783
        2095    45.897563  1066.849854   962.167217  1582.787842     5.286536   256.598878   147.195098    109.40378   135.746119   138.590846          0.0     294.0825   290.566627            0     0.633918    -0.990579
        2096    42.456422  1080.529907   968.530548  1586.434357     5.078088   252.871927   143.076486    109.79544   134.817912   138.562955          0.0   294.289979   291.000491            0    -1.849799     0.098528
        2097     47.32295  1094.209839   975.875841  1588.711335     5.162786   258.762385   149.659053   109.103333   136.618425   138.118273          0.0   294.193484   290.780075            0     4.195485     -0.77713
        2098    50.557664  1107.889893   989.309241  1591.692344     5.021964   264.471596   153.015527   111.456068   136.599466   140.913319          0.0   294.192482   290.676116            0    -1.331191     1.332844
        2099     46.59167  1121.549927   998.514071  1596.724932      5.05426   260.319615   148.599584    111.72003   136.139309   141.703222          0.0   294.454613   291.160187            0    -2.308467     0.531325
        2100    44.595384  1135.209839   1005.03956  1600.364304     5.052772   262.300863   150.661864   111.638999    140.19627   141.929538          0.0   294.464106   291.159698            0     2.206837    -1.906104
        2101    49.692207  1148.859863  1015.979853  1602.510846     4.950203   266.549953   153.982022    112.56793   138.301733   142.138443          0.0   294.476385   291.042457            0     0.903287     1.690167
        2102    44.673778  1162.469849  1024.448073  1607.839319      5.11761   262.885475   149.656062   113.229413   139.076361   143.775017          0.0   294.638237   291.357257            0    -2.587176    -0.629817
        2103    39.902068  1176.029907   1027.55531  1612.803972     4.691161   257.366584   144.845182   112.521402   138.504448   142.965829          0.0   294.896914   291.755191            0    -1.227884    -0.503271
        2104    44.126533  1189.529907  1032.806986  1614.733775     4.929186   263.602913   151.321315   112.281599   140.866271   143.045305          0.0   294.876638   291.660407            0     3.024334      0.24923
        2105     47.38426  1202.979858  1042.369163  1618.552001      4.92691   267.388825   154.087373   113.301452   140.265771   145.184882          0.0   294.841355   291.450389            0    -0.659685     1.100884
        2106    45.211882  1216.369873  1051.909848  1621.552369     4.835105   271.271035   156.079955   115.191079   144.211318   145.221365          0.0   295.106436   292.105363            0     1.317906    -1.990321
        2107    47.362596  1229.699829  1062.381631  1624.570588     4.850999   270.881543   155.783501   115.098042   141.652172    146.75961          0.0   294.975515   291.690977            0    -1.447891     2.089218
        2108    43.564736  1242.969849  1068.966854  1630.159184     4.884318    266.46897   151.890119    114.57885   141.462363   146.738467          0.0   295.032524   291.802621            0    -1.433571    -0.312492
        2109    42.966306  1256.189819  1075.178892  1634.003623     4.606338   269.758397   154.295539   115.462858   144.081674    147.76434          0.0   295.298127   292.313569            0     0.319162    -0.161774
        2110    43.127013  1269.349854  1082.896651  1636.655545     4.606146     273.1063    156.83054    116.27576   146.328167   147.998707          0.0    295.32699   292.281717            0     1.114074    -0.981382
        2111    43.786421  1282.449829  1091.459724   1639.04841     4.750603   273.221418   156.751877    116.46954   145.606688    148.69688          0.0   295.344631   292.228288            0    -0.508074     0.697327
        2112    43.932485  1295.489868  1098.684175  1643.155196     4.736407   272.827579   155.844246   116.983333   144.411188   149.871532          0.0   295.436954   292.299545            0    -1.251738     1.353559
        2113    37.245284  1308.469849   1102.19529  1648.092878     4.536698   269.844295   152.460296   117.383999    147.38686   148.978014          0.0   295.729916   292.847761            0    -0.028833    -3.346529
        2114    46.085945  1321.389893  1111.076897  1649.369658     4.492056   280.239088   162.037875   118.201212   147.951527   151.052761          0.0   295.747577   292.757477            0     2.103507     1.824454
        2115     40.98694  1334.249878  1118.637588  1653.359774     4.311935   274.243755   155.854576    118.38918   146.559241   149.847609          0.0   295.909193   293.044493            0    -1.553724    -0.701748
        2116     42.92361  1347.049927  1125.951534  1656.001707     4.613368   278.813522   159.467671   119.345852   148.409494   152.014887          0.0   295.909628   292.962367            0     0.138838      0.96346
        2117    38.996095  1359.779907  1131.563754  1659.341275     4.512008   275.406664   156.777539   118.629125   149.396336   151.129375          0.0   295.978335   293.093241            0     0.035944    -1.606529
        2118    41.056573  1372.439941  1137.374364  1662.139333     4.411754   275.379336   156.910308   118.469027   147.219455    152.05862          0.0   295.982969   292.994284            0    -0.958921     2.041108
        2119    42.223696  1385.039917  1144.008174  1665.552951     4.317548    280.06801   161.106146   118.961864   150.026094   152.612982          0.0   296.047841     293.1008            0     1.859354     -0.82673
        2120    39.705077  1397.569946  1150.221511  1669.709249     4.484853   275.702354   156.438786   119.263569   147.895736   153.024319          0.0   296.170897   293.312824            0    -2.798871     0.972285
        2121    36.355248  1410.039917  1153.117949   1673.42541      4.29067   272.736182   154.513865   118.222317   148.998597   151.863699          0.0   296.220219   293.320762            0    -0.246271    -0.851059
        2122    38.209681  1422.429932  1158.141068  1675.389778     4.172751   279.608235   160.019323   119.588912   152.361469   152.720385          0.0   296.368038   293.670637            0     2.275818    -1.605452
        2123    37.501469  1434.759888  1162.958338  1677.920139      4.41774   275.313193   155.265727   120.047465   148.433206   152.611145          0.0   296.444771   293.655083            0    -2.162687     1.647578
        2124    38.388762  1447.009888  1167.360323  1680.479456     4.164061   279.683486   159.481602   120.201884   151.337875   152.990595          0.0   296.465901    293.64236            0     2.089021    -0.906596
        2125     36.35284  1459.189941   1171.16309  1684.996549     4.274019   276.032642   155.948138   120.084504   149.801371   153.294926          0.0   296.649723   293.989258            0    -1.149555    -1.023538
        2126    37.842797  1471.289917  1176.320059  1686.504947     4.012952   281.962189   160.954208   121.007981   152.885928    155.32976          0.0   296.740112    294.02901            0     0.467479     0.935433
        2127    38.430383  1483.319946  1182.685595   1687.90969     4.160805   282.120458   160.773207   121.347252   152.116274   154.637748          0.0   296.762436   294.105229            0    -0.230077     1.116731
        2128    33.138925  1495.279907  1184.310207  1693.021995      4.03072   274.631588    154.76293   119.868658   151.118191    154.33415          0.0   296.807176   294.163863            0    -1.195832    -1.896346
        2129    39.983124  1507.159912  1190.198606  1694.354448     4.143935    285.49469   163.938367   121.556323   153.392413   156.448183          0.0   296.728534   293.996127            0     1.601784     1.723317
        2130    31.852398  1518.959839  1191.280056  1699.142769     3.971121   274.531758   154.478979    120.05278   151.720446   155.297468          0.0   296.952811   294.384182            0    -1.899941    -1.211298
        2131    35.433201  1530.679932  1195.259161  1700.090537     4.171954   282.237071   161.669421   120.567651   155.360944   155.770111          0.0   297.029736   294.371544            0     1.920205    -0.538601
        2132     33.54882  1542.319946   1201.22287  1700.411312     3.940918   283.872212   161.756927   122.115285   156.931304   156.211111          0.0   297.146353   294.611241            0    -0.417893    -1.040968
        2133    36.965888  1553.879883  1206.938797  1701.166843     3.822908   284.834138   162.212705   122.621433   153.681513   156.505733          0.0   297.166341   294.637318            0    -0.008956      2.06869
        2134    34.833061  1565.359863  1210.662341  1704.477427     3.843734   281.625139   159.239247   122.385892   152.691476   157.161845          0.0   297.289781   294.788978            0    -1.646142     1.159785
        2135    31.637953  1576.759888  1212.204314   1707.78579     3.830196   281.199544   159.363652   121.835891   155.827224   156.682556          0.0   297.379252   294.875594            0     1.139124    -2.453032
        2136    31.714269  1588.079956  1214.179642  1709.416622     3.956058   277.982445    157.19034   120.792106   153.533225   155.921196          0.0      297.378   294.796967            0    -0.706184      0.75714
        2137    33.940337  1599.309937   1218.79431  1709.719739     3.838895   286.467156   163.957934   122.509222   157.765784   157.199484          0.0   297.344156   294.655649            0     2.143781    -0.869417
        2138    33.928851  1610.449951   1224.79548  1710.799895     3.799349   284.901826   161.600408   123.301418   155.188657   156.296974          0.0   297.513853   295.085462            0    -0.697735     0.028161
        2139    34.896276  1621.509888   1228.43496   1713.35429     3.852501   282.949159   160.703326   122.245833    153.20681    158.26003          0.0   297.475675   294.997245            0    -1.196184     2.498826
        2140    31.847506  1632.489868  1230.997181  1717.676954     3.808173   282.847569   160.216868   122.630701   155.554561   157.009137          0.0   297.563371   295.206826            0      0.64551    -2.868089
        2141    33.026865  1643.379883  1235.773178  1717.792096     3.797838    287.10399   163.695206   123.408784   157.651661   157.664735          0.0   297.560281   295.079375            0     1.254475    -0.102069
        2142     29.45132  1654.169922  1239.457581  1719.584538      3.73976   283.012851   159.354495   123.658355   156.615564    158.79494          0.0   297.751143   295.432729            0    -3.124847     0.386934
        2143    30.339355  1664.879883  1240.205168  1720.753953     3.712229   281.814349   159.567103   122.247246   155.742115   157.607446          0.0    297.80812   295.428452            0      1.21207     0.695916
        2144    31.805581  1675.509888  1244.306318   1722.28032     3.553231    286.78247   163.470542   123.311928   157.850099   158.754369          0.0   297.893771   295.506076            0     0.615024    -0.622098
        2145    32.147705  1686.039917  1249.721962  1722.635398     3.475311   287.416829    162.97845   124.438379   156.725108   158.309854          0.0   297.958828   295.662646            0    -0.747047     1.229668
        2146    27.580529  1696.479858  1250.241468  1725.642806     3.555092   282.420898   159.345576   123.075321   157.547388   158.529224          0.0   298.006827   295.671051            0     0.296846    -2.025572
        2147    29.074897  1706.819946  1253.307709  1725.583283     3.469608    283.59462    160.43594   123.158681   156.845307   156.836114          0.0   298.039818   295.664111            0     0.533583      0.05033
        2148     30.73857  1717.079956  1256.958462  1726.606295     3.513459   286.253193   162.069101   124.184092   156.688156   158.606944          0.0   298.128409   295.751663            0    -0.188594     0.895776
        2149    28.316272  1727.239868    1259.4654  1728.134235     3.537853   286.056342   161.855672    124.20067   158.708303    160.72947          0.0   298.212858   295.862042            0    -1.380737     0.493226
        2150    25.076421  1737.319946  1260.227004  1729.294492     3.423287   281.426632   157.429794   123.996837    157.23774   157.285848          0.0   298.376218   296.192302            0    -0.617657    -1.112149
        2151    25.186182  1747.289917   1260.76652  1729.299409     3.513105   282.180293   158.085738   124.094555   157.639315   157.263133          0.0   298.471569   296.265894            0     0.283088    -0.381099
        2152    24.403605  1757.169922  1260.015362  1729.826731      3.50704   279.701504   156.365131   123.336373   156.503678   156.986784          0.0   298.477967   296.294422            0     0.129505    -0.044216
        2153    21.782242  1766.949951  1256.893833  1731.841215     3.492823   273.098157   151.435414   121.662743   153.968252   155.940572          0.0   298.548117    296.42451            0    -1.383629    -0.042164
        2154    20.718899  1776.639893  1250.864194  1733.929604     3.525141   268.861018   149.918703   118.942315   153.355398   154.982141          0.0   298.573164   296.458209            0     0.966202    -0.461647
        2155    26.012326  1786.219971  1251.566411  1732.739997     3.359353   280.326986   158.633064   121.693922   156.376639   155.922011          0.0   298.547036   296.309469            0     2.008835     0.734979
        2156    24.122413  1795.699951   1253.30681   1732.70758     3.226645   279.645489   157.318553   122.326937   156.606218   156.358402          0.0   298.657713   296.386018            0     -0.78025    -0.215399
        2157    25.465318  1805.079956   1255.88557  1732.688236     3.273357    283.39917   159.889686   123.509486   157.668304   157.221659          0.0   298.711987   296.589815            0     0.089265    -0.427301
        2158    23.185208  1814.359863  1257.830988  1731.140695     3.269832   282.471085   158.505005    123.96608   158.347096    155.59303          0.0   298.913832   296.884941            0     0.966558    -1.206525
        2159    26.014519  1823.539917   1262.15181  1729.615749     3.253908   284.347492   159.389927   124.957565   156.174188   155.899365          0.0   298.885361   296.748338            0     -0.83026     1.250123
        2160    22.179889  1832.609863   1261.42502  1730.917048     3.168041   277.212456    153.68397   123.528485    153.98257   156.133146          0.0   299.049731   297.062404            0    -1.722385     0.849277
        2161    21.114818  1841.579956  1260.465333  1731.466648      3.28411   278.942905   155.646225    123.29668   156.913369   155.492821          0.0   299.089394   297.057115            0     1.113091    -1.970149
        2162    21.299046  1850.459961  1259.890622  1731.056506     3.075808     277.5378   154.550477   122.987323   155.233289    156.53804          0.0   299.112839    297.02802            0    -1.412851     1.714894
        2163    20.649017  1859.219971  1258.375088  1731.187393     3.264633   276.461957   154.201926   122.260031   155.468116   154.798247          0.0   299.184311   297.163172            0     0.919213    -0.800758
        2164    19.746874  1867.889893  1257.370643  1730.505316     3.186727   276.427721   154.162277   122.265444   156.060901    154.38407          0.0    299.28097   297.253707            0     0.782653    -0.994754
        2165    18.548192  1876.449951  1256.591815  1729.130991     3.058996   276.299384   153.902943   122.396441   156.638613   155.214123          0.0   299.383473   297.424387            0    -0.532352    -0.050165
        2166    19.377702  1884.899902  1255.124012  1728.376117     3.021937   275.771008   153.557263   122.213745   155.191937   154.128337          0.0   299.409624   297.438707            0     0.896729    -0.308726
        2167    19.191192  1893.239868  1254.011851  1728.431274     3.149847   274.858667    152.61633   122.242335    154.33126   155.879256          0.0   299.470848    297.49455            0    -2.150764      1.49284
        2168    21.722357  1901.489868  1254.560491  1726.788776     3.030623    281.29539    157.88215   123.413239    156.75515   154.317175          0.0   299.485887   297.481969            0     3.016336    -0.795477
        2169    19.113552  1909.619873   1256.19753  1726.065721     2.977953   278.229385   154.965865    123.26352   156.139521   155.099359          0.0   299.469321   297.403579            0    -1.770534    -0.317106
        2170    17.474693  1917.649902  1253.777069  1725.518817     2.784389   272.357394   150.507125   121.850269   152.913224   154.228935          0.0   299.558628   297.554879            0    -1.301349     1.862615
        2171    18.775352  1925.579956   1253.67577  1724.262824     2.986658   278.915029    155.46647   123.448559   156.561325   153.695879          0.0   299.656605   297.725728            0      1.87189    -1.609453
        2172     18.05193  1933.399902  1254.664213  1722.271591     3.052513   280.623143   156.268087   124.355056   157.917791   155.353178          0.0   299.665868   297.703448            0    -0.073533     -0.57338
        2173    18.164159  1941.109985  1254.597774  1720.922973     3.036414   276.567915   153.047334   123.520581   154.334802   153.781746          0.0   299.778987   297.933018            0    -0.667973     0.795562
        2174    19.166656  1948.709961  1254.685847  1720.491029     2.923893   278.681197   154.307046   124.374151   154.245076   153.620116          0.0   299.791463    297.85146            0     0.598857    -0.193016
        2175    16.015462  1956.209961  1254.281967  1718.974493     2.703354   276.803074   152.750534    124.05254   155.406363   153.828725          0.0   299.878704   298.057102            0    -0.674311    -0.061101
        2176    13.601848  1963.599976  1251.648453  1717.522083     2.829163   272.412417   149.819332   122.593084   154.780418   153.009392          0.0   299.974275   297.992628            0    -0.556545    -0.318617
        2177     14.54181  1970.879883  1249.283664   1716.29077     2.814793   274.122457   150.489244   123.633212   154.261574   153.760533          0.0   300.099408   298.382144            0    -0.906499     0.730272
        2178    13.585763  1978.049927  1246.725733  1714.832909     2.867468   272.240397   149.358827   122.881569   153.905975   152.232656          0.0   300.041975   298.261467            0    -0.315896    -0.215458
        2179    12.614385  1985.109985  1241.862647  1713.999917     2.920737   269.137238   147.968326   121.168912   153.305952   151.180018          0.0    300.13042   298.326675            0     1.651393    -1.292941
        2180    13.460102  1992.069946  1239.199395  1711.713336     2.777388   269.983252   148.885999   121.097252   153.021445   151.397198          0.0   300.190141   298.398799            0     0.152053     0.662334
        2181    13.422178  1998.929932  1237.890743  1709.730158      2.54129    272.73863   150.417342   122.321289   154.141759   151.352809          0.0   300.259163   298.464899            0     0.373183    -0.805771
        2182    14.280644  2005.669922  1236.395517    1707.4695     2.591035   270.822316   149.112551   121.709764   151.772772   150.240915          0.0   300.343796   298.580391            0     0.366863       0.7288
        2183    12.210067  2012.299927  1234.795238  1706.119733     2.767324    269.45951   147.820395   121.639115   152.493316    151.34441          0.0   300.377404   298.559659            0    -1.923736     0.200861
        2184     8.918648  2018.829956  1228.816906  1705.453903     2.639195   262.765554   142.894875    119.87068   150.518232   148.706636          0.0   300.456605   298.825804            0     0.166569    -1.145766
        2185    12.559709      2025.25  1227.461345  1702.181485     2.523203   271.451343   148.903001   122.548341   152.535141   149.379722          0.0   300.442249   298.677342            0     0.878841     0.116998
        2186    11.062326  2031.559937   1224.39717  1699.923601     2.691031   267.479929    146.07609   121.403839   151.139014   149.978904          0.0   300.560868   298.907494            0    -0.838639     1.097774
        2187    10.161751  2037.759888  1221.913809  1697.644879     2.475465   269.304365   147.079775   122.224591   152.593543   149.049485          0.0    300.66811   298.969713            0     0.513651    -1.265336
        2188    11.616804  2043.849976  1220.096488  1693.869079     2.580793   269.834125    148.10657   121.727554   152.036708   148.325837          0.0   300.710072   298.991886            0     1.598054     0.064928
        2189     12.60271  2049.810059  1220.888039  1690.999467     2.476002   272.696203   149.768851   122.927352     152.3315   150.737412          0.0   300.725457   298.866331            0    -1.760111     1.275523
        2190    11.101273  2055.659912  1218.977335  1689.345431     2.506513   270.341543   147.191289   123.150254   151.051205    149.00126          0.0   300.822037   299.174606            0     0.100733    -0.395908
        2191     8.544249  2061.419922  1215.209138   1688.42682     2.488388   265.729885   144.021165   121.708721   150.228693    149.21387          0.0   300.821071   299.147126            0    -1.424509    -0.096212
        2192      8.83099  2067.089844  1210.735288  1687.064841     2.492017   265.189805   143.802548   121.387257   149.535163   147.588189          0.0    300.79957   299.080133            0      0.68821    -0.584995
        2193     8.030379  2072.639893  1207.866662  1683.669809     2.399078   269.166327   145.965056   123.201271   152.150127   148.551091          0.0   300.843392   299.161693            0     0.282591    -0.204004
        2194     6.980401  2078.060059  1203.751307  1681.295094     2.397771   264.452016   142.984832   121.467184   149.942047   147.293379          0.0   300.952795    299.37446            0    -0.193193    -0.273953
        2195     9.115034  2083.379883  1199.922272  1678.654095     2.503184   265.257519   144.329399   120.928119    149.04376   147.610961          0.0    301.02124   299.419286            0     0.547475       1.2082
        2196     5.722436  2088.589844  1196.468018  1676.988882     2.377465   262.120188   141.423252   120.696936   149.170587   146.068301          0.0   301.134394   299.529694            0    -1.190795    -1.437073
        2197     6.757936  2093.679932  1192.962411  1672.275805     2.495903   263.470663   142.414318   121.056345   148.989373   144.661099          0.0   301.122395   299.428229            0     1.258826     0.384803
        2198      6.72276  2098.669922  1190.315753  1669.125265     2.262602   262.707235    141.57507   121.132166   147.738885   144.430857          0.0   301.155638   299.560456            0     -0.20913    -0.157488
        2199     8.984601  2103.540039  1188.473303  1665.511669     2.319905   265.766439   143.968179    121.79826   147.672239   143.924973          0.0   301.187008   299.554073            0     1.885656     -0.13367
        2200     7.723329  2108.310059  1187.078551  1663.095798     2.364547   262.976453   141.908616   121.067836   146.705477   144.819828          0.0     301.2217   299.631014            0    -1.516459     0.530222
        2201     7.219297  2112.959961  1185.774469  1659.334013     2.112195   267.174765   144.880707   122.294057   149.673512   144.133096          0.0   301.267641   299.717019            0     2.051693    -1.778631
        2202     8.568456   2117.51001  1186.233331  1655.584935     2.222587   266.567517   144.327038   122.240479   147.668481   147.076203          0.0   301.243855   299.587877            0    -3.208027       3.1568
        2203     4.794309  2121.949951  1181.443373  1653.617641     2.399688   259.357292   138.781109   120.576184   145.839374   143.776216          0.0   301.426053   299.775443            0     -0.20515    -0.095865
        2204     5.196102   2126.27002  1178.477935  1650.781124     2.180456   262.601248   141.556016   121.045233   147.738038   143.291989          0.0   301.469032   299.914496            0     1.229465    -1.609533
        2205     5.468276   2130.48999  1176.274667   1647.18696     2.163946   263.318806   141.552303   121.766503   147.232531   143.075282          0.0    301.52006   299.995825            0     0.680288    -0.563084
        2206     6.975541  2134.589844  1174.330244  1644.481461     2.204416   262.918443   141.465111   121.453332   145.422802   144.196373          0.0   301.505614   299.925354            0    -0.786839     1.479069
        2207     3.132148  2138.599854  1170.641488  1642.238123     2.210075   260.472632   139.739717   120.732915   147.355182   143.239033          0.0   301.584101    300.02204            0     0.189441    -1.872812
        2208     6.457652   2142.47998   1169.17885  1637.636668     2.199713   265.628953   143.445387   122.183566   147.448454    142.83987          0.0   301.653743    300.02742            0     2.068155    -0.007129
        2209     1.654245   2146.26001  1166.370338  1634.852201     2.093497   256.617428   135.447272   121.170154   143.934418   142.690341          0.0   301.856706   300.492285            0    -4.434556     1.540389
        2210     0.829526  2149.929932   1158.56454  1632.771327     2.107647   253.876785   134.676109   119.200677   143.767698   141.903816          0.0   301.833759   300.468621            0     0.578091     0.216992
        2211     3.863802   2153.47998  1154.677579  1629.753943      2.12234   260.207271   139.858634   120.348636   145.675424   140.792314          0.0   301.818528   300.323847            0     2.953281    -1.865727
        2212     3.509977  2156.919922  1153.318443  1625.792253     2.001166   257.986399   138.406043   119.580356    144.22106   140.536117          0.0    301.86632   300.343267            0    -0.770937     0.276747
        2213     1.670874   2160.23999    1150.4844  1622.369547       2.0772   256.069323   135.236719   120.832604   142.711656   140.135758          0.0   301.897335   300.341618            0    -2.064996     0.846808
        2214      -0.5683  2163.459961  1143.067856  1619.959977     1.866142   248.683042   130.232241   118.450801   139.522178    136.71939          0.0   301.954668   300.625963            0     0.929395    -0.393218
        2215     3.120908  2166.570068  1139.538752  1616.330533     1.999634   258.058294   138.614957   119.443336   144.115275   140.468167          0.0   301.897754   300.311542            0     1.675893    -0.017664
        2216      0.34093  2169.580078  1135.994773  1613.415093     2.043299   251.292284   132.886234   118.406049   140.997081   137.684368          0.0   302.092095   300.630176            0    -1.254153    -0.397273
        2217     0.285853   2172.47998  1132.972219  1608.933142     1.846718   254.474985   134.450942   120.024042   142.185856    137.99159          0.0    302.19821   300.846474            0    -0.518095     0.287686
        2218     2.508002   2175.27002  1129.566307   1605.49612     1.965337   255.007715   136.231123   118.776592   141.628603   138.794376          0.0   302.120967   300.659259            0     0.842658     0.602795
        2219      2.19204  2177.929932  1127.063275  1602.845691     1.871385   253.017176   134.660524   118.356652   140.002967   135.842042          0.0   302.138122   300.643113            0     1.321514    -1.510495
        2220     1.102535   2180.48999  1124.988308  1599.012363     1.859096   254.326298   135.218707    119.10759   141.425771   138.696349          0.0   302.236931   300.816073            0    -1.402674     1.103906
        2221    -0.648364  2182.949951  1121.649378  1594.773534     1.936229   251.322673   133.511979   117.810694   141.333962   136.182467          0.0   302.204793   300.666415            0     0.668442    -0.912666
        2222     0.039622  2185.290039  1117.782444  1591.787272     1.934258   247.902709   130.100047   117.802663   136.976856   135.830937          0.0   302.282199   300.862271            0    -1.863957     1.840343
        2223    -0.911973   2187.52002  1112.977806  1589.134264     1.830872   248.818802   131.521508   117.297293     139.0121   135.525778          0.0   302.366441    300.97163            0     0.800368    -0.833314
        2224    -3.720718  2189.649902  1108.340115  1585.145388     1.796186   247.599208   129.799132   117.800075   139.850669    133.97056          0.0   302.482565   301.156402            0     0.466264    -1.891232
        2225    -1.759058  2191.669922  1105.183763  1579.664803     1.840023   249.010876   130.469945    118.54093   138.369755   134.186638          0.0   302.514255   301.146322            0     -0.56034     1.297468
        2226    -1.093211  2193.570068  1101.216523  1576.189669     1.676293   248.273839   131.155362   117.118477   137.970374   134.080537          0.0   302.590454    301.24452            0     1.042065    -0.414703
        2227    -2.761865  2195.330078  1097.474024  1571.978698     1.767105   246.731051   130.001214   116.729837   138.277334    134.60373          0.0   302.588728   301.236783            0    -0.860016     0.537366
        2228    -0.112438   2197.01001  1093.633736  1569.073325     1.787794   247.170032   130.476275   116.693756   135.953169   133.697012          0.0   302.548569   301.167753            0     0.619552     0.649216
        2229     -2.94942  2198.590088  1089.395964  1566.527635     1.805444   244.552237   128.483639   116.068598    136.60257   132.401913          0.0   302.559204   301.141362            0     0.319498    -1.654967
        2230    -1.737461  2200.070068  1087.208051  1561.584814     1.774314   248.248069     130.6431    117.60497   137.305828   133.009814          0.0   302.569496    301.16102            0    -0.178802     0.646808
        2231    -1.560111  2201.429932  1084.270643  1557.960341     1.824776   246.898254   130.015864    116.88239   136.295967   133.001142          0.0   302.614535    301.23075            0     -0.04787     0.329648
        2232    -2.985275  2202.659912   1082.41066  1552.838697     1.618006   249.624537   131.775769   117.848768   138.997736   132.349625          0.0   302.655625   301.186078            0     1.286127    -1.526468
        2233    -4.066253  2203.790039  1079.702992  1548.280588     1.703797   246.158741   127.877477   118.281264   136.053619   132.722104          0.0    302.79037   301.493018            0    -2.136958     1.226593
        2234    -3.839318  2204.810059  1075.040955  1544.270978      1.56431   243.179199   127.375135   115.804063   134.950431   130.641011          0.0   302.770759   301.375459            0      1.39616     -0.29981
        2235    -2.619315   2205.72998  1072.097496  1541.137451     1.716028   241.443716   125.336349   116.107366    131.63025   130.467431          0.0   302.741583   301.295093            0    -2.187621     1.970708
        2236    -3.906341  2206.530029  1067.535148  1538.197126     1.936778   245.663543   128.318147   117.345396   135.864604   130.192199          0.0   302.839344   301.369615            0     2.688296     -2.73208
        2237    -2.800388   2207.22998  1065.492581   1533.56838      1.69342   244.163396   127.510908   116.652488   133.494937   131.596333          0.0   302.933539   301.593628            0    -2.042858     2.730142
        2238    -2.973523  2207.810059  1061.279366  1531.576547     1.626484   242.454809   126.982323   115.472486   132.817335   130.568922          0.0   302.859104    301.36427            0     0.626616    -0.256579
        2239    -3.014325  2208.290039  1059.580112  1527.649979     1.628688    244.81224   128.878392   115.933848   134.543296   130.070357          0.0   302.887379   301.450535            0      0.50729    -0.546371
        2240    -5.247938  2208.649902  1057.372086  1523.837075     1.522805   243.976499   127.214365   116.762135   134.751261   129.890247          0.0   302.988397   301.695545            0    -0.467857    -1.048109
        2241     -2.65402  2208.909912  1054.227601  1520.263861     1.604403   244.526922   128.009302   116.517621   132.821286   130.267594          0.0   302.958044   301.637718            0     0.886193     1.019522
        2242    -4.812736  2209.070068  1050.820967  1517.778241     1.474535   241.090362   125.505435   115.584926   132.133672    129.49594          0.0   302.996496   301.601543            0     -0.58387    -0.152113
        2243    -5.606658  2209.110107  1046.756266  1514.791488     1.376491   241.236897   126.054571   115.182326    133.12295   128.898784          0.0    303.02481   301.694223            0     1.220487    -1.237413
        2244    -6.333705  2209.030029  1044.890453  1510.137443     1.469284   241.796595   125.232756   116.563839   132.865239     128.8093          0.0   303.165167   301.853005            0    -1.710729     0.598104
        2245    -7.315656  2208.840088  1039.704469  1506.912314     1.537734   236.190305   121.436919   114.753387   129.885896   127.196979          0.0   303.152384   301.873992            0    -0.574076     0.536213
        2246    -5.201293  2208.570068  1037.294357  1502.277643     1.428725   244.068074    127.61955   116.448523   133.674667   128.082818          0.0   303.150027   301.711234            0     1.946844    -0.957178
        2247    -7.132289  2208.189941  1034.347095  1498.636331     1.413189   237.988208   122.267334   115.720874   130.003484   126.663395          0.0   303.289837   302.049629            0    -1.448798     0.301222
        2248     -9.66511  2207.689941  1028.832555  1494.726307     1.311754   235.568496   121.278912   114.289584    131.19123   126.513901          0.0   303.367755   302.147937            0      0.27955    -0.767305
        2249    -8.351731  2207.070068  1023.502245  1491.287554      1.57349   232.979939   119.196009    113.78393   127.801468   125.364169          0.0   303.344618   302.007252            0     -0.83785     1.001454
        2250    -9.197061  2206.350098  1017.799971  1487.909429     1.304061   232.723524   119.836346   112.887178   128.804592   124.972851          0.0    303.36504   302.105423            0     0.565769    -0.453615
        2251    -9.280623   2205.52002  1013.283024  1483.681708     1.330455   232.035513    118.23341   113.802102   127.077186   123.632652          0.0   303.394662   302.153346            0    -0.882294     0.783187
        2252    -6.633213  2204.639893  1008.950697  1479.778133     1.390245   237.652405   123.887802   113.764602   130.037401   124.613996          0.0   303.383668   302.016077            0     3.606133     -1.51983
        2253    -9.322372      2203.75  1006.806834  1475.591333     1.443231   233.086838   119.262094   113.824744   128.133049   124.440027          0.0   303.518267   302.303527            0     -3.03407     0.493778
        2254      -7.3789  2202.860107  1003.049321  1470.653132     1.207712   235.849012   121.179496   114.669517   127.871456   123.717461          0.0   303.467852   302.229169            0     1.219547     0.784206
        2255    -6.762767  2201.969971  1000.118765    1467.8737     1.418449   232.892555   119.491821   113.400734   125.777866   123.449318          0.0   303.477891   302.264518            0    -1.026942     0.450884
        2256    -9.787054  2201.100098   994.960035  1464.659588     1.402055   230.366904   117.274794   113.092111   126.611876   122.250053          0.0   303.515459   302.249819            0      0.18347    -1.147711
        2257    -5.052826  2200.219971    992.73629  1460.115913     1.424429   237.253821   123.562789   113.691032   128.166184   123.867416          0.0   303.569919    302.24999            0     1.919118     0.244907
        2258    -5.070019  2199.340088   993.327714    1455.5575     1.180343   237.008176   122.412115   114.596061   126.789138   122.539948          0.0   303.597657   302.322991            0    -0.719258     0.309223
        2259    -9.374244  2198.439941   989.813728  1451.681972      1.31877   232.287806   118.477791   113.810014   127.254326   122.645228          0.0   303.658561   302.394194            0     -0.65345     -0.73357
        2260    -7.546555  2197.540039   986.605737  1447.081304     1.362338   232.290269   118.593912   113.696357   125.586842    121.55764          0.0   303.722945   302.496016            0     0.244262     0.571465
        2261    -6.905123  2196.629883   983.474322  1443.553877     1.252523   234.529403   120.448191   114.081212   126.668044   123.131283          0.0   303.762908   302.539806            0     0.448322    -0.009334
        2262    -8.028302   2195.72998   980.068834  1440.542955     1.304145   228.803625   116.700451   112.103174   124.116937   121.825261          0.0   303.737146   302.613682            0    -1.719322     0.719245
        2263    -7.342366  2194.830078   975.844504  1437.417034      1.24139    230.32924   118.458389    111.87085   125.126183   120.978229          0.0   303.689706   302.433504            0     1.704491    -1.022032
        2264    -7.461305  2193.949951   972.071018  1434.840399     1.268057   227.806412    116.23875   111.567662   123.094255   121.612999          0.0   303.777998   302.704782            0    -1.600763     1.095379
        2265    -7.687188  2193.060059   967.730701  1431.966383     1.225012   226.977909    116.23793   110.739978   123.255481   120.055598          0.0   303.789346   302.597578            0      0.52265    -0.325867
        2266    -5.215507  2192.159912   966.830365  1427.192533     1.187947   235.367982   122.280824   113.087157   126.767797   121.386497          0.0   303.736283   302.480354            0     1.794665    -0.607451
        2267    -6.303638      2191.25   965.384085    1423.7835     1.336083   229.697542   117.128147   112.569394   122.830597   120.336942          0.0   303.827119   302.548697            0    -1.762515     0.915378
        2268    -6.861417  2190.340088   962.777215  1420.046654     1.233374   230.691811   118.720866   111.970945   124.878385    120.01013          0.0   303.842443   302.615903            0     1.317606    -1.131408
        2269    -6.220551  2189.429932   960.764809  1415.973194     1.062167   230.291929   118.222882   112.069046   123.567807   120.498872          0.0   303.878252   302.744342            0    -0.263583     1.004525
        2270     -4.29856  2188.530029   959.619018  1413.536011     1.350414   231.725048   119.310653   112.414395   123.043664   120.699059          0.0    303.76236   302.430262            0    -0.242615     0.092578
        2271    -5.117038  2187.620117    958.35849  1410.017737      1.21197   232.706135   119.995211   112.710923   124.386946   120.559131          0.0   303.801241   302.479743            0      0.69661    -0.309541
        2272     -6.45605  2186.719971   956.687098  1406.691601     1.300229   229.750606   117.086628   112.663978   122.926426   119.970963          0.0   303.875634   302.588162            0    -1.212944     0.370672
        2273   -12.006049  2185.820068   951.357725  1404.314948     1.050797   223.527362   111.502647   112.024716   122.643531   118.522401          0.0   303.989412   302.914328            0    -1.690382    -1.744477
        2274    -7.837308  2184.899902   946.464431  1399.619465     1.094483   226.771028    115.03628   111.734747   122.008968   119.656546          0.0    303.99069   302.760688            0     0.273029      2.34306
        2275    -8.502146   2183.98999   942.348045  1395.959315     1.056846   225.171433   114.187261   110.984171   121.808982   115.944673          0.0   303.974924   302.827418            0     2.358974    -2.204159
        2276    -4.566316  2183.090088   940.702609  1392.061151     1.295137   227.684324   116.352095   111.332227   120.297588   118.217588          0.0   303.956526    302.69149            0    -0.220056     1.818165
        2277    -5.899702  2182.189941    938.78008   1389.53973     1.160989   226.831097   115.686528   111.144569   120.830739   118.014629          0.0    303.92705     302.6507            0    -0.405572     -0.29469
        2278    -5.735601  2181.290039     936.0893  1387.300982     1.172549   224.930516   114.868027   110.062489   119.860217   117.036567          0.0   303.990457   302.750013            0     0.522241    -0.584902
        2279    -6.071701  2180.399902   934.053517  1384.328657     1.049628   225.467705   115.069886    110.39782   120.296046   117.193799          0.0   303.983201   302.725226            0     -0.08813    -0.129922
        2280    -6.143689       2179.5   930.537546  1382.056368      1.25818   220.969399   112.722386   108.247013   118.208293   116.551674          0.0   303.960574   302.608742            0    -0.313316     0.615669
        2281    -7.929392  2178.600098   926.645869  1379.052332      1.13292   220.523114   112.389551   108.133562   119.535902   115.887347          0.0    304.06218     302.8151            0     0.393882     -0.64452
        2282    -6.263715  2177.699951   923.864322  1376.062673     1.082952   222.565109   113.466731   109.098378   118.896917   116.473228          0.0   304.060016   302.810642            0     -0.22495     0.565971
        2283    -6.315235  2176.800049   921.991373  1372.597072     1.071542   222.813769   113.459149    109.35462   118.929966   116.353132          0.0   304.027484   302.703036            0    -1.021033     0.888767
        2284    -6.450327  2175.909912   919.083302  1369.701731      1.14923   221.881385   113.041134   108.840251   118.745522   114.884933          0.0   304.029475   302.742376            0     1.064272    -0.965248
        2285    -5.991651   2175.01001   916.788488  1366.636162      1.25574    223.11551   114.078012   109.037498   119.409442   115.758833          0.0   304.023435   302.676424            0     0.613993     -0.58504
        2286    -7.715178  2174.120117   914.034943    1363.3247     1.118991   218.597755   110.323814   108.273941   117.263333   115.246033          0.0   304.147232   302.913012            0    -2.168673     1.294162
        2287    -6.467465   2173.22998   910.870894  1360.607603     0.987662   222.462498   113.162891   109.299607    118.72285   114.773724          0.0   304.166574   302.928984            0     1.553215     -1.23203
        2288    -8.477491  2172.340088   907.083787  1357.632028     0.854691    218.12561    109.68942   108.436189   117.126954   114.221533          0.0   304.255213   303.070537            0    -0.745005     0.070155
        2289     -4.65789  2171.459961   905.022405  1354.006352     0.953623   223.331513   114.372981   108.958533   118.110636   115.546529          0.0   304.172444   302.907616            0     0.887833     1.061569
        2290    -7.270865  2170.570068   902.387765  1351.712015     1.110338   218.272235   109.767396   108.504839   116.253951   113.914007          0.0   304.270972     303.1877            0    -1.511971    -0.045608
        2291    -6.116294  2169.679932   899.919027  1348.356813     0.986995   223.258115   113.871602   109.386513   119.079722   114.350984          0.0   304.275829   303.219281            0     1.989356    -1.373536
        2292    -5.882761  2168.790039   898.016949  1345.235691     1.042163   221.407911   112.627974   108.779938   117.658248   114.352631          0.0   304.198342   302.937508            0     0.177421    -0.184495
        2293    -5.267642  2167.909912   896.768831  1341.300817     1.087955   223.441731     113.6725    109.76923   118.154241    115.09709          0.0   304.284495   303.151757            0    -0.176471     0.877723
        2294    -4.534716  2167.030029   896.045596  1338.401617     1.097536   223.522368   113.778494   109.743874   117.537408   114.789552          0.0    304.34809   303.176802            0    -0.287823     0.151343
        2295     -7.76842  2166.139893   892.571595   1336.45193      0.97077   216.047253   108.088695   107.958558   114.932717   113.407056          0.0   304.393074   303.376322            0    -1.844361     0.424027
        2296    -8.973565   2165.27002    887.86095   1333.77504     0.969155   213.477526   107.092597   106.384929    115.18329   111.063208          0.0   304.394689   303.326115            0     0.740034    -1.443193
        2297    -5.147487  2164.399902   885.982169  1329.109128     0.897045    219.89852    111.78613   108.112389   115.978116   112.279799          0.0   304.331648   303.076433            0     1.385113     0.967596
        2298    -4.641623   2163.52002   885.042225  1326.270604     0.914727   218.248728   110.350204   107.898523   114.033218   112.357496          0.0   304.439099   303.297608            0    -1.067347     1.162801
        2299    -6.930025  2162.629883   881.848827   1324.13528     1.065044   216.187121   108.863879   107.323241   114.963781   111.440827          0.0   304.437047   303.286898            0      0.61645     -1.38763
        2300      -7.9474   2161.73999   878.072864  1321.658877     1.085436   214.524653   107.305416   107.219238   114.443603   111.435142          0.0   304.413398   303.381082            0    -0.353763    -0.532058