        time     emission          CO2         cveg        csoil        fgco2         fgpp         fnpp           ra          frh     fvegsoil         fluc          tas     tas_land        cprod     fcvegout    fcsoilout
        1850    -0.842632   284.316986   635.075299    926.79584    -0.179039    78.821208    40.259669     38.56154    41.180884    40.907746            0   287.792778   282.383402            0     0.221725          0.0
        1851     0.421205   284.450989   634.832168   926.810297     -0.16708    79.773253    41.237808    38.535445    40.875124    40.889581            0    287.67223   282.244637            0     0.591358          0.0
        1852     1.402005   284.597992   635.215707   927.112349    -0.061132     80.92379    42.127429     38.79636     40.88389    41.185943            0   287.605886   282.004821            0     0.557947          0.0
        1853     0.393432   284.730988   635.506967   927.362709    -0.193547    80.314517    41.540492    38.774026     41.13392    41.384281            0   287.631399    282.11277            0    -0.135049          0.0
        1854     -0.94803   284.846008   635.057387   927.147715    -0.043301    79.084752    40.387179    38.697572    41.426702    41.211707            0   287.742978   282.269295            0    -0.374948          0.0
        1855    -0.430222    284.94101   634.363289    926.78203    -0.115091    79.153802    40.643443    38.510359    41.044855     40.67917            0   287.648918   282.068206            0     0.658371          0.0
        1856    -0.309045   285.049011    633.85923   926.689895     0.004019    79.112921    40.606986    38.505935    41.028327    40.936191            0   287.741626   282.353845            0     0.174854          0.0
        1857     0.387016    285.20401   633.789077   926.511909    -0.105676    79.960596    41.319796      38.6408     41.03026    40.852275            0   287.648339   282.193763            0     0.537674          0.0
        1858     2.925087   285.368988    634.78589   926.664439    -0.018472    82.519425    43.438921    39.080504    40.715449    40.867979            0   287.525857   282.065321            0      1.57413          0.0
        1859     1.546755   285.545013   636.320172   927.310257     0.038136    81.415674    42.394255    39.021419    41.125571    41.771389            0   287.580772   282.086538            0    -0.911415          0.0
        1860     1.152352   285.739014   636.476625   927.722743     0.099229    81.085883    42.027046    39.058837    41.247654    41.660139            0   287.606528   282.005593            0     0.210453          0.0
        1861     1.600453   285.933014   636.903236   928.207544     0.050828    81.619353    42.511362     39.10799    41.254185    41.738986            0   287.611437   282.099339            0     0.345766          0.0
        1862     1.781027   286.100006   637.651656   928.614327     0.147664    82.000662    42.772584    39.228078    41.381185    41.787969            0   287.582344   282.021396            0     0.236196          0.0
        1863    -0.548705   286.270996   637.576784   928.887213       0.1761    79.536189    40.770591    38.765598    41.747963    42.020848            0   287.742455    282.22502            0    -1.175386          0.0
        1864    -1.391488   286.441986   635.700928   928.531202    -0.028874    78.647772    40.115286    38.532486    41.730461     41.37445            0   287.777568   282.337813            0     0.616692          0.0
        1865     0.639906   286.614014   635.629648   928.478115      0.05927    80.566063    41.679776    38.886287     41.35441    41.301324            0   287.650225   282.106128            0     0.449732          0.0
        1866     1.152214   286.781006   635.975508   928.489726    -0.059717    81.396464    42.293733    39.102731    41.325693    41.337304            0   287.700355   282.121185            0     0.610568          0.0
        1867    -0.195926   286.954987   636.111222   928.558279     0.078944    79.951413    41.040215    38.911198    41.573594    41.642147            0   287.827493   282.249795            0    -0.737646          0.0
        1868    -0.961436   287.105011   635.225178   928.342303     0.041556    78.811252    40.284986    38.526266    41.494891    41.278915            0   287.794675   282.275479            0    -0.107884          0.0
        1869     0.778004   287.225006   634.808556    928.11744     -0.04627    80.394657    41.678926    38.715731    40.997386    40.772524            0   287.686186   282.204208            0     1.323024          0.0
        1870     1.728583   287.355011   635.738704   928.370994     0.049466    81.357719    42.451121    38.906598    40.934607     41.18816            0   287.661572   282.084407            0     0.332813          0.0
        1871     0.897063   287.493988   636.187304   928.689107     0.137535     80.77332    41.913813    38.859507     41.29429    41.612402            0   287.729016   282.066634            0    -0.147189          0.0
        1872     1.691423   287.664001   636.486455   929.035572     0.104789     82.00212    42.797112    39.205008    41.397869    41.744334            0   287.731112   282.122073            0     0.753627          0.0
        1873     0.855333   287.859985     636.7839   929.262242     0.105933     81.20131    42.067119    39.134192    41.550867    41.777536            0   287.830926   282.298857            0    -0.007862          0.0
        1874     0.102369   288.061005   636.393453   929.321947     0.009235    80.650701    41.569357    39.081344    41.713567    41.773272            0    287.87128   282.388181            0     0.186532          0.0
        1875      0.31442   288.290985   636.089354   929.357519    -0.025018    80.440545    41.511472    38.929073    41.465189    41.500761            0   287.817962   282.348438            0      0.31481          0.0
        1876      0.78906   288.519989   635.872982   929.420985      0.12493    80.860119    41.875285    38.984833    41.496957    41.560423            0   287.731969   282.159226            0     0.531234          0.0
        1877     1.215323   288.752014   636.293053   929.602117     0.073937    81.434661    42.299655    39.135006    41.447382    41.628514            0   287.737592   282.180307            0     0.251071          0.0
        1878      2.07886   288.993011   636.926996     929.9599    -0.053289     82.64459    43.228201    39.416388    41.400208    41.757992            0   287.605272   282.026861            0     0.836266          0.0
        1879     1.316878   289.221008   637.833277   930.243694     0.215797    82.128412    42.711905    39.416507    41.884705    42.168499            0   287.694361   282.287426            0    -0.362875          0.0
        1880     0.649729   289.470001   637.856071   930.291039      0.17754    81.695836    42.233751    39.462085    42.076871    42.124216            0   287.682998   282.307655            0     0.086741          0.0
        1881      2.03254      289.737   638.065743   930.408313     0.239306    82.247648     42.90176    39.345888    41.476801    41.594074            0   287.601727   282.007578            0     1.098014          0.0
        1882     1.290841   290.019012   638.750457   930.835746       0.3105    81.934632    42.463751    39.470881    41.888072    42.315505            0   287.643551   282.058513            0    -0.536468          0.0
        1883     1.140984      290.263   638.450231   930.946266     0.218897    81.804876    42.459425    39.345451    41.862202    41.972721            0   287.709531   282.204441            0     0.786929          0.0
        1884     3.467603   290.511993   639.513201   931.509589     0.293941     84.22321    44.483469    39.739741    41.645076      42.2084            0   287.433493   281.724325            0     1.212099          0.0
        1885     3.292911   290.796997   640.932488   932.719489     0.386186    83.482888    44.006208     39.47668    41.512143    42.722043            0   287.396987    281.60334            0    -0.135121          0.0
        1886     1.316026   291.100006   641.075561   933.603867     0.333903    81.759418    42.495052    39.264366    41.960443    42.844821            0   287.596437   281.985949            0    -0.492842          0.0
        1887     0.719061   291.414001   640.447185   934.190742     0.306667    80.699132    41.833673    38.865458    41.892659    42.479534            0   287.538385   281.835937            0    -0.017485          0.0
        1888     0.486156      291.763   639.642749   934.448796     0.326769    80.562065    41.708219    38.853846    42.093833    42.351887            0   287.603666   282.038057            0     0.160767          0.0
        1889    -0.587187   292.113007   638.704742   934.290675     0.355325    79.568398    40.721731    38.846666    42.210905    42.052784            0   287.679502   282.199193            0    -0.393046          0.0
        1890    -0.539078   292.458008   637.313318   933.741143     0.270782    79.563966    40.650799    38.913167    41.995858    41.446326            0   287.744425   282.323537            0     0.595897          0.0
        1891     1.858761    292.81601   637.132908   933.498915     0.222956    81.975819     42.76122      39.2146    41.664526    41.422299            0   287.599592   282.122742            0     1.519331          0.0
        1892     2.692752   293.166992   638.105565   933.788325     0.369476    83.099305    43.581858    39.517447    41.770869    42.060279            0   287.567539   281.960999            0     0.548923          0.0
        1893     1.795793    293.47699   638.693467   934.283106     0.233235     82.59252    43.061867    39.530654    41.918438    42.413219            0   287.602709   281.884904            0     0.060745          0.0
        1894     3.120253   293.790985   639.843799   934.844079     0.254807    84.439377    44.467025    39.972352    42.025869    42.586842            0   287.570526   282.002643            0     0.729851          0.0
        1895      1.60122    294.07901   640.483674   935.278546     0.320258    83.393471     43.41439    39.979081    42.496187    42.930654            0   287.711225   282.209333            0    -0.156139          0.0
        1896     2.128053    294.36499   641.273616   935.738181     0.324533    84.253877    44.061632    40.192245    42.614452    43.074087            0   287.644009    282.12707            0     0.197603          0.0
        1897     1.528947   294.645996   641.126026   936.334427     0.372124     82.84795    43.179218    39.668732    42.366697    42.962943            0   287.687293    282.04355            0     0.363865          0.0
        1898     0.887766    294.95401    640.75667   936.703417     0.520551     82.52063    42.726668    39.793962     42.75917    43.128161            0   287.835213   282.370264            0    -0.032137          0.0
        1899       -0.017   295.299988   639.686945   936.867451     0.524547    80.545032    41.439753    39.105279    42.459904    42.623937            0   287.754989   282.128314            0    -0.114459          0.0
        1900     -0.36568   295.674988   638.072915    936.86177     0.484443    79.769327    40.855267    38.914061    42.243252    42.237571            0   287.784478   282.114701            0     0.231726          0.0
        1901     0.098829   296.006989   636.361541   936.692697     0.437048    80.112112    41.238548    38.873564    42.017701    41.848627            0   287.694397   282.107781            0     1.101294          0.0
        1902     2.709757   296.325012    636.64683   936.859112     0.397976    83.230588     43.74832    39.482268    41.842552    42.008967            0   287.547439   282.015527            0     1.454064          0.0
        1903     3.029338   296.653992   637.889224   937.505032     0.485387    83.869166      44.1985    39.670666    42.079499    42.725419            0   287.541906   281.856295            0     0.230686          0.0
        1904     2.075633    296.95401   638.102914   938.231231     0.392939     83.23702    43.568063    39.668958    42.245038    42.971237            0   287.522904   281.794996            0     0.383135          0.0
        1905     2.695291   297.289001   638.789807   939.195823     0.380261    83.729556    44.054036     39.67552    42.171326    43.135918            0   287.496072   281.780881            0     0.231225          0.0
        1906     1.003653   297.661987   638.672141   939.752479     0.389306    82.387517    42.764221    39.623296    42.658201    43.214857            0    287.64326   282.053261            0    -0.332969          0.0
        1907     2.021937   298.097992   638.302796   940.007497     0.498033    82.971847    43.355718    39.616129    42.471629    42.726647            0   287.657065   282.014182            0     0.998415          0.0
        1908     0.780941   298.518005   638.360568   940.165616     0.458787    82.258887    42.592891    39.665997     42.87421    43.032328            0   287.720151   282.174543            0    -0.497208          0.0
        1909     2.044298   298.936005   638.059072   940.193614      0.51018     83.34176    43.511019    39.830741    42.575074    42.603072            0   287.646862   282.076945            0     1.209443          0.0
        1910     1.735812   299.376984   638.374482    940.27604     0.566154     83.09706    43.254921     39.84214    42.730062    42.812488            0   287.759572   282.180153            0     0.127022          0.0
        1911     0.063239   299.828979   638.004996   940.174147     0.644505    81.612621    41.830364    39.782257    43.096922    42.995029            0    287.89505   282.331788            0    -0.795178          0.0
        1912     1.127902   300.352997   637.050379   939.791628     0.662285    82.377049    42.512409     39.86464    42.892173    42.509654            0   287.705481   282.161222            0     0.957372          0.0
        1913     2.793372   300.910004   636.678091   939.973838     0.766678    82.809166    43.327829    39.481337    42.220646    42.402856            0   287.613013   281.880811            0     1.297261          0.0
        1914     2.553744   301.418976   637.257434    940.51573     0.677985    83.916526    43.847819    40.068708    42.790902    43.332795            0   287.740222   282.151884            0    -0.064318          0.0
        1915     1.622054   301.936981   637.309298    940.69845     0.786169     83.03545    43.087746    39.947705    43.090476    43.273196            0   287.871006   282.352601            0    -0.237314          0.0
        1916     0.994967   302.484985   636.482941   940.656983     0.616259    82.408749    42.508537    39.900212    43.032156    42.990689            0   287.882296     282.3295            0     0.344204          0.0
        1917     2.163813   303.010986   636.493433   940.716301     0.619812    83.291261    43.417447    39.873814    42.729856    42.789174            0   287.730598   282.245363            0     0.617782          0.0
        1918      1.19738   303.448975   636.085432   940.752799     0.601862    82.064684     42.53252    39.532164    42.605792    42.642289            0    287.73398   282.193376            0     0.298232          0.0
        1919     3.295176   303.813995   636.467669   941.271649     0.502568     84.27508     44.42195     39.85313    42.143415    42.662265            0   287.572937   282.024039            0     1.377448          0.0
        1920     1.952262   304.246002   637.469742   941.981411     0.706316    83.450054    43.473064     39.97699    42.882875    43.592637            0   287.590217   281.945334            0    -1.121645          0.0
        1921     1.407718   304.599976      636.859   942.024586     0.506329     83.19583    43.332602    39.863227    42.916167    42.959342            0   287.721808   282.332767            0     0.984002          0.0
        1922     2.984004   304.944977   637.565045   942.400554     0.523836    84.831658    44.648735    40.182923    42.652173    43.028141            0   287.562926   282.028883            0     0.914549          0.0
        1923     2.830214   305.270996   638.792325   943.140269     0.730734    84.873462     44.56496    40.308502    42.886929    43.626644            0   287.584736   281.890202            0    -0.288965          0.0
        1924     2.029557   305.629974   638.823735   943.601258     0.621927    84.159454    43.975543    40.183911    43.057793    43.518782            0   287.710616   282.084193            0     0.425351          0.0
        1925     0.485359   305.812988   638.656657   944.013552     0.673998    82.760598    42.863096    39.897502    43.166583    43.578877            0   287.799108   282.151312            0    -0.548703          0.0
        1926       0.4164   305.953979   637.521783    944.06592     0.645794     82.29688    42.680264    39.616616    42.932435    42.984803            0   287.804209   282.231367            0     0.830334          0.0
        1927     1.422137   306.176971   637.784722   944.076755      0.53485    84.412205     44.03739    40.374815    43.347033    43.357868            0    287.79958   282.327895            0     0.416582          0.0
        1928     2.282102   306.328979   638.066859   944.417078      0.42726    84.863526    44.674645    40.188881     42.86361    43.203933            0   287.659893   282.127691            0     1.188575          0.0
        1929     3.531229   306.494995   639.698791   945.278296     0.594002    86.455586    45.897254    40.558332    43.032888    43.894106            0   287.608436    282.04809            0     0.371216          0.0
        1930     1.643905   306.619995   640.492736    945.86006     0.570971    85.525949      44.8085    40.717448    43.719808    44.301571            0   287.755994    282.32452            0    -0.287017          0.0
        1931     1.363478   306.821991   640.509644   946.278277     0.540054    84.771396    44.286205    40.485191    43.566276    43.984494            0   287.752852    282.26799            0     0.284804          0.0
        1932     1.587948   307.092987   640.140025   946.602954     0.484093    84.935883    44.474312    40.461572    43.600699    43.925375            0   287.776175   282.251984            0     0.918556          0.0
        1933     2.250074   307.401978   640.414618   947.211332     0.567137    85.126423    44.697933     40.42849    43.316416    43.924794            0   287.584509   282.069333            0     0.498546          0.0
        1934     3.044703   307.784973   640.948398   947.915575     0.729339    85.765667    45.165129    40.600538    43.301054    44.005297            0    287.70346   282.134186            0     0.626052          0.0
        1935     2.085646    308.22699   641.084006   948.346915      0.56098    85.503364    44.800713    40.702651     43.84768     44.27902            0   287.708813   282.179577            0     0.386084          0.0
        1936     3.577614   309.011993   641.674007   948.800619      0.69637    86.339279    45.420679      40.9186    43.834923    44.288627            0   287.668584    282.15397            0     0.542051          0.0
        1937     2.036564   309.763977   641.512457   949.093565     0.753323    84.700555    44.033134    40.667421    43.970688    44.263634            0   287.808979   282.341029            0     -0.06895          0.0
        1938     2.314328   310.293976   641.436374   949.371607     0.756755    85.312119    44.667373    40.644746    43.853421    44.131463            0   287.713786    282.14358            0     0.611993          0.0
        1939     2.734007   310.850983   641.199986   949.762867      0.67628    85.410212    44.783699    40.626512    43.523208    43.914469            0   287.737063   282.075347            0     1.105618          0.0
        1940     3.204554   311.356964    641.39936   950.610556     0.538854    86.317561    45.511908    40.805653    43.530039    44.377727            0   287.662191   282.057419            0     0.934807          0.0
        1941     2.796233   311.810974   642.128843   951.552195     0.753288    86.111131    45.336168    40.774962    43.875725    44.817364            0   287.647581   282.101298            0    -0.210679          0.0
        1942     1.639705   312.171967   641.888969   951.942022     0.840443    85.362597    44.568087     40.79451     44.15472    44.544548            0   287.748779   282.206395            0     0.263414          0.0
        1943      2.36019   312.389984   642.202602   952.289005     0.656461    86.302216    45.463999    40.838217    43.842808    44.189791            0   287.734498   282.111031            0     0.960576          0.0
        1944     0.576682   312.412964   642.074081   952.598138     0.576525    85.191631    44.474814    40.716817    44.138161    44.447294            0     287.8135   282.347781            0     0.156041          0.0
        1945    -0.236818   312.384979   641.771848   952.669909     0.607276    84.543416    43.905698    40.637718    44.304858    44.376629            0   287.841059   282.358762            0    -0.168697          0.0
        1946     1.302408   312.389984   641.426686   952.675786     0.526311    85.377878    44.851247     40.52663    43.695093    43.700971            0   287.720612   282.159076            0     1.495438          0.0
        1947     2.390842   312.485962   642.062426   953.322002     0.475831    86.660478    45.873196    40.787282    43.774363    44.420579            0   287.669666   282.127579            0     0.816877          0.0
        1948     0.378997   312.520966    642.46916   953.739959     0.620495    85.464254    44.541906    40.922348    44.467516    44.885473            0   287.786748   282.354806            0    -0.750301          0.0
        1949     0.669631   312.631958   641.444815    953.80663     0.659792     84.60917    44.195482    40.413688    44.032889     44.09956            0   287.796928   282.317357            0     1.120267          0.0
        1950     3.332605   312.820984   642.235983   954.493134     0.514675    87.578939    46.600761    40.978177    43.785358    44.471862            0   287.574505   281.908649            0     1.337732          0.0
        1951     0.931434   313.013977   642.537021   955.238734     0.591947    85.548997    44.763771    40.785225    44.389881    45.135481            0   287.757859   282.180297            0    -0.672748          0.0
        1952     1.077071    313.34198   641.697447   955.528859     0.606661    85.446496    44.768654    40.677842     44.53271    44.822835            0   287.812833   282.295884            0     0.785393          0.0
        1953     2.398395    313.72998    641.60233   955.954463      0.60619    86.315018    45.524257    40.790761    44.081501    44.507105            0   287.682396   282.045138            0     1.112269          0.0
        1954     0.410154   314.094971   641.201501   956.226851     0.661589     84.06078    43.736678    40.324102    44.289286    44.561674            0   287.761647   282.199653            0    -0.424167          0.0
        1955     0.483683   314.414978   639.877624   955.904054     0.691685    84.219684    43.840052    40.379633    44.252899    43.930102            0    287.87491   282.529929            0     1.233827          0.0
        1956     2.711097   314.697968   640.112974   956.096879     0.602295    86.983631    45.994495    40.989137    44.006896    44.199721            0   287.628602    282.09936            0     1.559423          0.0
        1957      2.99425   314.991974   640.835544    956.79352     0.672518    86.804067    46.009402    40.794664    43.828637    44.525279            0   287.548445    281.86333            0     0.761554          0.0
        1958     3.092049   315.344971   641.561502   957.629735     0.726535    87.480041    46.332212    41.147829    44.229139    45.065354            0   287.659043   281.986547            0     0.540899          0.0
        1959     2.765857   315.806976   641.883126   958.346962     0.626493     87.15637    46.069782    41.086588    44.421858    45.139085            0   287.673674    282.02525            0     0.609073          0.0
        1960     4.841325   316.624969   642.796657   959.436856     0.625596    88.930489    47.478571    41.451918    44.507358    45.597252            0   287.502388   281.891799            0     0.967788          0.0
        1961     2.689212    317.29895   643.493819    960.24204     0.985857    86.649172    45.522927    41.126245    44.819546    45.624731            0   287.669741   282.048392            0    -0.798966          0.0
        1962     1.359931   318.043976   642.453563   960.333993     1.050831    84.625597    44.020384    40.605213    44.890911    44.982863            0   287.822992   282.133106            0     0.077777          0.0
        1963     2.079476   318.649963   641.801161   960.255719     0.853765    85.821744    45.025054    40.796691    44.696161    44.617888            0   287.849209   282.411291            0     1.059568          0.0
        1964     4.381207   319.332947   642.668657   960.743918     0.871197    87.879206    46.838799    41.040407    44.396377    44.884575            0   287.502738   281.927496            0     1.086728          0.0
        1965     3.294661   319.815948   643.562317   961.632598     1.047568    87.333073    46.252593    41.080481    44.653255    45.541936            0   287.624828    282.05537            0    -0.183004          0.0
        1966     3.989323   320.879974   643.700536   962.185014       0.8675    87.156004    46.021178    41.134825    44.788793    45.341209            0   287.671477   282.149264            0      0.54175          0.0
        1967     4.723676    321.47995   644.894172   963.189526       0.7104    88.985645     47.60708    41.378564    44.499303    45.503815            0   287.378061   281.842511            0      0.90963          0.0
        1968      4.60136   322.388947   645.939431   964.365701     1.208252    88.101886    46.745068    41.356818    44.916099    46.092274            0   287.582102   281.877638            0    -0.392466          0.0
        1969     2.307774   323.250946   645.298601   964.844451     1.149501    86.059901    45.071958    40.987943    45.380259    45.859009            0   287.791784   282.183724            0    -0.146221          0.0
        1970      6.07761   324.782959    645.79073   965.060491     1.156772    88.689252    47.110125    41.579127    45.085026    45.301066            0   287.782319   282.154993            0      1.31693          0.0
        1971     3.939156   325.399963   646.380451   965.765551     1.219643    88.102807    46.759909    41.342899    44.988234    45.693293            0   287.653436   282.026763            0     0.476895          0.0
        1972     6.327299   327.348969   646.907554   966.632556     1.453736    87.880021    46.395604    41.484417    45.306915     46.17392            0   287.665595   282.122796            0    -0.305419          0.0
        1973      6.91385   329.908966   646.477903   967.126186     1.586865    86.508215    45.555754    40.952461    45.315541    45.809172            0   287.776107   282.096158            0     0.176233          0.0
        1974     3.639148   330.755951   646.048538   967.423851     1.305817    87.244045     46.14796    41.096085    45.254756     45.55242            0    287.70059   282.123578            0     1.024905          0.0
        1975     3.516634   330.826965   646.922856   968.111592     1.308584    88.767903    47.336904    41.430999    44.917308    45.605049            0   287.636386   282.021579            0     0.857536          0.0
        1976     5.476639   331.544952   648.389455   969.297077     1.328514      90.2936    48.258595    42.035004    45.276328    46.461812            0    287.65486   281.973009            0     0.330184          0.0
        1977     5.605098   333.352936   648.892929   969.810572     1.442542    88.865341    46.745101    42.120241     46.06952    46.583015            0   287.779107   282.355755            0    -0.341389          0.0
        1978     6.693455   335.009949   649.721483   970.271885     1.465568    90.195975    47.814561    42.381414     45.75114    46.212454            0   287.714102   282.255156            0     0.773553          0.0
        1979     5.488346    336.60495   650.459976   970.598017     1.622677    89.320688    47.009413    42.311275    46.175843    46.501974            0   287.825265   282.400771            0    -0.231055          0.0
        1980      6.17628   338.704956   650.711874   970.732273     1.675685    88.865548    46.645771    42.219777    46.249904     46.38416            0   287.907798   282.365563            0     0.009713          0.0
        1981     5.954963    340.05896   650.641225   971.170616     1.591457    89.772213     47.55173    42.220482    45.678005    46.116348            0   287.799794   282.284787            0     1.506032          0.0
        1982     5.447932   340.643951   651.587596   972.217966     1.617456    90.976968    48.560659    42.416309    45.568087    46.615437            0   287.704064    282.11563            0     0.998851          0.0
        1983     5.643736   342.265961   652.041428   973.073675     1.915019    89.430052    47.097384    42.332669    46.404528    47.260238            0   287.787744   282.269864            0    -0.616686          0.0
        1984     6.027252   344.007935    651.79558   973.355172     1.777192    89.699883    47.325765    42.374118    46.360741    46.642238            0   287.834339   282.310212            0     0.929376          0.0
        1985     7.738638   345.458954    652.95468   974.063617     1.752879    92.505678    49.505828    42.999849    46.185219    46.893665            0   287.671925   282.226957            0     1.453063          0.0
        1986     7.325413   346.902954   654.642864   975.139883     1.938302    92.544884    49.277579    43.267305      46.5389    47.615165            0   287.749819   282.224685            0     -0.02577          0.0
        1987     8.114728   348.774933   655.429605   976.075674     1.996046     92.97413    49.492849    43.481281    46.926921    47.862712            0   287.787624   282.193848            0     0.843396          0.0
        1988     8.272439    351.27594   656.225724    977.05503     2.074236    91.660962     48.45484    43.206122    47.149915    48.129271            0   287.852196   282.309577            0     -0.47055          0.0
        1989     4.971717   352.893921   655.430563   977.532183     1.895255    90.088533    47.280784    42.807749    47.219744    47.696897            0   287.866526   282.427004            0     0.379049          0.0
        1990     4.932356   354.072937   655.223827   977.770998     1.862795    91.134388    48.120365    43.014022    47.124212    47.363027            0   287.900989    282.51454            0     0.964074          0.0
        1991     6.501816   355.352936   656.209626   978.193208     1.905683    92.564038     49.19662    43.367418    46.945142    47.367351            0   287.924277   282.571446            0     0.843469          0.0
        1992      6.63294   356.228943   657.802597   979.268202     2.142385    93.400704    49.875669    43.525036     46.89435    47.969344            0   287.751042   282.203085            0     0.313354          0.0
        1993     5.377031   356.924957   659.054294    980.07571     1.967022     93.44427    49.674411     43.76986      47.4049    48.212407            0   287.797485   282.305651            0     0.210306          0.0
        1994      6.87482   358.253967   660.352838    980.99537     1.877828    93.728409    49.790063    43.938347    47.288854    48.208515            0   287.718266   282.240785            0     0.283004          0.0
        1995     7.459858   360.238953   661.685225   981.762262     2.217637     93.22162    49.215755    44.005865    47.873261    48.640153            0   287.962603   282.375815            0    -0.756784          0.0
        1996     6.658981   362.004974    662.16549   981.898224     1.938594    93.772912    49.493061    44.279851    48.209324    48.345286            0   288.198216   282.789929            0      0.66751          0.0
        1997     5.721444   363.251953   663.138451   982.241874     2.048767    93.348148    49.234355    44.113793    47.897439    48.241088            0   288.189382    282.71782            0     0.020306          0.0
        1998     7.054967   365.932953   663.431432   982.098985     2.225802    91.857131    47.820685    44.036445    48.383821    48.240932            0   288.374916   283.085778            0    -0.713227          0.0
        1999     6.371717   367.844971   662.810266   981.366117     2.053205    92.729107    48.527285    44.201822    47.966979    47.234111            0   288.433201   283.123586            0      1.91434          0.0
        2000     6.842466   369.124969    664.73566   981.616003     2.010919    95.669589     50.51339    45.156199      48.0947    48.344586            0   288.329312   282.911781            0      0.24341          0.0
        2001      3.69166   370.673004   664.634612   981.652086     2.117891    91.993702    47.426142     44.56756    48.779267     48.81535            0   288.450171   283.121912            0    -1.288161          0.0
        2002     6.653731   372.834991   664.275579   980.735593     2.303934    93.020665    48.383391    44.637274     48.31344    47.396947            0    288.61009   283.465275            0     1.345477          0.0
        2003     8.571237    375.41098   665.118866      980.405     2.247913    94.555718    49.517522    45.038196    48.297027    47.966434            0   288.531939   283.424467            0     0.707801          0.0
        2004     5.497457      376.987   665.193961   980.104299     2.442255     93.59188    48.708483    44.883397    48.540894    48.240193            0   288.564877   283.479205            0     0.393194          0.0
        2005     6.061439   378.907013   664.727555   979.951321     2.528579    92.261335    48.007697    44.253638    48.093244    47.940266            0   288.625616   283.498177            0     0.533837          0.0
        2006     8.190357    381.01001   665.172827   979.670707     2.449222    94.095503    49.433194    44.662309    47.772925    47.492311            0   288.553198   283.414683            0     1.495611          0.0
        2007     9.915215   382.603027   667.616043    980.40853     2.436711    97.637684    52.069706    45.567978    47.597022    48.334844            0   288.414452   283.222922            0     1.291646          0.0
        2008     9.622312   384.739014   670.010803   981.390134     2.498039    97.456332    51.486601    45.969731    48.513328    49.494932            0   288.564678   283.309892            0    -0.403091          0.0
        2009     7.327302   386.280029   671.244876   981.791998     2.516034    96.356158    50.652006    45.704151    48.737277    49.139141            0   288.615849   283.430836            0     0.278793          0.0
        2010     7.990984   388.717041   670.852754   982.745452     2.440809     95.85991    50.114372    45.745538    49.110955    50.064409            0   288.562785   283.329605            0     0.442084          0.0
        2011     8.074607      390.944   671.101658   982.674429     2.454737    95.885772    50.182852     45.70292    48.801203     48.73018            0   288.611274   283.436647            0     1.203767          0.0
        2012     8.164438   393.015991   672.109209   983.018381     2.558254    96.565423    50.644575    45.920848    48.976617    49.320568            0   288.621936   283.494625            0     0.316456          0.0
        2013     9.327382   395.724976   672.411247   983.476822     2.614125    96.246582    50.507276    45.739306    49.036441    49.494882            0   288.729935   283.530554            0     0.710356          0.0
        2014     6.109447   397.546967   672.055804   983.804675     2.335953    95.166411    49.510046    45.656366    49.078044    49.405898            0   288.714955   283.386111            0     0.459591          0.0
        2015     8.523844   399.949158   672.509498   983.793861     2.604108    96.514204    50.467994     46.04621    49.198199    49.187384            0   288.732376   283.623536            0     0.826915          0.0
        2016     10.80056   403.116974   670.889132   984.601022     2.600922    98.336872    52.000442     46.33643    49.627449     50.43461            0   288.584605   283.479704            0     3.186198          0.0
        2017    10.985435   405.751953   674.373077   984.747401     2.815767    99.520799    52.604125    46.916673    49.483547    49.629925            0    288.62191   283.515871            0    -0.509745          0.0
        2018    11.950795   408.591949    676.99458   985.056435     2.958143   100.098026     52.91479    47.183235    49.550494    49.859529            0   288.602487   283.374332            0     0.433759          0.0
        2019    11.606825   411.416962   679.517828   985.395381     3.048108   100.119542    52.677923    47.441618    49.777103    50.116049            0   288.780101    283.63966            0     0.038626          0.0
        2020     9.241234   414.231964   680.915957   985.704214     3.079635    97.887829    50.688582    47.199247    50.195022    50.503854            0    288.91416    283.76386            0    -1.213401          0.0
        2021     9.377813   417.041962   681.167615   985.352024     2.897507    98.089988     50.84575    47.244239    50.025026    49.672836            0   289.090695   284.024784            0     0.921255          0.0
        2022    11.014539    419.80896    683.49494   985.279602     2.928843   100.648351    52.638533    48.009819    50.132255    50.059832            0   288.936517   283.957754            0     0.251376          0.0
        2023     11.45552   422.498962    685.82181   985.367798     2.998988   101.122435    53.024563    48.097872    49.991814     50.08001            0   288.916193   283.856224            0     0.617684          0.0
        2024     9.135101   425.119965   687.498458   985.389492     2.992611     99.58575     51.58582     47.99993    50.728765    50.750459            0   289.034482   284.089001            0    -0.841287          0.0
        2025     8.527807    427.67395   688.152786   985.352496     2.936554    98.002309    50.649584    47.352725     50.20978    50.172784            0   289.076738   284.089972            0    -0.177529          0.0
        2026     9.414779   430.165955   688.859765   985.077464     2.985612    99.311184    51.576546    47.734638    50.173279    49.898246            0   289.039043   284.106044            0     0.971321          0.0
        2027    10.152106   432.597961   690.868482    985.04543     2.988763   100.754098    52.512238    48.241861    50.260832    50.228798            0   289.182327   284.283226            0     0.274722          0.0
        2028    10.053444   434.973969   692.289427   985.374457     2.983188   100.596811    52.409667    48.187144    50.136527    50.465554            0   289.132514   283.947586            0     0.523168          0.0
        2029     9.688571   437.294952   694.058848   985.960248     2.903036   100.987561    52.520781     48.46678    50.422806    51.008597            0   289.193395   284.280594            0    -0.257238          0.0
        2030     8.626903   439.563965   695.420677   986.225771     2.848468   100.298665    51.890404    48.408261     50.69116    50.956683            0   289.097166   284.112169            0    -0.428109          0.0
        2031     7.848771   441.780975    696.11257   986.195742     2.979569    99.479346    51.155938    48.323408    50.731321    50.701292            0   289.189912   284.299915            0    -0.237247          0.0
        2032     8.606995   443.928955   696.843865   986.299476     3.143781    99.821492     51.60447    48.217022    50.444784    50.548519            0   289.183494   284.218086            0     0.324656          0.0
        2033     8.528333    445.98996    697.26042   986.296544     3.007121   100.514998    52.045834    48.469164    50.641376    50.638444            0   289.183154   284.294848            0     0.990835          0.0
        2034     9.591733   447.968964   699.412697   986.764654     2.962863   102.110827    53.128684    48.982143     50.44567     50.91378            0   289.107978   284.160838            0     0.062626          0.0
        2035     7.821944   449.865967   700.274187   986.829079     2.953037   101.074987    52.075149    48.999838    50.973654    51.038079            0   289.360259   284.528815            0      0.17558          0.0
        2036     8.764504   451.684967   702.069076   987.075108     2.840546   103.234227    53.458186    49.776041    51.144436    51.390465            0   289.311387   284.354512            0     0.272832          0.0
        2037     8.370053   453.425964   703.462987   987.513165     2.812671   102.432717    53.029826    49.402891    50.930409    51.368466            0   289.294972   284.311457            0     0.267448          0.0
        2038     6.514496    455.09198   704.367155    988.13653     2.812952   100.502139    51.633407    48.868731    51.234239    51.857603            0    289.32933    284.29365            0    -1.128363          0.0
        2039     4.751582    456.68396   703.420324   987.632183     2.584305    99.153022    50.424708    48.728313      51.4033    50.898953            0   289.486915   284.633951            0     0.472587          0.0
        2040     7.104717   458.200958   704.410391   987.251001     2.665528   102.151197    52.647233    49.503964    51.193466    50.812285            0   289.336219   284.503377            0     0.844881          0.0
        2041     6.288051   459.646973   705.493163   987.148498     2.637483   100.695722      51.6867    49.009022    50.875646    50.773142            0   289.295394   284.393038            0    -0.169215          0.0
        2042     5.095824   461.018982   705.644996    986.84459     2.718677    99.496376    50.624797    48.871578    50.932395    50.628487            0   289.449133   284.679635            0    -0.155522          0.0
        2043     4.683016   462.314972    705.65876   986.145553     2.588661    99.012486    50.563939    48.448547    50.995057     50.29602            0   289.495093   284.652394            0     0.254155          0.0
        2044     6.970949    463.53598   706.546027   985.966371     2.399174   102.198728    52.854143    49.344585    50.643963    50.464781            0   289.366809   284.414466            0     1.502094          0.0
        2045     7.115988   464.682983   708.853338   986.493055     2.622289   102.832054    53.166689    49.665365    50.879201    51.405885            0   289.300899   284.439579            0    -0.546508          0.0
        2046     6.531292   465.754974   710.213891   986.677299      2.51085   102.883272    53.058118    49.825154    51.108599    51.292843            0   289.373296   284.550745            0     0.404721          0.0
        2047     7.396306   466.752991   712.359161   987.094571     2.337673   104.057405    54.024571    50.032834    50.887357    51.304629            0   289.247735   284.406936            0     0.574672          0.0
        2048     6.720123   467.677979   714.701002   987.649796     2.590367   104.173757    53.864761    50.308996    51.507994    52.063218            0   289.358845   284.557905            0    -0.540299          0.0
        2049      2.48629   468.529968    714.74393   987.531794      2.39219    99.824516    50.425746     49.39877    51.950057    51.832055            0   289.545797   284.777842            0    -1.449236          0.0
        2050     1.215353   469.309967   713.151097   986.588202     2.212897    97.264452    48.789921    48.474531    51.258596    50.315004            0   289.617735   284.825798            0      0.06775          0.0
        2051     4.266865   470.018982   713.036832   986.011494     2.263062   100.162948    51.174705    48.988243    50.477849    49.901141            0   289.475393   284.673858            0     1.387829          0.0
        2052     3.654865   470.662994   713.699655   985.551982     2.349546   100.190733    51.099168    49.091564    50.970972    50.511459            0    289.45102   284.670191            0    -0.075114          0.0
        2053     4.287254   471.249969   714.541362   985.337122     2.214267    100.26797    51.391354    48.876616    50.376763    50.161903            0   289.485074   284.801573            0     0.387743          0.0
        2054     5.281105   471.778992   716.004108   985.426598     2.070212   102.229799    52.665467    49.564333    50.388803    50.478279            0   289.453675   284.658192            0     0.724443          0.0
        2055     7.823019   472.250977   719.112851   986.004131     2.045273     105.9307     55.45226    50.478439    50.489556    51.067089            0   289.310345   284.453962            0     1.276428          0.0
        2056     6.966658   472.664978   722.597507   986.987329     2.130025   106.081199    55.283915    50.797285     51.12021    52.103408            0   289.373789   284.519793            0    -0.304151          0.0
        2057     3.176084   473.021973   724.389865   987.462883     2.110849   102.981119    52.449057    50.532062    51.943091    52.418645            0   289.561117   284.794362            0    -1.761945          0.0
        2058     1.430619   473.321991   723.805548   987.020597     1.963449   100.312229    50.767852    49.544376    51.724936    51.282651            0   289.701444   285.048044            0     0.069519          0.0
        2059     3.413264   473.563995   724.083498    986.72987     1.743526   102.681408    52.607193    50.074215    51.241699    50.950971            0   289.587669   284.809668            0     1.378273          0.0
        2060     4.323147       473.75   725.712503   987.241739     1.922803   103.894161    53.502619    50.391542    51.278149    51.790018            0   289.482622   284.614386            0     0.083595          0.0
        2061     1.773545   473.877991   725.892302   987.558627      1.91813   101.241726    51.350882    49.890844     51.49058    51.807468            0   289.541594   284.718721            0    -0.636385          0.0
        2062     1.615476   473.958984   725.119489   987.493809     1.714133    100.42442    50.969578    49.454842    50.957589    50.892772            0   289.544448   284.584301            0      0.84962          0.0
        2063      2.55573   473.998993   725.739115   987.537879      1.73814   102.278429    52.208738    50.069691     51.18323    51.227299            0   289.568975   284.765079            0     0.361814          0.0
        2064     1.783649   473.998993   725.378312   987.455769     1.694946   101.018078    51.371538     49.64654     50.98462    50.902509            0   289.534376   284.737479            0     0.829831          0.0
        2065     4.213662   473.957001    726.76057   987.861768     1.777526   103.514055    53.571363    49.942692    50.740099    51.146098            0   289.363826   284.492806            0     1.043008          0.0
        2066      1.63215   473.872986   727.627698   988.358755     1.844863   100.747643    51.312449    49.435194    51.013975    51.510961            0   289.595483   284.629267            0    -1.065641          0.0
        2067     0.872596   473.746979   726.569495   988.336034     1.526465   100.118503    50.855306    49.263197     50.91798    50.895259            0   289.663691   284.714887            0     1.018251          0.0
        2068     2.798609   473.578003   727.713785   988.653877     1.519929   103.667663    53.331217    50.336446    51.352689    51.670532            0    289.61957   284.635043            0     0.516395          0.0
        2069     0.480268    473.36499   728.006901   988.387134     1.645897   101.422396     51.37255    50.049846    51.751278    51.484534            0   289.842916     285.0714            0      -0.4051          0.0
        2070    -0.616629   473.109985   726.757553    987.72212     1.487401    99.405836    50.122624    49.283212    51.332553     50.66754            0   289.809816   285.025687            0     0.704432          0.0
        2071      2.97905   472.811005   727.481949   987.801255     1.498611   103.216232    53.262421    49.953811     50.78289    50.862026            0   289.798084    285.03116            0     1.675999          0.0
        2072     3.383674   472.458008   729.319952   988.468782     1.631413   104.572084    54.024531    50.547554    51.156028    51.823555            0   289.605537    284.71243            0     0.362973          0.0
        2073     1.801633   472.040985   730.465617   989.076015     1.574944   103.432578    53.051434    50.381144    51.573263    52.180496            0   289.690328   284.879867            0    -0.274727          0.0
        2074    -1.102389   471.561005   729.468843   989.194362     1.439082   100.039124    50.497527    49.541597    51.644312    51.762658            0   289.845986   285.098407            0    -0.268357          0.0
        2075    -0.200787   471.018005   728.857363   989.025921     1.227677   101.007316    51.391607    49.615708    51.284848    51.116407            0   289.711303   284.864608            0      0.88668          0.0
        2076      1.55056   470.414001    729.54423   989.055757     1.200981   103.499176    53.300392    50.198785    51.305178    51.335014            0   289.645084   284.877295            0      1.27851          0.0
        2077      1.58438   469.748993   731.239641   989.318862     1.427896   103.562192     53.32612    50.236072    51.414835     51.67794            0   289.630049   284.863015            0    -0.047231          0.0
        2078    -1.066713   469.022003   731.370569   989.202838     1.167095   101.093457    51.376696    49.716762    51.728632    51.612608            0   289.780774   285.144136            0     -0.36684          0.0
        2079    -0.290343   468.235992   731.532155   989.094158     1.031319    102.06599    52.040415    50.025575    51.357824    51.249143            0   289.685248   284.899319            0     0.629685          0.0
        2080    -0.135732   467.390015   731.987454   989.062884     1.093187   102.515328     52.34477    50.170557    51.433087    51.401813            0    289.68341   284.863158            0     0.487658          0.0
        2081    -1.164578   466.484009   732.221035   989.279398     1.063087   100.963933    51.363313    49.600619    51.352999    51.569513            0     289.6936   284.917538            0     -0.43978          0.0
        2082    -1.001006   465.536011   731.797535   989.224308     0.875318   101.334283    51.570714    49.763569    51.142073    51.086983            0   289.674281   284.852536            0     0.907231          0.0
        2083    -0.594461   464.561005   732.697905   989.225983     0.898019   102.242616    52.232074    50.010542    51.367327    51.369002            0   289.690449   284.976046            0    -0.037298          0.0
        2084    -2.488316   463.558014   732.242371   989.150814     0.978527    99.687539    50.465321    49.222218    51.521946    51.446777            0   289.745157   284.940926            0    -0.525922          0.0
        2085    -3.525779   462.527008   731.034734   988.590677     0.928535    98.070448    49.362365    48.708083    51.349954    50.789817            0    289.86128   285.197654            0    -0.219816          0.0
        2086    -4.621665   461.466003   728.869256   987.598228     0.956228     96.21452    48.063088    48.151432     51.11498    50.122532            0   289.890169    285.18232            0     0.106034          0.0
        2087    -1.802925      460.375    728.32182   986.869935     0.575385    99.262846    50.544148    48.718698    50.339658    49.611364            0   289.726959   284.788208            0      1.48022          0.0
        2088     0.639628   459.255005   729.901296   987.163748     0.683949   102.677534    52.983034      49.6945    50.393705    50.687518            0   289.592496    284.78415            0      0.71604          0.0
        2089    -2.500578   458.104004   730.155408   987.289435     0.847024    99.004331    50.087807    48.916524    50.735753     50.86144            0   289.695037   284.918266            0    -1.027746          0.0
        2090    -0.815563   456.924011   730.377875   987.064289     0.650133   101.066296    51.783115    49.283181    50.493824    50.268677            0   289.681643   284.828342            0     1.291971          0.0
        2091    -0.628939   455.713013   731.474932   987.284778     0.603723   101.587903    52.160635    49.427269    50.575703    50.796193            0   289.667314   284.914045            0     0.267385          0.0
        2092    -1.639106   454.502014    732.29673   987.316293      0.68044   101.440584    51.685116    49.755469    51.200035     51.23155            0   289.761277   285.058005            0    -0.368232          0.0
        2093    -0.334952      453.319   733.152623   987.532708     0.395938   101.868746    52.558148    49.310598    50.545273    50.761688            0     289.5533   284.620962            0     0.940567          0.0
        2094     1.178078   452.160004   735.386342   988.289373     0.626408   104.098396    54.078787    50.019609    50.841197    51.597861            0   289.540329   284.607739            0     0.247207          0.0
        2095    -5.387198   451.024017   734.459091   988.409757     0.708438    96.291212    48.045609    48.245603    51.504294    51.624679            0   289.796883   285.030853            0    -2.651818          0.0
        2096    -3.758488   449.908997   732.268706   987.620686      0.40753    97.540778    49.220749    48.320029    50.800232    50.011161            0   289.784398   284.975717            0     1.399973          0.0
        2097    -0.174281   448.812012   732.745775   987.594508     0.359263   100.749534    51.974419    48.775115    49.971049    49.944871            0   289.553396   284.634341            0     1.552479          0.0
        2098    -0.283637   447.734009    734.27444   988.237767     0.692526   101.288608    52.114919    49.173689    50.598516    51.241775            0   289.601445    284.72246            0    -0.655521          0.0
        2099    -2.548512   446.671997   734.239757   988.303023     0.511831    98.856484    50.128262    48.728222    50.735431    50.800687            0   289.730215   285.008594            0    -0.637742          0.0
        2100    -1.558922      445.625     734.3976   987.930273     0.376975   100.014594    50.959861    49.054732    50.477593    50.104843            0   289.697923   284.826948            0     0.697176          0.0
        2101    -0.153482    444.59201   735.638119   987.704607     0.505168   101.349907    51.993533    49.356374    50.452887    50.227221            0   289.671169   284.871883            0     0.525794          0.0
        2102     -0.82484   443.578003   736.809475   987.932871     0.524955   100.170497    51.193304    48.977193    50.384215    50.612479            0   289.574784   284.686995            0    -0.590532          0.0
        2103    -0.013931   442.585999      737.502   988.077352     0.294661   101.249114    52.053377    49.195737    50.249931    50.394411            0   289.584921   284.776838            0     0.966441          0.0
        2104    -1.557422   441.614014   738.493511   988.470019     0.415355     99.68441    50.735591    48.948819    50.638954    51.031621            0   289.596356   284.743778            0    -1.287541          0.0
        2105    -1.659365   440.662018   737.696607    988.69074     0.347204    98.227885    50.086194    48.141691    50.065906    50.286627            0   289.588851   284.714088            0     0.596471          0.0
        2106    -2.054224   439.729004   737.663107    988.95433     0.275517    98.860912    50.158291    48.702621    50.501588    50.765178            0   289.604585    284.78532            0    -0.573387          0.0
        2107    -0.315125   438.813019   738.180319   989.102693     0.304816   100.158374    51.503171    48.655203    50.172925    50.321287            0   289.478245   284.520354            0     0.664671          0.0
        2108    -2.462536   437.914001   737.949386   989.245652     0.210319    98.181957    49.786951    48.395006    50.545744    50.688703            0   289.574481   284.730427            0    -0.670819          0.0
        2109    -2.598972   437.031006    737.26553   989.357174     0.249022     97.02122    49.183946    47.837274    50.151988    50.263511            0   289.581379    284.69258            0    -0.395709          0.0
        2110     -2.78095   436.162994   736.249012   989.124558     0.305613    96.681107    48.902628    47.778479    50.141142    49.908526            0   289.644653   284.722406            0      0.01062          0.0
        2111    -6.151548   435.311005   733.996516   988.469248     0.360106    92.024018    45.463765    46.560254     50.16148    49.506169            0   289.814405   285.045636            0    -1.789908          0.0
        2112    -3.558967   434.472992   731.131778   987.404718     0.228505     93.98309    47.241755    46.741336    49.245046    48.180517            0   289.686556   284.746617            0     1.925976          0.0
        2113    -2.605753   433.649994    730.71779   987.013715     0.438646    94.806539    47.951728     46.85481    49.243916    48.852912            0   289.704245   284.772604            0    -0.487196          0.0
        2114    -2.073541   432.839996   729.718461    986.16712     0.172711    96.016057    48.697423    47.318634    49.219141    48.372547            0   289.712762   284.911882            0     1.324206          0.0
        2115     1.084419   432.044006   731.362833   986.264839     0.165971    99.872268     51.65677    48.215498    49.043611    49.141329            0   289.531046   284.564776            0     0.871068          0.0
        2116    -1.399071   431.261017   732.433434   986.626047     0.192817    97.660033    49.825347    47.834686    49.750203    50.111411            0   289.601097   284.720729            0    -1.356665          0.0
        2117    -2.003218   430.490997   732.048441   986.682184      0.15174    96.444034    49.032269    47.411765    49.547808    49.603945            0   289.644884   284.873766            0    -0.186684          0.0
        2118     1.156287   429.734009   732.625019   986.803459     0.083002   100.110441     51.81442    48.296021    49.129461    49.250736            0   289.489467   284.645658            0     1.987107          0.0
        2119     2.751317   428.988007   735.625629   987.738954     0.251386   102.379802    53.508633     48.87117    49.420418    50.355913            0   289.353666   284.407799            0     0.152109          0.0
        2120     2.786904   428.253998    738.42993   989.024307     0.445073    103.32086    54.029324    49.291536    50.124744    51.410097            0   289.336701   284.306581            0    -0.185073          0.0
        2121    -2.425047   427.532013   738.734557   989.580171     0.296245    97.843009     49.66846     48.17455    50.852602    51.408466            0   289.591051    284.76088            0    -2.044633          0.0
        2122    -3.036401   426.821014   738.078765    989.26453     0.171523    97.476227    49.106192    48.370036    50.800356    50.484715            0   289.722836   284.921253            0    -0.722731          0.0
        2123    -5.363876   426.119995   736.041973   988.070577     0.077579    93.742601    46.463158    47.279443      50.4121    49.218147            0   289.872278     285.1657            0    -0.718198          0.0
        2124    -4.282883      425.431   733.504379   986.914306     0.126617    93.393351     46.55589    46.837461    49.498476    48.342206            0   289.812759   285.059093            0     0.751278          0.0
        2125    -3.633144   424.751007   731.955462   985.975567     0.096199      93.5663      46.8528      46.7135    49.134397    48.195658            0   289.810522   284.981906            0     0.206059          0.0
        2126    -2.648869   424.082001   731.071862   985.315535     0.027846    94.164627    47.489128    46.675499    48.741489    48.081457            0   289.648792   284.822765            0     0.291272          0.0
        2127    -2.214829   423.423004   730.555283   984.677652     0.283133    94.401731    47.687929    46.713802    48.782847    48.144964            0   289.754628   285.004973            0     0.059544          0.0
        2128    -2.343675   422.774017   729.594308   984.096677     0.251258    93.603422     47.32196    46.281462    48.535161    47.954186            0   289.682684   284.790463            0     0.328749          0.0
        2129    -0.637282   422.134003   729.990355   983.821358     0.206086    96.174754    49.199246    46.975508    48.679985    48.404666            0   289.639478   284.890853            0     0.398533          0.0
        2130    -0.724855   421.503998   730.449719   983.726937     0.267954    96.021307    49.035224    46.986083    48.686715    48.592294            0   289.682259   284.743891            0    -0.016434          0.0
        2131    -1.959849   420.882019   730.669973    983.59068     0.151841    95.980418    48.563103    47.417315    49.350562    49.214306            0   289.747714   284.973037            0    -0.871457          0.0
        2132     -4.09733    420.27002   729.168935   982.601597      0.13896    92.802606    46.247657     46.55495    49.180963     48.19188            0   289.812486    285.10499            0    -0.443185          0.0
        2133    -1.912903   419.666992   727.868563   981.966278    -0.049207    93.737169    47.547644    46.189525    48.127459     47.49214            0   289.733566   284.896604            0     1.355876          0.0
        2134     1.624121   419.071991   729.561085   982.250751    -0.031422    98.954178    51.183346    47.770832    48.261009    48.545482            0   289.566473   284.688604            0     0.945342          0.0
        2135    -1.278235   418.485016   730.205961   982.567128     0.151701    95.635182    48.496732     47.13845    48.676962    48.993339            0    289.58017   284.701606            0    -1.141483          0.0
        2136     0.390531   417.907013   731.265106   982.843922     0.236798    97.806286    50.248337    47.557949    48.864001    49.140794            0   289.617262   284.770846            0     0.048397          0.0
        2137    -0.408638   417.337006    730.96692     983.0516     0.374888    95.920339    49.052814    46.867524     48.62276    48.830439            0   289.709614   284.760423            0     0.520563          0.0
        2138     0.206562   416.774994   732.051102   983.409155     0.092612    97.759367    50.182831    47.576536    48.872324    49.229879            0   289.559812   284.718478            0    -0.131231          0.0
        2139     0.706585   416.221008   733.215813   983.615228     0.124729    98.713829    50.850217    47.863612    49.088892    49.294965            0   289.539827   284.675993            0     0.390541          0.0
        2140    -1.290131   415.675018   733.943196   983.883459       0.3139    96.397583    49.032132    47.365452    49.473717    49.741948            0   289.682936   284.892149            0    -1.437199          0.0
        2141    -3.506958   415.136017   731.899302   983.568369     0.117788    92.705384    46.482062    46.223322    48.959242    48.644152            0   289.683295   284.785373            0    -0.118196          0.0
        2142    -0.837357      414.612   731.346138   983.478281    -0.017056    95.633513     48.83371    46.799803    48.538346    48.448258            0    289.54215   284.673853            0     0.938616          0.0
        2143     -0.33933   414.108002   731.741034    983.53647     0.156123    96.514992    49.359222    47.155771    48.781633    48.839821            0   289.547573   284.630257            0     0.124504          0.0
        2144    -0.017556      413.625   732.267306   983.803545     0.295244    97.352025    49.760826    47.591199    49.045286    49.312361            0   289.556639   284.617096            0    -0.077807          0.0
        2145    -2.471902   413.161011   731.600673   983.860387     0.040698    94.152202    47.459024    46.693178    48.983762    49.040604            0   289.613561   284.712627            0    -0.914947          0.0
        2146    -0.487486   412.714996   731.144733   983.832025     0.133135    96.187178    48.973857    47.213321    48.644886    48.616524            0   289.554061   284.633453            0     0.813274          0.0
        2147    -1.553007   412.287994   730.615794   983.888903     0.046545    94.658584    47.957427    46.701156    48.647866    48.704744            0   289.564748   284.697474            0    -0.218378          0.0
        2148     0.284444   411.877991   731.138061   984.056232     0.098243    97.081637    49.837613    47.244024     48.77849    48.945819            0   289.410828   284.500295            0     0.369528          0.0
        2149    -1.511654   411.485016   731.047935   984.131822     0.092188    95.365977    48.287319    47.078658    49.054495    49.130085            0   289.522311   284.720874            0     -0.75264          0.0
        2150     0.768721   411.109009     731.5548   984.144054     0.073001    97.762937    50.281001    47.481937    48.784738     48.79697            0   289.420579    284.57739            0     0.977166          0.0
        2151     0.554302   410.748993   732.597882   984.392502     0.253448    97.617386    50.092682    47.524704    49.025331    49.273779            0   289.423643   284.555796            0    -0.224179          0.0
        2152      0.53937   410.402008   732.717615   984.824326     0.189819    97.348904    49.954974     47.39393    48.866671    49.298495            0   289.417109    284.43529            0     0.536746          0.0
        2153     2.170553   410.063019   734.306688   985.451867     0.184665    99.949957    51.835137     48.11482     49.12752    49.755061            0   289.335099   284.380501            0     0.491002          0.0
        2154     0.149886   409.734009   735.486367   986.090489     0.397559    97.689271    50.022027    47.667244    49.569218     50.20784            0   289.458707    284.50044            0    -1.365492          0.0
        2155    -0.966756   409.412994    734.65319   986.296648     0.098024    95.747419    48.811619      46.9358     49.19294    49.399098            0   289.432968   284.432643            0     0.245698          0.0
        2156      1.73821    409.10199   735.773288   987.002966     0.091446    99.346515     51.45706    47.889456    49.148147    49.854466            0    289.32236   284.249423            0     0.482496          0.0
        2157    -1.642078   408.799011   735.539528   987.533646      0.26173    94.719718    47.981946    46.737771    49.240694    49.771374            0   289.470289     284.4204            0    -1.555668          0.0
        2158    -3.032723   408.506012   733.002766   987.319211     0.141295    92.282837    46.406032    45.876805    48.956237    48.741802            0   289.519463   284.515048            0     0.200992          0.0
        2159     1.134338   408.221008   732.763154   987.504901     0.094456    96.868996    50.103193    46.765803    48.456521     48.64221            0   289.376943   284.298209            0     1.700594          0.0
        2160    -0.352708   407.945007   733.497845   987.922886     0.073091    96.256707    49.342935    46.913772    49.181111    49.599097            0   289.392556   284.391751            0    -0.990853          0.0
        2161     0.028502   407.679016   733.428445   988.011752      0.13695    96.369439    49.447067    46.922372    48.989203    49.078069            0   289.358982   284.401566            0     0.438399          0.0
        2162    -0.462025   407.420013   734.191971   988.323169     0.098238    97.051455    49.547069    47.504387    49.555899    49.867316            0   289.465736   284.593675            0    -1.083774          0.0
        2163     -1.34459    407.17099    733.21201   988.027252     0.008937    95.453087    48.490162    46.962925    49.313504    49.017587            0   289.487187   284.474853            0     0.452536          0.0
        2164    -0.068881      406.931     733.3999   988.043757     0.239962    96.582856      49.3886    47.194256    49.186489    49.202994            0   289.442249   284.508588            0    -0.002283          0.0
        2165     -0.49851   406.699005    732.86551   987.895133     0.190995    95.847136    48.902912    46.944224    49.098486    48.949862            0   289.425314   284.566201            0      0.48744          0.0
        2166     2.903864   406.475006   734.659741   988.206098    -0.127797    100.42517    52.438543    47.986627    48.929974     49.24094            0   289.331882    284.45734            0     1.403373          0.0
        2167     2.031399    406.26001   736.616961   989.270615     0.146945    99.362299    51.641925    47.720373    49.299731    50.364247            0   289.284315   284.282289            0    -0.679542          0.0
        2168    -0.752406   406.054016   737.059176    989.91663     0.329683     96.28731    49.111483    47.175826       49.755    50.401014            0   289.382143   284.225558            0    -1.731746          0.0
        2169    -3.378062   405.855988   734.914174    989.67272     0.227373    92.894848     46.48347    46.411377    49.667291    49.423381            0   289.618283   284.708033            0    -0.794909          0.0
        2170    -0.826206   405.666992   733.671811   988.909379      0.10317    95.016924    48.390949    46.625976    48.917942    48.154602            0   289.473381   284.514107            0      1.47871          0.0
        2171     2.219606   405.485992    734.96038   988.948972     0.064244    98.824804    51.310416    47.514387    48.769695    48.809288            0    289.39694   284.402317            0     1.212559          0.0
        2172    -0.081477   405.312988   736.016192   989.078523     0.294695    97.217312    49.489946    47.727366    49.497781    49.627332            0   289.488256   284.506479            0    -1.193198          0.0
        2173     0.217706   405.148987   736.189427   989.237391     0.201264    96.988274     49.61052    47.377754    49.244909    49.403777            0   289.514174   284.467799            0     0.033509          0.0
        2174    -0.204385   404.993011   735.815825   989.364292     0.232221    96.087492    49.007323    47.080168    49.111849     49.23875            0   289.591253   284.607934            0     0.142175          0.0
        2175     0.017692   404.843994   736.224565   989.490691     0.211963    97.282511    49.680806    47.601705     49.55781    49.684209            0   289.565099   284.761133            0    -0.412142          0.0
        2176     0.291298    404.70401   736.489669   989.319159     0.278718     97.64697    49.843241    47.803729    49.532626    49.361094            0   289.491892   284.552583            0     0.217043          0.0
        2177    -0.982141   404.572998   736.011573   989.096868     0.228415    95.018246    48.242822    46.775423    49.174446    48.952156            0   289.548083   284.707119            0    -0.231237          0.0
        2178     1.219516   404.449005   736.096941   989.312815     0.181578    97.339062    50.152705    47.186357    48.850779    49.066726            0   289.383229   284.385734            0     1.000611          0.0
        2179     0.819394   404.333008   737.135516   989.755899     0.216398    97.834318    50.188313    47.646005    49.338352    49.781436            0   289.442237    284.52644            0    -0.631698          0.0
        2180     0.598737   404.225006   737.094322   990.140061     0.193315    97.297688    49.847815    47.449874     49.21245    49.596612            0   289.393991   284.390967            0     0.292396          0.0
        2181     1.129004      404.125      738.005   990.648089     0.365089    98.087604    50.448284     47.63932    49.471451    49.979478            0   289.516894   284.693946            0    -0.441872          0.0
        2182    -1.155436    404.03299   737.132334   990.300974     0.361385    95.576834    48.423293    47.153541    49.744218    49.397103            0   289.539474   284.689517            0    -0.101144          0.0
        2183     0.229653   403.947998   737.310499   990.125987     0.312977    96.982714    49.586106    47.396609    49.488478     49.31349            0   289.471342   284.614693            0     0.094451          0.0
        2184    -1.565705   403.871002   736.315783   989.690887     0.288313    94.361203    47.715232    46.645972     49.40532    48.970221            0   289.602597   284.666891            0    -0.260273          0.0
        2185    -0.517224   403.802002    735.65849   989.629056     0.253684    94.878464    48.133451    46.745013    48.757453    48.695622            0   289.580942   284.588672            0     0.095122          0.0
        2186    -0.741324   403.740997   735.189619   989.526203     0.229084    95.039238    48.205018    46.834219    49.045544    48.942691            0   289.534561    284.67578            0    -0.268802          0.0
        2187    -0.252061   403.687012   734.932157   989.177779     0.155086    95.813139    48.806517    47.006622    49.098725    48.750301            0   289.575793   284.725203            0     0.313678          0.0
        2188     0.639496   403.641998   735.201819   988.985856     0.217335    97.083193    49.655878    47.427314     49.13788    48.945957            0   289.532091   284.665312            0      0.44026          0.0
        2189     2.259682   403.604004   736.468167   989.238664     0.251398    98.946926    51.083611    47.863315    48.994435    49.247243            0   289.443519   284.493545            0     0.570019          0.0
        2190     0.502294   403.575012   737.198212   989.654148     0.284516    97.017188     49.55526    47.461928    49.275757    49.691241            0    289.49003   284.580529            0    -0.866026          0.0
        2191     1.767048   403.553009   737.875725   989.854688      0.22253     98.66092    50.825328    47.835592    49.233964    49.434505            0   289.441076   284.487329            0     0.713311          0.0
        2192     3.267554   403.532013   739.811944   990.548491     0.173062   101.121845    52.637372    48.484473    49.498179    50.191981            0   289.277444   284.258985            0     0.509172          0.0
        2193     1.843989   403.505005   741.621267    991.31255     0.395075   100.292906    51.700539    48.592368    50.194123    50.958183            0   289.445091   284.425158            0    -1.066967          0.0
        2194    -2.688359   403.473999   740.401253   990.969656      0.45331    95.157027     47.59559    47.561437    50.671246    50.328352            0     289.6378    284.95773            0    -1.512748          0.0
        2195     0.131752   403.437988   739.299179    990.47056     0.351747    97.132742     49.44628    47.686461    49.589606     49.09051            0   289.566068   284.582859            0     1.457845          0.0
        2196    -0.977654   403.398987   739.325629    990.34162     0.493956    96.356708     48.64902    47.707688    50.037594    49.908654            0   289.571749   284.609401            0    -1.286084          0.0
        2197    -4.071475   403.355988   736.336595   989.449284     0.430607    90.864742    45.036367    45.828375    49.446901    48.554564            0   289.549986   284.510456            0    -0.529163          0.0
        2198    -2.989341   403.309998   733.860409   988.337142     0.333122    91.930573    45.804103     46.12647    49.028651    47.916509            0   289.687581   284.879558            0      0.36378          0.0
        2199    -1.201593   403.261993   732.408197   987.529335      0.19709    93.553527    47.278862    46.274664    48.575341    47.767534            0   289.613508    284.76495            0      0.96354          0.0
        2200    -0.500298   403.210999   731.966287   986.982268     0.369576    94.663461    47.930984    46.732477    48.692286    48.145219            0   289.597771   284.704877            0     0.227675          0.0
        2201     0.755494    403.15799    732.00882   986.924689     0.301343    95.068147    48.636231    46.431916    48.069222    48.011643            0   289.473167   284.551221            0     0.582056          0.0
        2202     1.444721   403.102997   732.837829   987.244054     0.242061    96.380046    49.606928    46.773118    48.287186    48.606551            0   289.361276    284.45201            0     0.171368          0.0
        2203     1.241341    403.04599   733.595536    987.71506     0.460433    95.944568    49.289687    46.654881    48.387409    48.858415            0   289.415009   284.376871            0    -0.326434          0.0
        2204     -0.40942   402.988007    733.22034   987.893137     0.177964    95.203448    48.509119    46.694329    48.973053     49.15113            0   289.489015   284.497482            0    -0.266814          0.0
        2205     2.323522   402.928009   734.333234    988.21798     0.267285    98.362499    50.906105    47.456393    48.722129    49.046973            0   289.394788   284.430014            0     0.746238          0.0
        2206    -0.138377   402.865997   734.878585   988.435032     0.426107    95.407532    48.595836    46.811696    49.028294    49.245346            0   289.480904   284.548259            0    -1.194861          0.0
        2207     1.258626   402.803986   735.104693   988.517212     0.224152    98.132255    50.402667    47.729588    49.236166    49.318346            0    289.60205   284.636364            0     0.858214          0.0
        2208    -1.462423    402.73999   735.006751   988.409108     0.284555    95.227906    48.131649    47.096257    49.742377    49.634274            0    289.62073   284.724924            0    -1.404684          0.0
        2209    -1.720407   402.675995   733.182115   988.018942     0.291834    93.628124    47.116839    46.511285     48.99283    48.602663            0   289.659708   284.766927            0     0.338812          0.0
        2210     0.264373   402.609985   732.894079   987.842289     0.211512    95.544809    48.809113    46.735695    48.615714    48.439061            0   289.507692   284.510989            0     0.658088          0.0
        2211    -1.836821   402.544006   732.095542   987.577008     0.390703     93.04401    46.864804    46.179206    48.951855    48.686574            0   289.661222   284.702198            0    -1.023232          0.0
        2212     -2.89913    402.47699   730.075367   986.648104      0.41079    91.986267    45.932798    46.053469    49.100036    48.171132            0    289.86224   285.005007            0     -0.21816          0.0
        2213    -1.252576   402.408997   728.605826   985.673015       0.2087     93.32264    47.153872    46.168768    48.470387    47.495298            0   289.754228   284.990838            0     1.128115          0.0
        2214     1.630549   402.341003   729.479249   985.507006     0.057663    96.543277    49.859079    46.684198    48.141431    47.975422            0   289.454073    284.43289            0     1.010234          0.0
        2215     1.353355   402.272003    730.92726    985.81363     0.368453    96.759261    49.823767    46.935494    48.691959    48.998583            0   289.592777    284.68526            0    -0.622827          0.0
        2216     1.824963   402.201996   731.907891   986.041293     0.184761    97.903471    50.548098    47.355373    48.758846    48.986509            0   289.550153   284.602567            0     0.580958          0.0
        2217     -0.53932   402.131989   732.379511   986.260318     0.263482    95.439221    48.530678    46.908543     49.18443    49.403455            0   289.642956   284.751104            0    -1.344397          0.0
        2218     0.035359   402.062012     731.6052   985.942497     0.271222    95.380557    48.684041    46.696516    48.770918    48.453098            0   289.607338   284.695408            0     1.005253          0.0
        2219     1.133818   401.990997   732.655712   986.089454     0.236738    97.083279    49.893778    47.189501    48.845504     48.99246            0   289.595454    284.74379            0    -0.149194          0.0
        2220     1.433967   401.920013    733.66572   986.286313     0.179293    98.246181    50.579165    47.667016    49.173361     49.37022            0   289.481097   284.560622            0     0.198936          0.0
        2221    -0.252016   401.847992   734.268343   986.384507     0.294475    95.927705    48.816793    47.110912    49.209945    49.308139            0   289.551982   284.657446            0    -1.093969          0.0
        2222     0.141916   401.776001   733.961042   986.415964     0.200225    95.997155    49.074956    46.922199    48.979992    49.011449            0   289.508054   284.588563            0     0.370808          0.0
        2223    -1.565307    401.70401   733.459239   986.278289     0.248198    94.164461     47.57588    46.588582    49.236111    49.098437            0   289.636363   284.756756            0    -1.020755          0.0
        2224    -3.672473   401.631989   731.237865   985.274399     0.205964    91.694938    45.500809    46.194129    49.225908    48.222018            0   289.772683   284.968475            0    -0.499834          0.0
        2225    -1.916244    401.55899   729.255512   984.253944     0.260934    91.742738    46.075364    45.667374    48.097125    47.076669            0   289.692931   284.869143            0     0.981047          0.0
        2226     -0.15685   401.485992   728.517581   983.899431     0.422575    93.060349    47.286761    45.773588    47.710768    47.356256            0   289.604315   284.699232            0     0.668435          0.0
        2227     0.344816   401.412994   728.378416   983.933437     0.296035    93.748094    47.856815    45.891279    47.652617    47.686623            0    289.52646   284.551422            0     0.309357          0.0
        2228     0.762873   401.339996   728.996854   983.986023     0.357762    95.380536    48.838067    46.542469    48.277539    48.330124            0   289.560696    284.65522            0    -0.110496          0.0
        2229     0.072172   401.266998   729.257424   983.972841     0.303131     94.21526    47.969113    46.246147    48.044655    48.031473            0   289.590326   284.608793            0     -0.32293          0.0
        2230     1.513421   401.192993   729.718798   984.156585      0.26522    95.949957    49.296813    46.653144     47.89105    48.074795            0   289.490152   284.418039            0     0.760644          0.0
        2231     1.297189   401.119995   730.479615   984.605887       0.2095    95.584635    49.070677    46.513958    47.827571    48.276872            0   289.503071   284.491013            0     0.032988          0.0
        2232     2.301766    401.04599   731.591474   985.194744       0.2967    97.016858    50.291004    46.725854    48.128376    48.717233            0     289.3827   284.440913            0     0.461912          0.0
        2233      0.24534   400.971985   732.357932   985.513495      0.52563    95.008997    48.513546    46.495451    48.636275    48.955026            0   289.428949   284.415515            0    -1.207938          0.0
        2234     0.095898    400.89801   732.008925   985.678343     0.296424    94.613048     48.39518    46.217867     48.43821    48.603058            0    289.43321   284.535672            0     0.141129          0.0
        2235     1.881101   400.825012   732.433629   985.894362     0.245095    96.785573    50.089766    46.695806    48.298343    48.514362            0   289.359488   284.372494            0     1.150701          0.0
        2236     -0.60032   400.751007    733.43716    986.14804     0.297324    95.742254    48.602565    47.139689    49.342648    49.596325            0    289.53745   284.623912            0    -1.997291          0.0
        2237    -2.628934   400.677002    731.55013   985.538823     0.232539    92.148115    46.152071    45.996044    48.855983    48.246766            0   289.637956   284.701783            0    -0.207665          0.0
        2238    -0.167759   400.602997   730.638167   985.156715     0.231018    94.565217    48.155967     46.40925    48.397183    48.015076            0   289.594391   284.669696            0     1.052854          0.0
        2239     0.068088   400.528992   730.787337   985.165306      0.25378    94.756388    48.335297     46.42109    48.363428    48.372019            0   289.552583   284.641986            0    -0.185891          0.0
        2240    -1.589527    400.45401   729.886239   984.954457     0.271341    93.408029    47.060336    46.347693    48.761563    48.550714            0   289.688108   284.847889            0     -0.58928          0.0
        2241    -1.965728   400.380005   728.519606   984.444572     0.045793    92.745064    46.617763    46.127301    48.471722    47.961836            0   289.593031     284.7144            0      0.02256          0.0
        2242     1.767652      400.306   728.874049   984.368522      0.08726    96.438317    49.768372    46.669945    47.930419    47.854369            0   289.418615   284.388096            0      1.55956          0.0
        2243     2.538291   400.231995   730.342346   984.914684     0.353897    97.127356    50.244745    46.882611     47.90279    48.448952            0   289.397363   284.427595            0     0.327496          0.0
        2244     1.694611    400.15799   731.601956   985.778403      0.37487    96.699387    49.905315    46.794072    48.428012    49.291731            0   289.440687   284.390521            0    -0.646026          0.0
        2245     0.861183   400.084015   731.810328   986.470703     0.418791    96.004225     49.18821    46.816015    48.588322    49.280623            0   289.562409   284.506498            0    -0.300784          0.0
        2246     1.067813    400.01001   732.180094   986.708497     0.248774    96.915774    49.736513    47.179261    48.759913    48.997707            0   289.535853   284.578173            0      0.36904          0.0
        2247     2.329785   399.936005   733.668356   987.057414     0.394792    98.389432    50.939219    47.450214    48.846665    49.195582            0   289.494111   284.586024            0     0.255374          0.0
        2248      1.56708      399.862   734.791075   987.442795     0.433399    98.158458    50.544285    47.614173    49.253043    49.638423            0    289.55502   284.608998            0    -0.216857          0.0
        2249     0.355768   399.787994   735.230417   987.847469     0.525806    96.354316    49.300899    47.053418    49.313375    49.718049            0   289.565637    284.64924            0    -0.856492          0.0
        2250    -1.793991   399.713989   734.115239   987.563984     0.383874    93.674764    47.259846    46.414918     49.28015    48.996664            0   289.638542   284.692223            0     -0.62164          0.0
        2251    -1.077061   399.640015   733.013368   987.140792     0.202078    94.153356    47.748128    46.405229     48.86977    48.446579            0   289.651418   284.618083            0     0.403419          0.0
        2252     0.711269    399.56601   733.025759   987.062923     0.086744    96.551198     49.52851    47.022689    48.746424    48.668554            0   289.534476    284.58589            0     0.847564          0.0
        2253     0.392425   399.492004   733.678197   987.180941     0.488833    95.852103    48.967281    46.884822    48.906127    49.024145            0   289.622913   284.777716            0    -0.709302          0.0
        2254    -2.395876   399.417999   732.281787   986.681539     0.451797    92.743943    46.357694    46.386249    49.047805    48.548403            0   289.751986   284.893369            0    -0.794299          0.0
        2255    -0.280743   399.343994   731.565391   986.186219     0.148999    94.818049    48.192887    46.625162    48.465067    47.969747            0   289.655923   284.628852            0     0.939536          0.0
        2256    -0.932428   399.269012   731.098474   986.094457     0.155194    93.829633    47.512718    46.316915    48.440699    48.348937            0   289.670881   284.724036            0    -0.369303          0.0
        2257    -0.395558      399.194   730.371057   985.981499     0.093596    94.246069    47.952422    46.293647    48.281871    48.168913            0   289.526897   284.537869            0     0.510926          0.0
        2258    -0.494018   399.118011   730.178286   986.019651     0.371422    93.886496    47.686258    46.200238    48.389913    48.428065            0    289.59442   284.632334            0    -0.549035          0.0
        2259    -0.899047   399.041992   729.376633    985.84283     0.259763    93.853325    47.552496    46.300829    48.549457    48.372637            0   289.634524   284.659569            0    -0.018488          0.0
        2260    -0.607176   398.966003   728.868253   985.598896     0.240143    94.589553    47.983194    46.606359    48.668728    48.424794            0   289.650527   284.758576            0      0.06678          0.0
        2261    -1.041526   398.890015   728.270094   985.298167     0.167915    94.021394     47.57228    46.449115    48.619935    48.319206            0   289.620483   284.649301            0    -0.148768          0.0
        2262     0.351775   398.812988   727.879045   985.079002     0.213271    94.969075    48.476136    46.492938    48.173638    47.954473            0   289.572529   284.586747            0     0.912712          0.0
        2263     2.712764      398.737   728.888241   985.572805     0.065816    98.005674    50.889876    47.115798    48.081143    48.574946            0   289.421993   284.316644            0     1.305735          0.0
        2264     0.782811   398.660004   730.192309    986.36059     0.350366    96.124143    49.268197    46.855946    48.671823    49.459608            0   289.397514   284.319069            0     -1.49548          0.0
        2265     -0.11855   398.583008   729.581647   986.809908      0.25436    94.425241    48.255986    46.169255    48.464967    48.914285            0   289.445335   284.400124            0    -0.047636          0.0
        2266     1.793933   398.506012   730.204496   987.113966     0.197128    97.248813    50.333892    46.914921    48.573158    48.877217            0   289.453057      284.472            0     0.833826          0.0
        2267     1.243551   398.428986   731.063357   987.711374     0.203882    96.680492    49.794468    46.886024    48.590805    49.188212            0   289.408486   284.331666            0    -0.252606          0.0
        2268     1.984831    398.35199   732.234698   988.189594     0.198131    98.733518    51.052006    47.681511    49.101377    49.579598            0   289.426646   284.376827            0     0.301067          0.0
        2269     0.644889   398.274994   733.391663   988.538989     0.168868    97.532582    50.009446    47.523136    49.369496    49.718891            0   289.383169   284.320465            0     -0.86641          0.0
        2270    -2.039638   398.197998   732.534164   988.476564      0.34406    93.196606    46.928716     46.26789    49.148486    49.086061            0   289.566559   284.632855            0    -1.299845          0.0
        2271    -2.276155   398.122009    730.06988   987.707429     0.349805    92.485872    46.447004    46.038868     48.91118    48.142045            0   289.678017   284.854993            0     0.769244          0.0
        2272     1.854478   398.045013   730.480652   987.766933      0.03677    97.163826    50.216039    46.947787    48.234402    48.293905            0   289.336108   284.244084            0     1.511361          0.0
        2273     -0.19391   397.967987   731.041963   988.255549     0.304917    95.105951    48.486568    46.619383    48.821401    49.310018            0   289.402204   284.412712            0    -1.384761          0.0
        2274     0.418962   397.891998   730.604596   988.337959     0.173211    95.440189    48.941707    46.498482    48.534172    48.616582            0    289.40713   284.314577            0     0.762492          0.0
        2275    -0.403757    397.81601   730.404236   988.499963     0.175711    94.490012    48.199018    46.290993    48.616702    48.778706            0   289.488864   284.485311            0    -0.379326          0.0
        2276     1.573975   397.739014    730.83697   988.801937    -0.011961    97.758477    50.611615    47.146863    48.861749    49.163724            0   289.428945     284.4919            0     1.015157          0.0
        2277     2.950532   397.662994   732.797342   989.644513     0.248869     98.82306    51.468774    47.354287    48.605261    49.447837            0   289.390674    284.23698            0     0.060565          0.0
        2278    -1.571008   397.587006   732.770439   989.948745     0.259011    94.670978    47.902463    46.768515    49.570697     49.87493            0   289.563971   284.597974            0    -1.945564          0.0
        2279    -1.022636   397.511993   731.443345   989.557239     0.217573    94.025109    47.753702    46.271407    48.834205      48.4427            0   289.612363   284.597074            0     0.638097          0.0
        2280    -0.980131   397.436005   731.041972   989.409843     0.379979    94.080302    47.764055    46.316248     48.96238    48.814984            0   289.574804   284.645161            0    -0.649557          0.0
        2281    -1.675757   397.360992   729.387764    988.83446     0.305653    92.292088    46.598347    45.693741    48.420051    47.844668            0    289.58578   284.507165            0     0.407886          0.0
        2282    -0.361356   397.285004   728.927613   988.693143     0.244466    94.059718    47.836565    46.223153    48.280602    48.139285            0   289.558717   284.520541            0     0.157431          0.0
        2283    -1.891665   397.209991   727.884955   988.187966      0.12327    92.464165    46.662005     45.80216    48.517234    48.012057            0   289.613724   284.777811            0    -0.307394          0.0
        2284     0.052036    397.13501   727.621769   987.806259     0.130417    94.370064    48.231597    46.138468    48.150338    47.768631            0   289.457399   284.398804            0     0.726152          0.0
        2285    -0.434777   397.061005   727.413721   987.594153     0.136526    93.530461     47.61373    45.916731    48.027472    47.815366            0   289.477056   284.527955            0     0.006413          0.0
        2286     1.513878   396.985992   728.302666   987.554764     0.214297    96.224224    49.595535    46.628689    48.136249     48.09686            0   289.416336   284.457964            0      0.60973          0.0
        2287    -0.172256   396.911987   728.818646   987.655981     0.377032    94.064195    47.977126    46.087069    48.368853     48.47007            0   289.542787    284.51344            0    -1.008924          0.0
        2288    -0.265461   396.838013   728.410272   987.733304     0.298411    93.857048    47.812113    46.044935    48.218489    48.295812            0   289.509959   284.381501            0    -0.075325          0.0
        2289    -1.268498   396.764008   726.976343   987.626855     0.318301    92.469866     46.66894    45.800926    48.098177    47.991728            0   289.624493     284.6287            0      0.11114          0.0
        2290     0.263736   396.690002   727.119581   987.513349     0.104121    94.692568    48.506126    46.186442     48.18895    48.075444            0   289.485989    284.59002            0     0.287445          0.0
        2291     0.726533   396.615997   727.424534   987.675415     0.338199    94.487753    48.591611    45.896142    48.045716    48.207782            0   289.526066   284.545125            0     0.078876          0.0
        2292    -0.188849   396.542999   727.349405   987.842395     0.293613    93.848333    47.959679    45.888654    48.286724    48.453704            0   289.482429   284.521327            0    -0.418895          0.0
        2293     0.888687   396.468994   726.899061   988.004991     0.296339    94.103147    48.510275    45.592872    47.760365    47.922961            0   289.441095   284.290387            0     1.037658          0.0
        2294    -0.719613   396.395996   726.938677   988.192525     0.158677    93.723624    47.788409    45.935215    48.511281    48.698815            0   289.590141   284.687499            0    -0.950023          0.0
        2295     2.701458   396.322998   727.948655    988.48773     0.123865    97.859007    50.986535    46.872473    48.253524    48.548729            0   289.347903   284.295343            0     1.427828          0.0
        2296     1.721793   396.251007   729.765303   989.004476     0.275465     97.37528    50.456268    46.919012    48.856668    49.373413            0   289.397933   284.364389            0    -0.733793          0.0
        2297     2.002177   396.178009   730.499709   989.492663     0.173797    97.399324    50.576161    46.823163    48.592363     49.08055            0   289.444832   284.418424            0     0.761206          0.0
        2298     2.118813   396.105988   732.348688    990.27706     0.001205     98.25692    51.089358    47.167562    48.818411    49.602808            0    289.30297   284.249801            0     -0.36243          0.0
        2299     0.406393   396.033997   733.245962   990.613826     0.205944    96.927686    49.648456     47.27923    49.294735    49.631501            0   289.454865   284.484555            0    -0.880319          0.0
        2300     0.469017   395.962006   733.416238   990.722791     0.170002    96.141774    49.248834     46.89294    48.796546    48.905511            0   289.493596   284.463612            0     0.173048          0.0