        time     emission          CO2         cveg        csoil        fgco2         fgpp         fnpp           ra          frh     fvegsoil         fluc          tas     tas_land        cprod     fcvegout    fcsoilout
        1850     -0.41037   284.316986   538.622347  1487.691279     0.088897   109.348699    58.089204    51.259499    57.151478    56.630094            0   288.112287   283.765935    43.064129     1.794154     1.060516
        1851     -2.29768   284.450989   537.662365  1486.436866    -0.044323   108.535338    57.198092    51.337233    57.909701    56.384223            0   288.272794   284.030453    48.878685     1.773865    -0.271064
        1852    -1.264813   284.597992   536.077449  1485.509939     0.033959   108.056329    57.274602    50.781715    56.992111    56.414542            0   288.190852   283.953257    52.951172     2.444989     0.349357
        1853    -0.171412   284.730988   535.090342   1485.03429     0.115513   107.824734    57.408071    50.416712    56.049031     55.98777            0   288.012591   283.684435    55.935097     2.407358     0.414389
        1854      0.19507   284.846008    534.54639  1485.176242     0.189922   108.131489    57.611684    50.519801    55.894746    55.873894            0   288.027219   283.682724    58.147305     2.281746    -0.162804
        1855    -1.054485    284.94101   534.017469  1484.747194     0.220112   108.123261    57.372737    50.750517    56.875645    56.071769            0   288.262262   284.007669     59.82481     1.829897    -0.374829
        1856    -0.503326   285.049011   533.441168  1483.962236     0.292048   108.538575    57.659162    50.879395    56.694552    55.986763            0   288.238845   284.034212    61.111259     2.248719     0.077169
        1857    -0.837092    285.20401   533.014041  1483.145556      0.23365   108.367997    57.454675    50.913343    56.856431    55.907667            0   288.294418   284.098109    62.242012     1.974115    -0.132085
        1858    -1.396048   285.368988   531.928202   1482.22944      0.25606   106.838714    56.579497    50.259188     56.57407    55.719467            0   288.215444   283.987733    63.206844     1.945896     0.061513
        1859    -0.185983   285.545013   531.179014  1481.581729     0.406934   107.408408    57.160445    50.247953     56.11506     55.60871            0   288.190785   283.860354    64.004364     2.300934      0.14136
        1860    -0.078015   285.739014   531.015868   1480.89777     0.256197   109.167508    57.966575    51.200949    56.768509     55.92156            0   288.299352   283.973239    63.775501     2.208146     -0.16299
        1861    -0.928727   285.933014   530.842989  1479.895064     0.289461   107.235529    56.854197    50.381331    56.560432    55.460336            0   288.238409   284.061198    63.847622     1.566741    -0.097391
        1862     0.689741   286.100006    530.76313  1479.132576     0.440807    108.37901    57.858897    50.520086    56.046913    55.486122            0   288.189089   284.010533    64.004379     2.452662     0.201697
        1863    -0.071628   286.270996   530.813282  1478.525191     0.363799   107.404131    57.121771    50.282345    56.003207     55.52323            0   288.174427   283.885449    64.268883     1.548405     0.127408
        1864     0.049004   286.441986   530.430353  1478.167587      0.36111   107.992666    57.360787    50.631916     56.11593    55.692402            0   288.278021   283.951765    64.539154     2.051277    -0.065924
        1865    -1.418733   286.614014   530.335265  1476.827012     0.286461   108.658491    57.408972    51.249511    57.560408    55.539962            0   288.486535   284.454779    64.913101     1.964106    -0.679871
        1866    -0.587637   286.781006   530.394795  1475.066037     0.223791   108.874976    57.864374    51.010563    57.108247    55.677054            0   288.285753   284.142667    65.307823      2.12783     0.329782
        1867     0.949677   286.954987   530.511336  1474.462777     0.179645   108.186261    57.952534    50.233751    55.629306    55.751727            0     288.0179   283.771411     65.69175     2.084243     0.725681
        1868     1.461377   287.105011   531.300391  1474.569905     0.277261    109.60725    58.700925    50.906323    55.908386    55.881302            0   288.155888   283.745956    66.024521     2.030571    -0.134212
        1869     0.832245   287.225006   532.081839  1474.340524     0.264617   109.500028    58.500527    50.999502    56.263028    55.987026            0   288.237152   284.028105     66.41188     1.732052    -0.046621
        1870     0.051275   287.355011   531.632685  1474.325543      0.24562   107.708542    57.345892    50.362655    55.719906    55.870773            0   288.214053   283.894399    68.815544     1.924267     0.165848
        1871    -0.272798   287.493988   531.223326  1474.011394     0.272672   109.307436    58.141877     51.16555    56.840299    55.963359            0   288.378231    284.06002    70.498199     2.587886    -0.562792
        1872    -1.284989   287.664001   530.798101  1472.701544     0.340947   108.911088    57.569048    51.342019    57.378737    55.890549            0   288.529243   284.379871    71.890869     2.103745    -0.178337
        1873    -0.325042   287.859985    529.94864  1471.858968     0.327047   107.268259     57.11072    50.157528    55.980021    55.664267            0     288.2374   284.097386    73.173439     2.295925     0.526821
        1874     0.859718   288.061005   529.592946  1471.933546     0.332304   108.112092    57.805106    50.306989    55.483506    55.818424            0   288.186903   283.850098     74.27832     2.342373      0.26034
        1875     0.726348   288.290985   529.684996   1471.78879     0.488063   109.705675    58.408119    51.297555     56.41494    55.744181            0   288.450124   284.200721    75.329315     2.571888    -0.526003
        1876    -1.894592   288.519989   529.053552   1470.57782      0.46766   108.031271    56.938354     51.09296    57.517441    55.842845            0   288.598935   284.451411    76.287956     1.726911    -0.463625
        1877    -0.918462   288.752014    528.01615  1469.141578      0.36915    107.64566    57.038097     50.60755    56.535948    55.463712            0   288.381755   284.244605    77.218658     2.611799     0.364006
        1878     1.082146   288.993011   527.591336  1468.697605     0.375775   108.732988    58.101047    50.631954    55.603647    55.734766            0   288.193441   283.904814    78.129669     2.791083     0.575091
        1879     1.539049   289.221008   527.732159  1468.927452     0.400865   109.125091     58.40655    50.718542    55.436286    55.754182            0   288.183147   283.914434    78.947334     2.511543     0.088049
        1880     0.063325   289.470001   527.588589  1468.997359     0.300282   108.176109    57.594926    50.581174     56.05814    55.840062            0   288.175941   283.851161    79.302696     1.898444    -0.287984
        1881     1.818117      289.737   527.901812  1468.772534     0.361114   110.326004     59.07592    51.250082    55.870657    55.830321            0   288.213036   283.956071    79.975418     2.932378     0.184489
        1882     0.907816   290.019012   528.438346  1468.631194       0.4791   109.791767    58.456737    51.335028    56.293999    55.959676            0   288.353379    284.24759    80.677094      1.96053    -0.192984
        1883     0.863678      290.263   528.218717  1468.317745     0.372908   109.224735     58.16488    51.059869    55.839019    55.836404            0   288.231039   284.033041    81.439835      2.54809     0.310835
        1884     2.743265   290.511993   528.223711   1469.42861      0.62399   108.613467    58.304678    50.308801    54.343538    56.097768            0   287.883874   283.486649     82.13269     2.201905     0.643364
        1885     1.873424   290.796997   527.826993  1470.742106     0.610817   108.062117    57.902656    50.159466    54.868964     55.77511            0   287.836012   283.456869    82.815536     2.524259    -0.407349
        1886     2.077637   291.100006   527.578107  1471.624363     0.595428   108.429125    58.045554    50.383552    54.815539    55.753251            0   287.952751   283.507975     83.50592     2.541209     0.055454
        1887     1.638094   291.414001   527.773327  1472.060536     0.606495    109.71448    58.549948    51.164538    55.778841    55.721104            0   288.145306   283.924047    84.212181     2.633619    -0.493911
        1888      0.08363      291.763   527.411495  1471.811726     0.550685   108.892006    57.777605    51.114399    56.562327    56.175235            0   288.205121   283.946031    84.854713     1.964202    -0.138282
        1889     1.632772   292.113007   526.993363  1471.822897     0.416471   108.918863    58.333815    50.585066    55.427469    55.756571            0   288.007146   283.799344    85.554276     2.995358     0.317932
        1890     1.762954   292.458008    527.00279  1472.288207       0.4986   108.333968    58.024486    50.309489    54.976289    55.589792            0   287.896585   283.422942     87.06588     2.425259     0.148192
        1891     1.514359    292.81601   526.501011  1472.946833     0.471373   108.013101     57.70475    50.308347    54.867737    55.595493            0   287.923798   283.412688    88.365891      2.61104     0.069131
        1892     1.226751   293.166992   526.203383  1473.240445     0.597132   109.955595    58.541715    51.413896    56.080787     55.90107            0   288.164851   283.814791    89.380333     2.938256     -0.47333
        1893    -0.364847    293.47699   525.849184  1472.563401     0.494044   108.228109    57.459404    50.768721    56.388793    55.612265            0   288.203544   283.935069    90.318802     2.201322    -0.099484
        1894     0.942808   293.790985    525.26414  1472.317326     0.374433   108.016721    57.799489     50.21726    55.288941    55.525879            0   287.949221   283.636728    91.229378     2.858627     0.483013
        1895     1.611319    294.07901   525.085309  1472.929081     0.334455   108.642351    58.318171    50.324172    55.016564    55.642326            0   287.954344   283.611806    92.191147     2.854684     0.014008
        1896     1.218753    294.36499   524.765935  1473.459213      0.52246   108.491401    58.012256    50.479146     55.26563    55.668742            0   288.024116    283.63136    93.028709     2.662887    -0.127021
        1897     0.138744   294.645996    524.03179  1473.584216     0.489343   108.151579     57.48251     50.66905    55.766777    55.486817            0   288.259572   284.045173    93.820282     2.729858    -0.404963
        1898     0.176524    294.95401   524.138018  1472.627522     0.448582   110.230745    58.677375    51.553375     56.92395     55.67193            0   288.345758   284.130069    94.566429     2.899212    -0.295325
        1899     0.476441   295.299988   524.064374  1471.718888     0.384778   109.053697     58.24539    50.808296    56.188737    55.635812            0   288.206016   283.957951    95.373055     2.683233     0.355708
        1900     1.013242   295.674988   523.658291  1471.665705      0.51271   108.190198    57.862836    50.327317    55.410116      55.5058            0   288.135555   283.748247    96.553864     2.763165     0.148867
        1901     0.909553   296.006989   523.348388  1471.504739     0.790494   109.043928    58.115502    50.928458    55.922613    55.561451            0   288.302362   283.986057    97.658356     2.863921    -0.200196
        1902     -1.59155   296.325012   522.607379   1470.11218     0.618843   108.023826    57.031418    50.992423    57.120699    55.180655            0   288.454435   284.371423    98.591125     2.591757    -0.547484
        1903     2.240446   296.653992   522.196189  1469.461198     0.814402   108.614253    58.320601    50.293657    54.778377    55.278411            0   287.980417   283.566719    99.478004     3.453374     1.151018
        1904     1.746512    296.95401   522.180355  1470.137707     0.719771   108.506755     58.12267    50.384068    54.887008    55.431368            0   288.049717   283.599125   100.359795     2.707152    -0.132149
        1905     1.074001   297.289001   521.646101  1470.562746     0.603086    108.26408     57.85005    50.414023    55.229761    55.477666            0   288.110779   283.767066   101.289948     2.906645    -0.177134
        1906     0.911074   297.661987   521.249903  1470.508789     0.565357   108.575667    58.022814    50.552808    55.588797    55.316564            0   288.149775   283.860882    102.16774     3.102492    -0.218277
        1907       0.7356   298.097992   521.106321  1470.210401     0.650224   109.049166    58.054624    50.994528    55.992655    55.552608            0   288.274355   284.030352   103.065094     2.645612    -0.141659
        1908    -0.018132   298.518005   520.419153  1469.419236     0.547544    108.84205    58.021372    50.820679    56.554355    55.506241            0    288.23929   283.915766   103.841057     3.202298    -0.256948
        1909     1.004265   298.936005   519.824268  1468.873862     0.566518   108.055552    57.846847    50.208711    55.357898    55.429164            0   288.117926   283.832332   104.713219     3.012561     0.616641
        1910     1.502632   299.376984   519.645677  1468.935933     0.598107   108.681446    58.232361    50.449076    55.359707    55.229698            0   288.175283   283.849301   104.917007     3.181264     -0.19208
        1911     0.238487   299.828979    519.48994   1468.35884     0.777399   109.013054    57.982781    51.030264    56.563291    55.361801            0   288.424866   284.132061   105.432617     2.776725    -0.624397
        1912    -0.830218   300.352997   518.746027  1466.837232     0.724322   108.023908    57.136422    50.887484    56.870209    55.537279            0   288.457622   284.300104   105.915855     2.343058     0.188678
        1913     1.407713   300.910004   517.334763  1466.277026     0.758299   106.857983    57.161729    49.696262    54.757315    54.912244            0   288.019598   283.701234   106.495903     3.660741     0.715135
        1914     2.867849   301.418976   517.593219  1466.575145     0.972153   108.846984    58.583158    50.263819    54.830218    55.050573            0   288.056548   283.688608   106.945992     3.274136    -0.077764
        1915     2.856213   301.936981   518.561221  1466.386608     0.766884   111.173135    59.624828    51.548311    55.677292    55.224344            0   288.329204    284.11046   107.548622     3.432478    -0.264411
        1916    -0.254302   302.484985   519.142989  1465.355805     0.844999   109.625033    58.026125    51.598905    57.304876    55.494967            0     288.5292   284.446204   108.210449     1.949394    -0.779106
        1917    -0.784382   303.010986   518.103886  1463.386444      0.81815   107.660151    57.043862    50.616296    56.772611    55.034345            0   288.449682     284.3671   108.879417     3.048613     0.231095
        1918     1.489757   303.448975   517.231239  1462.625569     0.750997   107.831986    57.849198    49.982793    55.040451    55.030633            0   288.077235   283.673676   109.484406     3.691206     0.751057
        1919     2.472664   303.813995   517.439903  1462.960333     0.838906   108.815957    58.446643    50.369292    54.575194    55.069194            0   288.115345   283.715674   110.081253     3.168807     0.159237
        1920     2.301427   304.246002   517.741132  1463.201226     0.906632   109.956608    58.857143    51.099471    55.253935     55.40885            0   288.292366   283.965008   111.792076     3.147057    -0.085978
        1921     0.839412   304.599976   518.000489   1462.87806     0.910707   109.921584    58.556603    51.365007    56.227077    55.288228            0   288.462122   284.283736   113.107056     3.008992    -0.615682
        1922    -0.574721   304.944977   517.237746  1461.682428     0.817403   107.836673    57.220796    50.615878     56.16927    54.970069            0   288.343409   284.230208   114.245071     3.013469    -0.003569
        1923      1.66689   305.270996   516.924924  1461.226878     0.841672   108.707319     58.34834    50.358979    55.025431    55.073996            0   288.096895   283.811941   115.154686     3.587166     0.504116
        1924     1.778956   305.629974   516.483708  1461.458462     0.891608   108.379312    58.126778    50.252557    54.795543    55.201633            0   288.090226    283.65415   115.907211     3.366337     0.174505
        1925     1.520254   305.812988   516.699035  1461.650552     0.676854   109.405352     58.63408    50.771281     54.96925    55.129487            0   288.145292   283.831349   116.613564     3.289256    -0.031852
        1926     1.107533   305.953979   516.869723  1461.595218     0.739614   110.178638    59.018267    51.160369    55.718624    55.340843            0   288.234878    283.97062   117.384476     3.506738    -0.322447
        1927     1.146939   306.176971   517.671722  1460.843728     0.713987   111.286728    59.587618    51.699091     56.37462    55.311154            0   288.390857   284.121964   118.217499     3.474484    -0.311977
        1928    -1.043344   306.328979   517.417328  1460.017996     0.578371   108.317522    57.459644    50.857888    56.123689    55.426924            0     288.4338    284.25222   118.979134     2.287105     0.128967
        1929     0.523241   306.494995   516.991069  1459.208391     0.551842   110.211163    58.946091     51.26509    56.031824    55.304378            0    288.35358   284.202761   119.818069     4.067953     0.082159
        1930     0.516507   306.619995   516.773608  1458.832541      0.58693   108.822914    58.327252    50.495689    55.275294    55.308291            0   288.194752   283.874122   121.518066     3.236396     0.408847
        1931     1.058103   306.821991   516.289883  1458.945416     0.745062   109.056204    58.404497    50.651712    55.087682    55.222162            0   288.288696   283.917735   122.979614     3.666055     0.021604
        1932      0.75621   307.092987   516.362954  1458.673276     0.638586   110.571835    59.203933    51.367918    56.184632    55.410325            0   288.400974   284.154297   124.295456     3.720522    -0.502167
        1933     0.758857   307.401978   516.235546  1458.020686     0.657453   109.630278    58.737982    50.892316    55.795787    55.202523            0   288.371661   284.208394   125.567833     3.662847     0.059326
        1934     1.148734   307.784973   516.141014  1457.608191     0.797224   109.607597    58.741191    50.866424    55.686407    55.433767            0   288.389252   284.186085    126.64286     3.401938     0.159855
        1935     0.751605    308.22699   516.059722  1456.995024      0.76844   110.189351    58.812985    51.376369    56.227734     55.32771            0   288.468904   284.279443   127.665573     3.566564    -0.286857
        1936     2.731925   309.011993   515.870801   1456.46298     0.821137     110.3544    59.279486    51.074933    55.462853    55.532208            0   288.258282   284.058716   128.658234      3.93618     0.601399
        1937     3.630588   309.763977   516.258061  1456.772102     0.788027   110.824467    59.811503    51.012952    54.977381    55.493045            0    288.19035   283.945125   129.663025      3.93121     0.206542
        1938     1.655198   310.293976   516.633073  1457.151077     0.847553   109.839113    58.882293    50.956826    55.588218    55.318191            0   288.403971    284.18904   130.660675     3.189085    -0.649002
        1939     1.457955   310.850983   516.483736  1456.618346     0.780703   110.521895    59.100363    51.421551    55.980274    55.471095            0   288.482938   284.205461   131.505737     3.778585     0.023553
        1940     0.027097   311.356964   515.753956  1455.810183     0.841148   110.157877    58.487762    51.670123    56.623216    55.540693            0    288.62026   284.537423   133.535049     3.676842    -0.274361
        1941    -0.040956   311.810974   514.791179  1454.801938     0.839421   109.039583    58.052073    50.987486    56.089312    55.250877            0    288.48582   284.280099   135.401489     3.763997     0.169809
        1942     0.982734   312.171967   513.553594  1454.524021     0.747167    108.40959    58.199308    50.210277    54.891141    55.122705            0   288.284468   284.118314   136.920685     4.314193     0.509481
        1943     2.168025   312.389984   513.280488  1454.969237     0.911838   109.774554    59.229159    50.545387    54.571428    55.289112            0   288.154844    283.83984   138.230896     4.213163     0.272469
        1944     1.502356   312.412964   513.539048  1455.323696     1.000069    112.04302    60.157208    51.885782    55.803443     55.46222            0   288.512107    284.36162   139.393219     4.436457    -0.695682
        1945    -2.843369   312.384979   513.186203  1453.977484     0.868494   108.544444    57.409175    51.135285    57.138108     55.20953            0   288.596465   284.553915   140.625336     2.552475    -0.582366
        1946     0.293253   312.389984   511.811896  1452.951671     0.814595   109.569429    58.833724    50.735707    55.417115     55.20545            0   288.343423   284.217349   141.771942     5.002577     0.814149
        1947     1.595034   312.485962   511.937691  1452.894141     0.681159   110.619203    59.716486     50.90274    55.038595    55.270407            0   288.209512    283.98592   142.821533     4.320262     0.289342
        1948       1.8869   312.520966   512.256423  1453.381984     0.777171    110.87962    59.855871    51.023747    54.820756    55.403188            0   288.281424   284.000602   143.809891     4.133953      0.09459
        1949     0.898527   312.631958   512.655049  1453.579263     0.729901   111.299552      59.7154    51.584178    55.764755     55.45304            0   288.438749    284.18473   144.921692     3.863709    -0.508995
        1950    -1.195361   312.820984   511.933273  1452.554105     0.686922   110.051925    58.633666    51.418276    56.652675    55.266175            0   288.561631   284.427958   148.672043     4.089249    -0.361343
        1951     1.240041   313.013977   510.933191  1452.206782     0.495236   110.180727    59.394477    50.786262     54.69548     55.38402            0   288.243672   283.908078   151.643585     5.010527     1.035863
        1952     1.242552    313.34198   510.461926  1452.880192     0.537853   110.423485    59.423386    51.000089    54.994021    55.369605            0   288.239961   283.747778   153.935089     4.525056    -0.297826
        1953    -0.243506    313.72998   509.356028  1452.814018     0.573552   109.285461    58.446827    50.838599    55.619022    55.233522            0   288.457323   284.281686   156.195389     4.319238    -0.319325
        1954     0.257789   314.094971   507.732589  1452.774832     0.578473   108.659611    58.373919    50.285651    54.950086    55.148496            0   288.292208   284.007952    158.24263     4.848903     0.237596
        1955     1.265757   314.414978   507.186557  1452.980373     0.542881   110.224866    59.414978    50.809907      54.8116    55.039334            0   288.295068   284.030697   160.059219     4.921657     0.022193
        1956      0.75466   314.697968   507.202402  1452.620216      0.60431   112.373404     60.38131    51.992121    56.209456    55.230192            0   288.542059   284.453907   161.855942     5.135246    -0.619107
        1957     -1.21219   314.991974   506.084392  1451.581246     0.748754   108.392823    57.788192    50.604655    55.717588    55.115198            0   288.474172   284.271352    163.65625      3.79098     0.436579
        1958     1.445805   315.344971   505.083662  1451.464189     0.726562   110.326782    59.601855    50.724931    54.927814    55.007957            0   288.283546   284.070368   165.426605     5.594624       0.1972
        1959     1.226979   315.806976   504.465721  1451.694538     0.792609   109.403112    58.957268    50.445851    54.773313    55.097475            0   288.327164   283.989025   166.983688     4.477727     0.093814
        1960     2.168273   316.624969   504.328869  1451.769562     0.912795   110.676853    59.453589    51.223298    55.602109    55.231237            0   288.537742   284.296864   163.121384     4.359171    -0.445896
        1961     0.426778    317.29895   504.398082  1450.519834      0.91696   110.548632    59.039706    51.508942     56.71108    55.072945            0   288.658917   284.631385   161.269073     3.897531    -0.388406
        1962     3.329176   318.043976   504.194019   1450.14738     0.838036   109.979514    59.439946    50.539573     54.29196    55.168499            0   288.241529   283.928606   160.324585     4.475506     1.248993
        1963     5.118213   318.649963   504.728378  1451.496066     0.949228   111.543955    60.747393    50.796553    53.627662    55.260642            0   288.043798   283.600904   159.922058     4.952401     0.284294
        1964     5.340393   319.332947   506.009841  1453.235859     1.084307   112.115892    60.967619    51.148268    53.891067    55.572178            0    287.99755   283.534357   160.036682     4.113983    -0.058683
        1965     3.425002   319.815948   506.753603  1454.592307     0.963583   112.140487    60.555267    51.585272    54.831665    55.746034            0   288.205787     283.8351   160.560959     4.065419    -0.442079
        1966     2.398115   320.879974   506.844678  1454.631094     0.977873   111.350831    59.680442    51.670383    56.192072      55.6163            0    288.42919   284.309385   161.444565     3.973072    -0.614559
        1967     2.902924    321.47995   506.379511  1454.797786     1.043119   110.317366    59.519527     50.79781    54.585077    55.429265            0   288.170418   283.849271   162.231339     4.555458     0.677495
        1968     5.317821   322.388947   506.789151  1455.927876     1.042637   112.265584    60.960814    51.304778    54.241222    55.802237            0   288.105452   283.700633   162.948181     4.748928     0.430926
        1969     4.359423   323.250946   507.353225  1457.263256     1.100834   111.906712    60.484875    51.421818    54.664355    55.650658            0   288.305005   283.963381   163.859787     4.270162    -0.349077
        1970     4.025116   324.782959   507.480466  1457.533557     1.250395   111.812124      59.9626    51.849514    56.062298    55.738633            0    288.46532   284.288016   164.326828     4.096736    -0.593966
        1971     4.178609   325.399963   507.627326   1457.85878      1.14852   112.555169    60.985953    51.569206    54.856038    55.867993            0   288.219161    283.87806   165.073196      4.97111     0.686733
        1972      7.07053   327.348969   508.025933  1459.070915     1.440789   111.976918    60.591545    51.385365    54.672934    55.810041            0   288.197795    283.82283   165.777786     4.382905    -0.075028
        1973     8.523504   329.908966    508.45038  1460.051806     1.592161   112.818847    60.995959    51.822903    55.063072    55.885103            0   288.353363   284.090617   166.568893     4.686394     -0.15886
        1974     3.876318   330.755951   508.603883  1460.860337     1.524699    112.07281    60.396264    51.676549    55.367692    56.104548            0   288.396568   283.987456   167.466782     4.138211    -0.071675
        1975     1.679029   330.826965   508.739303  1461.184186     1.541614   113.428719     60.94507    52.483638    56.464771    56.313183            0   288.534784   284.275237   168.224808     4.496478    -0.475438
        1976     3.439958   331.544952   508.562545  1460.861538     1.429869   113.189865    61.085497     52.10435    56.069231    56.196756            0   288.419438   284.197402   169.115768     5.065517     0.450173
        1977     8.184087   333.352936   509.651276  1461.802332     1.447036   114.461981    62.350288    52.111705     54.91906    56.298413            0    288.19657   283.803155   169.966904     4.963132     0.438558
        1978     7.256796   335.009949   510.937976  1463.048572      1.56372   114.271563    62.030728     52.24084    55.290946    56.341807            0    288.28093   283.864962   170.934814     4.402216    -0.195379
        1979     6.751604    336.60495     511.6489  1464.143694     1.685555   113.766468    61.531545    52.234935    55.261367    56.479163            0   288.370123   283.983058   171.877716     4.341446     0.122675
        1980     7.598902   338.704956   512.057777  1464.873316      1.89116   115.826486    62.442019    53.384478    56.424915    56.656473            0   288.547094   284.214095   174.513077     5.376658    -0.498064
        1981     3.889713    340.05896   512.189594  1464.655667     1.836984   113.768862    60.984898    52.783958    56.976914     56.58877            0   288.644078   284.572284   176.684204     4.264318    -0.170496
        1982     4.788099   340.643951   512.069035  1465.144531     1.659668   114.148895    61.966526    52.182325    55.222469    56.393316            0   288.299061   283.964142    178.27446     5.693812     0.681984
        1983      9.40791   342.265961   513.542862  1466.721772     1.936554   116.661993    63.788536    52.873447    54.874825     56.64839            0   288.213862   283.789327   179.741257     5.666329     0.196323
        1984     7.690506   344.007935   514.798648  1468.266477     2.002155   115.741016    62.742554    52.998471    55.807878    57.089191            0   288.369239   283.900135     181.2435     4.397569    -0.263392
        1985     6.834089   345.458954    515.95346  1468.863498     1.975481   118.510508     64.10626     54.40427    57.364163    57.291061            0    288.68026   284.551804    182.60968     5.660364    -0.670123
        1986      5.49699   346.902954   517.093553  1468.447314      1.95044   116.756582     62.88175    53.874817     57.38684    57.111683            0   288.683814   284.767795   184.110687      4.62999     0.141027
        1987     9.205223   348.774933   518.242614  1469.140158     1.911758   117.966187    64.344994    53.621179    55.966388    57.418791            0   288.380818   284.173203   185.613388     5.777156     0.759558
        1988    11.016636    351.27594   519.918906    1470.7309     2.147066   118.811022    64.811505    53.999535    56.135079    57.833445            0   288.395421   284.147603   187.153214      5.30175     0.107624
        1989     8.628115   352.893921   521.521567  1472.513406      2.13182   118.382851    64.398184    53.984668    56.194507    58.011399            0   288.530904   284.358736   188.606659     4.784122     0.034387
        1990     7.071375   354.072937   523.284063   1473.69869     2.172031   120.373181    65.227103    55.146062    57.834585    58.284988            0   288.703602   284.610479   187.759613     5.179636    -0.734881
        1991     4.887556   355.352936   524.553504   1473.34675     2.099069   118.675777      63.8176    54.858202    58.764769    58.299452            0   288.866086   284.892291   187.665421     4.248682    -0.113378
        1992     7.672498   356.228943   524.837507  1474.690874     2.203421   117.832016    64.216269    53.615783    55.636085    58.519355            0   288.204936   283.835994    187.47995     5.412874     1.539146
        1993     8.309318   356.924957   526.456638  1477.731073     2.002659   119.188815    65.216892    53.971934    55.439793    58.392085            0   288.126415   283.767853    187.46727     5.205666    -0.087907
        1994     9.208395   358.253967   528.333676  1480.521323     1.931355   120.253667    65.657418    54.596278    56.266414      58.8465            0   288.350417   284.022592   187.548874      4.93385    -0.210165
        1995      9.46041   360.238953   530.351243  1482.329606     2.052126   121.534684    66.053752    55.480926    57.915168     58.92959            0   288.578716   284.369216   187.855301       5.1066    -0.793861
        1996      8.63418   362.004974   532.435448  1483.244936     2.044195    122.70522    66.505669    56.199579    58.702447    59.506279            0    288.70211   284.574127   188.166092     4.915157    -0.111498
        1997     5.071306   363.251953    533.84978   1483.30909     2.073172   120.709271    64.897439    55.811816    59.578021    59.113992            0   288.814939   284.849241   188.707047      4.36913    -0.528182
        1998    10.527798   365.932953   534.310749  1484.112479     2.125073   119.879216    65.146594    54.732666    57.480046    59.371399            0   288.434982   284.238897   189.051498     5.314183     1.087963
        1999    10.300338   367.844971   535.836115  1486.079315     2.125192   121.831586    66.510379    55.321234    57.422553    59.614307            0   288.434243   284.291556   189.548141     5.370679     0.224918
        2000     7.652021   369.124969    537.16618  1487.823703     2.122941   122.753495    66.807309    55.946214    58.680699    59.782634            0   288.610613   284.480131   193.849167     5.694581    -0.642453
        2001     6.760366   370.673004   538.973728   1488.37188     2.146934   122.338086    66.073093    56.264993    59.723102    59.827418            0    288.82886   284.851789   192.420883     4.438127    -0.443862
        2002     9.084621   372.834991   539.713336  1488.817594     2.329165   122.502353    66.425451    56.076903     59.01071    59.799149            0   288.764589   284.725111   195.178925     5.886692     0.342725
        2003    10.556624    375.41098   540.735917  1489.991383     2.451074   123.256619    66.931264    56.325347    58.683325    60.096458            0   288.759132   284.634277   200.797485     5.812234     0.239344
        2004     5.949562      376.987   541.656966  1490.393444     2.372923   123.665431    66.549219    57.116251    60.812951     60.26004            0   289.017708   284.979709   201.854309     5.368091    -0.954972
        2005     6.922638   378.907013   543.050938  1489.345995     2.353467   123.958413    66.825538     57.13286    61.070183    60.086935            0   289.037586   285.180947   200.298843     5.344646     0.064202
        2006    10.978564    381.01001   544.990912  1489.723359     2.370647   124.767683    68.181583    56.586107    58.823182    60.379549            0   288.652738   284.634841   199.604446     5.862053     1.179003
        2007     9.745134   382.603027    546.90678  1491.846993     2.529408   123.307742     67.31243    55.995314    58.115131    60.345652            0   288.628114   284.467467   201.197144     5.050908     0.106886
        2008    10.550129   384.739014   548.634958  1493.701307     2.572175   125.045263    68.165462    56.879794    59.307675    60.847354            0   288.799775   284.657272   202.346313     5.589937    -0.314634
        2009     8.425644   386.280029   549.401972  1495.044128     2.457535   125.864088    68.465876    57.398247    59.673665    60.863884            0    288.91043   284.841915   211.550598     6.834944    -0.152602
        2010     8.322052   388.717041    550.92063  1495.441123     2.598132   125.428075    67.612734    57.815348    61.274118      61.0045            0   289.154267   285.249236    211.70755      5.08957    -0.666613
        2011     9.574958      390.944   551.287919  1496.038021      2.68472   124.897937    67.784434    57.113534    59.785158    61.302033            0    288.92998   284.962928   213.469543     6.115081     0.919977
        2012     9.987942   393.015991   551.710806  1497.612344     2.720023   125.611224    68.427883    57.183288    59.619061     61.38838            0   288.855023   284.834857   215.675705     6.616669     0.194996
        2013    11.710119   395.724976    552.65583  1499.643874     2.784649   126.546927    69.103616    57.443307    59.841552    61.651223            0   288.951678   284.931061   219.072113     6.507373    -0.221859
        2014     9.905282   397.546967   554.859816  1501.090706     2.720123   128.310988    69.824453    58.486566    60.581129    61.754154            0   289.100214   285.050944    218.87384     5.866283    -0.273807
        2015     8.068319    399.94873   556.213103  1501.117972     2.825336    126.79471    68.383947    58.410764    62.467773    61.892081            0   289.312241   285.553343   217.588379     5.138578    -0.602958
        2016    11.990564   403.116974   556.610769  1501.951804     2.855782   125.913093    68.453058    57.460026    60.252232    62.130355            0   288.990783   284.993426   217.541565     5.925045     1.044291
        2017    12.147537   405.799957   557.774929  1503.824745     2.803145   127.154275    69.459313    57.694969    60.028165    61.935173            0   288.836749   284.708588   217.708755     6.359973     0.034067
        2018    13.226726   408.782959   559.742864  1505.911861      2.97122   128.870774    70.276115    58.594665    60.557771     62.59021            0   289.024916    284.95737   218.137833     5.717964    -0.054677
        2019    10.742862   411.840973   561.243766  1506.861199     3.006883   129.196325     69.77701    59.419302    62.706957     62.49749            0    289.34249   285.485072   218.937271      5.77863    -1.158805
        2020      10.2527   414.981964   562.950073  1506.206828     3.059341    129.36897    69.633995    59.734981    63.516956    62.964145            0   289.412824   285.650218   216.464508     4.963536      0.10156
        2021    12.243353   418.204956   563.910785  1506.663086      3.02657   128.007715    69.499077    58.508622    61.583634    62.774304            0   289.098415   285.243455   215.418411     5.764077     0.734412
        2022    13.958705   421.529968   565.121894  1508.503493     3.237433   128.392866     69.97462    58.418259    60.747442    62.989178            0   289.006962   285.045587   215.279404      5.77432     0.401329
        2023    14.110785   424.968964   567.204579  1509.983656     3.446172   130.820518    71.331439    59.489108    62.217194    63.002487            0   289.258205   285.515996   217.531265     6.246239     -0.69487
        2024    13.341093   428.519958   568.768607  1511.070874      3.48504   129.998684    70.522155    59.476542    62.416137    63.708637            0   289.350606   285.463358   218.729614     5.249477     0.205282
        2025    11.926468   432.181946   569.969056  1511.465519     3.492801   130.523807    70.303696    60.220089    63.860621    63.328693            0   289.619307   286.015648   219.720825     5.774576    -0.926574
        2026    12.985125   435.953949    570.86423  1511.205615     3.474742   130.347197    70.528655    59.818554    63.239148    63.508901            0   289.438463   285.744623   220.456085     6.124568     0.529657
        2027    14.740802   439.834961   572.240948  1511.992417     3.567908   130.968508    71.272606    59.695878    62.548801    63.731108            0   289.321478   285.473854   221.075027     6.164804     0.395504
        2028    16.279401   443.823944   574.659149  1513.007273     3.632233   134.743367    73.408729    61.334659     63.41654    64.417162            0   289.406807   285.457166    221.63591     6.573345    -0.014234
        2029    13.921976    447.92395   577.249085  1513.109595     3.702771   133.106466    71.912829    61.193636    64.577597    64.130481            0    289.68171   286.001589   222.388763     5.192414    -0.549437
        2030    15.905602   452.131958   578.531916  1513.756953      3.63242   133.464254    72.670469    60.793735    63.168225    64.657282            0   289.355031   285.593855   227.038895     6.730405     0.841699
        2031    18.083492   456.451935    580.86578  1515.599586      3.67425    135.47156    74.232845    61.238747    62.703094    64.829941            0   289.279917    285.44896   230.651108     7.069008     0.284214
        2032    17.388178   460.893951    583.11464  1517.929871     3.797571   135.381537    73.863121    61.518447    63.308875    65.587717            0   289.473343   285.494149   233.725464     6.026512    -0.051442
        2033    15.150188    465.46994   584.975948  1518.718487     3.856005   136.705587    73.773198      62.9324    65.744158    65.467612            0   289.878124   286.240967   236.469162     6.444267    -1.065162
        2034    15.914806   470.178955    586.22319  1518.658917     3.861308   136.263608    73.780378     62.48325    65.203169    65.452873            0   289.696945   286.106786   239.024246     7.080243     0.309274
        2035     18.62771   475.020935   588.263679  1519.668841     4.038227   136.936583     74.73405    62.202572    63.842801    65.574546            0   289.454357   285.798677     241.3517     7.118975     0.721822
        2036    19.049532   479.994934   590.486965  1521.740047     4.161725   137.381167    75.009204     62.37196    64.052888    66.203048            0   289.446076   285.726717   243.196915     6.582873     0.078954
        2037    18.479248   485.101929   592.459949   1523.75256     4.190225   137.374952    74.731496    62.643483    64.659196    66.239509            0   289.647553   285.842984   244.672867     6.518975    -0.432199
        2038    16.446439   490.343933   593.820579  1524.367617      4.18621   137.643481     74.13969    63.503762    66.362855    66.367145            0   289.935153   286.329794   246.020157     6.411945    -0.610767
        2039     15.93093    495.71994   594.753075  1523.950478     4.173799   137.680678    74.091049    63.589632    67.083491     66.36507            0   289.958479   286.454662   247.250595      6.79348    -0.301283
        2040    20.774156   501.232941   597.054956  1524.388361     4.310662    140.08416    76.371351    63.712766    65.332323    66.902214            0   289.706806   286.123408   243.273666     7.167299     1.132009
        2041    21.090973   506.882935    600.17347  1526.481383     4.358832   139.068037    75.826953    63.241095    64.892929    67.258405            0   289.668193    285.93592   241.422852     5.450024     0.272455
        2042    21.458318   512.472961   603.382472  1528.319476     4.380394   142.324891    77.502185    64.822732    66.134824    67.447467            0   289.857091   286.181686   240.140381     6.845689    -0.525451
        2043    19.022467   517.817932   606.898362  1529.115594       4.3616   142.675577    77.141558    65.533996    67.678302    68.099047            0   290.156654   286.634289   239.453506     5.526643    -0.375372
        2044    18.470841   522.936951   609.710792  1529.298191     4.440132   143.042138    77.440054    65.602064    68.124572    68.421035            0   290.083054   286.700364   238.978043     6.206608     0.113866
        2045     19.85207   527.838928   612.022385  1530.926743     4.446324   141.403108    77.198862     64.20424    66.070941    68.650346            0   289.787378   286.184396   238.815735     6.236929     0.950852
        2046    19.354363   532.531921   614.937687   1533.63235     4.310014   141.825871    77.319859    64.505996    66.118724    68.667497            0   289.926805   286.245187   238.728851     5.737077    -0.156833
        2047    18.966742   537.022949   617.701136  1535.977869     4.310804   144.225143     78.46323    65.761938    67.225663    69.080345            0   290.174969   286.499885   238.711273      6.61941    -0.490836
        2048    13.989317   541.315918   620.227417  1536.398634     4.398885    143.92916    77.098437    66.830736    70.505213    69.605477            0    290.60367   287.338747   238.602112     4.966666    -1.320501
        2049    13.253391    545.41394   620.746094  1535.420074     4.206539   141.054125    75.628867    65.425249    69.200986    68.980121            0   290.392397   287.009193   238.444199     6.130078     0.757695
        2050     17.09841    549.31897   621.017645  1536.993626     4.327851   143.161526    77.994635    65.166911    66.777406    69.961594            0    289.98216   286.430309   246.192734      7.76147     1.610637
        2051    16.933607   553.034973   622.425041   1540.17152     4.157638   145.749837    79.532241     66.21759     67.68602    70.557084            0    290.04773   286.551104   251.938126     7.567767    -0.306831
        2052    14.175171   556.465942   622.907029  1543.140245     3.987318   144.099418    78.142072    65.957382    68.069775    70.850613            0   290.151611   286.507759   257.363739     6.809435    -0.187887
        2053    11.225494   559.523987   623.163826   1544.56193     3.997491   146.835506    79.158901    67.676563    71.098934    70.983047            0   290.547998   287.172071   262.450012       7.9191    -1.537572
        2054    10.409441    562.21698   623.210439  1544.328303     3.835224   145.898847    78.743801    67.155019    70.382938    71.026091            0    290.37888   287.002247   267.521729     7.671124      0.87678
        2055    13.916305   564.550964   623.838825  1546.246357      3.92467    148.04872    81.037642     67.01109     68.28616    71.294908            0   290.029461   286.519399   272.911224     9.114337     1.090695
        2056    11.348611   566.529968   624.076983  1549.687726     3.878693   145.874122    79.558847    66.315255    68.324171    71.597302            0   290.021851   286.439971   278.760986     7.723406    -0.168238
        2057     9.784748   568.159973   623.802228   1552.44624     3.712405   147.232085    80.058098    67.174003    69.363324    71.620931            0   290.233728   286.618837   283.750031     8.711907    -0.500908
        2058     6.117998   569.442993   623.552531  1553.657844     3.489868   147.384245     79.36256    68.021675    71.246053     71.68845            0   290.548989   287.185614   288.260284     7.923816    -0.769206
        2059     5.596925   570.383972   622.505151  1554.219487     3.306364   146.551956     79.35989    67.192067    70.684865    71.640104            0   290.421251   287.002762   293.166016     8.767165     0.393597
        2060      6.13267   570.985962   622.219948  1555.960773     3.335799   144.351666    78.396851    65.954814    69.235141    71.582783            0   290.172385   286.706793   286.886322     7.099273     0.606356
        2061     6.728479   571.252014   622.450726  1558.546898      3.25979   145.982021    79.540738    66.441323    69.137602    71.641282            0   290.161993    286.66325   284.008972     7.668637    -0.082446
        2062     4.265526   571.255981   623.028997    1559.9857     3.297839   147.148707    79.621893    67.526806     71.18505    71.603369            0   290.477411   287.091777   282.567047     7.440262    -1.020483
        2063     2.405584   571.065002   623.377859  1559.984809     2.964333   146.111939    78.861392    67.250567    71.542948    71.685026            0   290.580892   287.365463   281.889923     6.827484      0.14297
        2064     3.618419   570.677002   622.767647  1561.110053     2.991878   145.164165    78.885414    66.278778    69.938425    71.775492            0   290.247227   286.753716   281.797638     7.720107     0.711822
        2065     4.290268   570.088013   623.120051  1563.096893     2.840927   146.375368    79.723697    66.651685    69.539369    71.551182            0   290.270789   286.796988   282.038635     7.820097     0.024973
        2066     1.453438   569.299011   623.098518   1564.51435     2.746045   146.653264    79.333642    67.319627    71.388362    71.935903            0   290.499915   287.223655   283.347168     7.419268    -0.869915
        2067    -0.873086   568.309021    622.35693  1564.397996     2.401749   144.858186    78.102991    66.755216    71.608355    71.362858            0    290.52645    287.17345    285.37851       7.4817    -0.129144
        2068     0.486313   567.117004   620.760716  1565.265156     2.422988   143.339142      77.9141    65.425039    69.464179    71.204663            0    290.16467   286.642301   288.565186     8.305653     0.873324
        2069     1.574318   565.723999   620.093606  1567.484656       2.3126   145.005448    79.073164    65.932315    68.922518    71.541998            0   290.183945   286.655154    291.47052     8.198247     0.399979
        2070     0.782032   564.130005   620.810588   1569.61984     2.249445   144.526674    78.601983    65.924667    69.535216    71.149147            0   290.229062   286.717768   283.756683     6.735878    -0.521254
        2071     0.124419   562.337036   620.991705  1571.474864     2.302319   143.632074    77.929856    65.702212    69.274853    71.412055            0   290.254985   286.674148   279.834015      6.33669     0.282178
        2072    -1.662194    560.42804   620.763808  1572.770167     2.419662   144.361346    77.860234    66.501075    70.916682    71.396684            0    290.40344   286.908236   277.032288     6.691483    -0.815301
        2073    -2.968727   558.483032   620.042031  1573.073027     2.122229   142.327665    76.761566    65.566088    70.870677    71.175512            0   290.319767   286.895736   274.415588     6.307842     0.001975
        2074     0.604439   556.494995   619.832418  1574.397081     2.057958   143.415139    78.279357    65.135759    68.707819    70.995687            0   289.990036   286.322048   272.539917     7.493307     0.963814
        2075     1.283704   554.462036    620.71242  1576.786847     1.965474   144.702763     79.20303    65.499702    68.779601    71.206619            0   290.008762   286.328918    271.37851      7.11644     0.037252
        2076    -0.756543   552.380005   621.682803  1579.107509     1.881258   143.939784    78.231756    65.708032    69.633711    71.428482            0   290.269639   286.673572   270.883759     5.832887     -0.52589
        2077    -4.143422   550.247009   621.260093  1579.512806     1.957625   143.486222    77.076813    66.409372    71.893336    71.124678            0   290.582981   287.276116   270.127258     6.374882    -1.173955
        2078    -5.036412   548.062012   619.929886  1578.662059     1.655708   140.692154    75.725422    64.966736    71.106154    70.764995            0   290.342036   286.845996   268.756714      6.29063     0.509587
        2079     0.685775   545.822998   619.715917  1579.812652     1.631221    144.62859    79.268645    65.359935    68.701338    71.133435            0   289.978435   286.351831   269.142517     8.349189     1.281505
        2080    -1.794052   543.528015   620.045026  1582.021709     1.746867   142.782286    77.816476    64.965793    69.521816    71.160775            0   290.122401   286.622118   271.411438     6.326608    -0.570099
        2081    -3.501622    541.17804   619.656473  1583.209637     1.622006   142.550341     77.04661    65.503727    70.288985    71.062092            0   290.343087   286.859682   271.674683     6.373076    -0.414821
        2082    -4.179144   538.804016   618.819324   1583.36596     1.661158    144.00014    77.725934    66.274217    71.676761    71.444945            0   290.415402   286.982151   271.483185     7.118128     -0.38814
        2083    -4.324548   536.439026   617.962765  1583.620245     1.445857   141.084372    76.173463    64.910929    70.136184    70.808522            0   290.264164   286.738783   270.838989     6.221481     0.418053
        2084    -2.213266   534.078003   617.048157  1584.831656     1.338436   142.672351    77.597172    65.075194    69.397439    70.872258            0   290.079762   286.474619   269.803711     7.639507     0.263409
        2085     -3.67247   531.718994   616.849513  1585.831493     1.533119   141.076997    76.280771    64.796259    69.834908    70.607126            0    290.17895   286.683446   268.431427     5.872256    -0.227619
        2086    -4.248179   529.361023   616.735102  1586.048686     1.480006   142.901935    77.086809    65.815083    71.193792    70.673279            0   290.369915   286.921167   267.413849     6.527985    -0.737707
        2087    -4.728335   527.002991   615.907539  1585.413433     1.341267   141.006387    76.112927    64.893476     70.57665    70.440118            0   290.285848   286.811255   266.714142     6.500355      0.49872
        2088     -1.93202   524.642029   615.653512  1586.398042     1.245637   142.325675    77.566712    64.759001    69.137378    70.797614            0   289.982375   286.307415   266.000122     7.023087     0.675628
        2089    -2.193144   522.277039   615.724584   1588.30013     1.248869   140.823147    76.668745    64.154448    68.524664    70.598932            0   290.041246    286.45147   265.484283     5.998695     0.172179
        2090    -3.168208   519.907043    615.37914  1589.932316      1.27634   141.614205    76.694587    64.919617    69.675731     70.66084            0   290.271944   286.751039   263.637695     6.379192    -0.647077
        2091    -6.789961   517.531006   614.193561  1589.763311     1.183666   139.462653    74.656102    64.806527    71.196814    70.214385            0   290.399262   286.927656   262.262207     5.627319    -0.813424
        2092    -3.117773   515.160034   613.145769   1589.92591     0.995743   140.840449    76.528159    64.312301     69.23561    70.680727            0    289.93828   286.199506   261.074921     6.895214     1.282517
        2093    -2.562636   512.804993   612.429096  1591.798947     1.112091   138.960484    75.599086    63.361383    67.971432    70.015732            0   289.828355   286.093542   259.822144     6.300043     0.171263
        2094    -1.988171    510.46402    612.13353  1593.854839     1.173667   140.657778    76.439129    64.218686      68.3427    70.300636            0   290.038792   286.332604     258.8815     6.434022    -0.097956
        2095     -5.96084    508.13501   611.291306  1594.747478     0.949419    138.87143    74.418725     64.45268    70.095618    70.229939            0   290.298205   286.795012   258.285248     5.031036    -0.758318
        2096    -5.994771   505.818024   608.561292  1595.288512     0.954824   136.244745    73.394611    62.850146    69.153653    70.185179            0   290.020625   286.539113   257.504089     5.939433     0.490492
        2097    -2.954212   503.511017   606.538452  1596.795151     0.976185   136.979664    74.627751    62.351925    67.446038    69.340598            0   289.680033   285.880221   256.550476      7.30998     0.387921
        2098      -2.3157    501.21402   606.087441  1599.002178      1.02073   138.260206    75.421816    62.838376    67.677932     69.79931            0   289.765561   285.946425   255.824417     6.073531    -0.085649
        2099    -4.410747   498.925018   605.466828  1600.511521     0.878574   138.620056    74.865956    63.754087     69.13317    69.782012            0    290.12114   286.422597   254.913284     5.704571    -0.860501
        2100    -7.302303   496.644012   603.840866  1599.874509     0.771947   136.605657    73.389098    63.216565     70.49557    69.150715            0   290.195418   286.687602   253.972855     5.864339    -0.707844
        2101    -3.463654   494.370026   603.275974  1599.392113     0.625767   138.319739    75.296005    63.023741    68.478299    69.042658            0   289.889323   286.297108   252.751572     6.818232     1.046754
        2102    -3.065798   492.115021   603.461765    1600.5339     0.647703   138.399942    75.356926     63.04304    68.220159    69.425623            0   289.863678    286.25154   251.877747     5.745489     0.063676
        2103    -3.706461   489.890015   603.029265  1601.438943     0.785007   138.441549    75.125321    63.316225    68.842187    69.464427            0   289.980559   286.352848   251.185257     6.093397    -0.282802
        2104    -6.484423   487.693024   602.658534  1601.022474     0.765288   138.499466     74.37795    64.121512    70.913808    69.616024            0   290.313696   286.944318   250.466705     5.132661    -0.881315
        2105    -6.247534   485.524017   600.753024  1600.042076      0.74851    135.47528    73.000992    62.474277     69.37242    68.809202            0   290.090706   286.572066   249.818481     6.097311      0.41718
        2106    -4.122105   483.380005   599.383928  1600.281611     0.631658   135.820479     73.73947    62.081035    67.911054    68.900447            0   289.864706   286.217587   249.468124     6.208092     0.749858
        2107    -3.489908   481.262024   598.652873  1601.286913     0.703954   136.362476    74.060931    62.301536    67.745731     68.74256            0   289.854073   286.184157   248.968826     6.049436    -0.008473
        2108    -4.170378   479.169006    597.85516  1601.964416     0.797144   136.693201    74.004883    62.688291    68.516068    68.764672            0   289.968994   286.275509    248.43541      6.03795    -0.428899
        2109    -5.760973    477.09903   596.878852   1601.69593     0.772363   135.588503     73.00521    62.583323    69.174111    68.520079            0   290.041304   286.391453   247.711853      5.46141    -0.385547
        2110    -4.487096   475.052032   595.571181  1601.278828     0.538864    136.02893       73.738     62.29092    68.445048     68.41416            0   289.848106   286.241559   247.277176     6.631521     0.386215
        2111    -2.347277   473.027008   595.593545  1601.805645     0.491486   137.183956    74.821259    62.362729    67.374051    68.458323            0   289.712312   286.044476   247.051727      6.34054     0.557455
        2112    -3.082724   471.024017    595.17133  1603.532882     0.520461   135.383929    73.710899    61.673033    67.052281    68.870169            0   289.679737   285.794484   246.924683     5.262941     0.090651
        2113    -4.529559   469.041016   594.736796  1604.261772     0.563171   137.568838    74.253591    63.315231    69.160432    68.730083            0   290.069982   286.480162   246.527237     5.958058    -1.159239
        2114    -6.808847    467.07901   593.349863  1603.013523     0.523181   134.754198    72.397216    62.356982    69.576055     68.23277            0   290.115195   286.640925    246.38623     5.551379    -0.095036
        2115    -3.285588   465.136017   592.179216  1602.913948     0.418512   135.524253    73.774569    61.749687    67.366076    68.455376            0   289.678933    285.95714   246.162857     6.489836     1.188875
        2116    -3.284825   463.212006    591.44038  1604.150223     0.450478    134.79662    73.362923    61.433707    67.002274    68.174488            0    289.66473   285.934378   246.062439     5.927261    -0.064061
        2117    -2.818172   461.307007   590.916206  1605.262013      0.52793   136.055655    74.135758    61.919888    67.457078    68.392833            0   289.725496   285.924284   245.763062     6.267107    -0.176034
        2118    -6.338951   459.420013   590.067161  1605.263501     0.503754   133.930289    71.895777    62.034477    68.766565    67.922708            0   290.045757   286.470515   245.384949     4.822149    -0.845346
        2119    -6.781693   457.550018    588.01709  1604.072295     0.403923   133.323062    71.572628    61.750446     68.82656    67.576198            0   289.941942   286.380457   245.042252     6.046489    -0.059157
        2120    -4.238138   455.697021   585.897703  1604.329497      0.35281   132.101828    71.645564    60.456232    66.360175    67.769085            0   289.617779    285.86597   244.416718     5.995898     1.151708
        2121    -3.594946   453.861023    584.25272  1605.511403     0.437032   132.754162    72.115996    60.638155     66.37079    67.231253            0    289.61573   285.781244   243.471634     6.529737    -0.321443
        2122    -4.688726   452.041016   583.599206  1605.808844     0.517812   133.051654    71.948656    61.103019    67.438469     67.16143            0   289.810075   286.155275    242.61673      5.44072     -0.57448
        2123    -7.214428   450.236023   582.382837  1604.570533     0.374511   132.018753     70.79245     61.22632    68.718762    66.823084            0   290.004159   286.433246   241.788376     5.185717    -0.657367
        2124    -4.120989   448.447021   580.854606  1603.729221      0.07724   133.384212    72.390189    60.994015    66.960884    67.107536            0   289.648733   285.899271   241.046432     6.810893     0.987963
        2125    -2.968339   446.672028   580.656367  1604.359179     0.166853   132.536285    72.319166    60.217136    65.871362    66.961745            0   289.489349    285.74835   240.529938     5.555644     0.460425
        2126    -3.643262   444.912018    579.82683   1605.52852     0.314308   131.657977      71.4804    60.177571    65.892272    66.776631            0   289.650759   285.794478   240.133301     5.533312    -0.284982
        2127    -6.540824   443.167023   578.479701  1605.330772     0.448721   131.467741    70.567589    60.900133    68.070933    66.766926            0   289.942638   286.302573    239.50705     5.147811     -1.10626
        2128    -7.253903   441.437012   576.450141  1603.331532     0.417695   130.911539    70.181931    60.729612    68.409044     66.28439            0   290.020385   286.480792   238.787811     5.927097    -0.125414
        2129    -5.177162   439.721008   574.929293  1602.206256     0.364299   130.363713    70.500463    59.863271    66.667546    66.127214            0    289.74423   286.090345   238.024124     5.894076     0.584943
        2130    -4.093205   438.019012   574.072535  1601.938955     0.337432   130.963594    71.072676    59.890912    66.159394    66.202956            0   289.614699   285.899011   237.500244     5.726483     0.310864
        2131      -5.0083   436.331024   572.675474  1601.867696     0.269714   129.020653    69.791971    59.228695    65.773569    65.815215            0   289.631955   285.871605   236.943161     5.373803     0.112904
        2132    -3.579671   434.657013   571.692073    1602.0381     0.100681   130.700628    71.129661    59.570981    65.543894    65.844465            0   289.497421   285.628309   236.315063     6.268583     0.130167
        2133     -4.26306   432.996033   571.138932  1602.206281     0.326368   130.659754    70.800953    59.858817    66.171214     65.89615            0   289.628423   285.842028   235.838318     5.457928    -0.443245
        2134    -6.379602   431.348022     570.0049  1601.188002      0.32878   129.685698    69.783235    59.902462    67.310087    65.795811            0   289.849166   286.211824    235.42038     5.121459    -0.495997
        2135    -4.959642   429.713013   569.034053  1599.506619     0.165588   131.406833    71.136623    60.270185    67.106177    65.548855            0   289.771855   286.132266   235.044998      6.55864     0.124061
        2136     -5.01738   428.090027   567.883365  1599.123582     0.128693    127.91883    69.185847    58.733027    65.204432    65.502608            0     289.5353   285.710928   234.572296     4.833883     0.681213
        2137    -3.521773   426.480011   566.626181  1599.478171     0.264776    128.54157    69.797744    58.743848    64.510342    65.165758            0   289.488111   285.654743   234.082306     5.889148     0.300826
        2138    -4.648319   424.882019   565.498068  1599.649839     0.328732   129.283947     69.87701    59.406932    65.811365    65.176295            0   289.694103   285.999172   233.687332     5.828833    -0.806739
        2139    -6.488899   423.295013   564.535215  1598.085989     0.306111   129.246428    69.393899    59.852554    67.169169    65.054914            0   289.825508   286.202768    233.36467     5.301814    -0.550404
        2140    -4.742705   421.721008   563.034811   1597.15747      0.14788   127.592541    69.176593    58.415948    65.080045     65.33046            0   289.437448   285.566179   232.878769     5.346537     1.178934
        2141    -2.387803   420.157013   562.296869  1597.507683     0.122661   129.990641    70.984697    59.005951    64.570834    64.941795            0     289.3821   285.501897   232.205063     6.780837     0.020748
        2142    -2.920585   418.646027   562.440154  1597.964867     0.121824   129.628253    70.558675    59.069635    64.779408    65.197082            0   289.467123   285.605048   231.909241      5.21825     -0.03951
        2143    -3.795855   417.222015   562.701871  1597.662129     0.214766   131.345705    71.069064    60.276671    66.446044    65.334864            0   289.734732   286.054027   231.564377     5.472453    -0.808443
        2144    -7.128239   415.880005   561.662409  1595.812469     0.181031   127.918734    68.488064    59.430679     67.33181    64.961822            0   289.855593   286.309126   231.236404     4.565695    -0.520328
        2145    -4.589799   414.619019    560.12563  1593.973044    -0.069934   128.150607    69.294241    58.856375     65.54458     64.43902            0   289.562557   285.907548   230.827728      6.39199     0.733865
        2146    -2.498945   413.433014   559.397194  1593.866851     0.028033   127.666079    69.527781    58.138285    63.926701    64.653446            0   289.249994   285.430826   230.747253     5.602784     0.832938
        2147    -2.531417   412.321014   558.268852  1594.798907     0.265319   126.643805    68.787928    57.855872    63.632499    64.418031            0   289.341275   285.503819   230.425385     5.498244    -0.146523
        2148    -1.949524   411.281006   557.570283   1595.51375     0.103354   128.553818    69.976388    58.577456     64.23049    64.967428            0   289.334114   285.387104   229.981537     5.707504     0.022095
        2149    -3.150148   410.309021   556.868519  1595.955169     0.107961   127.046318    68.799327    58.247031    64.440559    64.428187            0   289.419068   285.626029   229.420013     5.072864    -0.453792
        2150    -2.202783   409.404022   556.340189  1595.693447     0.150609   128.419158    69.765135    58.654045    64.633496    64.405404            0   289.468215   285.608696   229.144043     5.888039      0.03363
        2151    -3.408224   408.563019   555.507754  1595.154451     0.245333   127.130585    68.705084    58.425511    65.022398     64.18409            0    289.50056   285.714938   228.799988      5.35342    -0.299312
        2152    -3.917177   407.785004   553.797096  1594.483252     0.179408   124.982657    67.474705    57.507942    64.376298     64.12853            0   289.342993    285.46784   228.274704     5.056843     0.423431
        2153    -1.036209   407.067017   553.110063  1594.326595     0.179716   128.002917    69.774159    58.228795    63.952719    63.900781            0   289.324569   285.497271   227.724609     6.560374     0.104719
        2154    -2.031402    406.40802   552.898173  1594.460377     0.366719   126.574653    68.648395    57.926244    64.125098    64.158181            0   289.417259   285.517171   227.489853     4.702119      -0.1007
        2155    -2.827008   405.808014   552.261976  1593.650127     0.491574   128.240365    69.186939    59.053406    65.730101    63.851325            0   289.641873    285.90229   227.043488      5.97183    -1.068525
        2156    -3.459151   405.264008    551.85748  1591.457165     0.329266   127.345284    68.511498    58.833808     65.63522    63.735551            0   289.602686    285.96245   226.623276     5.180422     0.293293
        2157    -1.619731   404.777008    550.88483  1590.843652     0.308786   125.396562    68.081835     57.31474    63.485369     63.80133            0   289.242277   285.445395   226.280014     5.253142     0.929473
        2158    -0.619156   404.346008   550.130892  1591.134832     0.412108   126.156308    68.721946     57.43437    63.347952    63.672926            0   289.236202   285.443085   226.036545     5.802949     0.033795
        2159    -0.508787   403.968018   549.631908   1591.51542     0.535385   126.400674     68.71051    57.690186    63.492392     63.67268            0   289.306581   285.447914   225.495438     5.536792      -0.2003
        2160    -1.796852    403.64502   549.236745  1591.012175     0.525949   126.753146    68.390103    58.363065    64.542972    63.589704            0   289.546236   285.823006   225.190399     5.195541    -0.450023
        2161    -1.106065   403.373993   548.609833  1590.238192     0.688747    126.39548    68.355304    58.040212    64.079118    63.703904            0   289.405479   285.527079   225.212082     5.278276     0.398768
        2162    -0.464842   403.154999   548.008619  1590.028407     0.575782    126.71152    68.781471    57.930049    63.866252    63.619382            0   289.366815   285.512475   225.155716     5.763302    -0.037085
        2163    -0.613225   402.988007   547.723048  1589.580919     0.592844   127.220423    68.913057    58.307368    64.267488    63.557992            0   289.448486   285.569672   225.080612     5.640634    -0.262008
        2164    -1.689669   402.871002    547.30249  1588.430531     0.682575   127.196162    68.541953    58.654243    65.161088    63.677032            0   289.660033    285.94781   224.911285     5.285445    -0.333669
        2165    -1.501515   402.804993   546.593843   1586.96552     0.586209   126.610752    68.437368    58.173377    64.907842    63.507298            0   289.560071    285.82791   224.630844     5.638724     0.064467
        2166     0.630881   402.787994    546.17121  1586.404309      0.54667   125.749948    68.463284    57.286694    62.862437    63.074525            0   289.245837   285.326135   224.461899     5.811361     0.773299
        2167     0.846917   402.820007   546.481597   1586.64753     0.565576   126.876078    69.057349    57.818771    63.372346    63.431026            0   289.345254   285.564229   224.203201     5.315894    -0.184541
        2168     0.085146   402.901001   546.388624  1586.509977     0.685171   126.887006    68.711392    58.175632    64.021986    63.641825            0   289.476378   285.645615   223.738754     5.162522    -0.242607
        2169    -0.836987   403.029999   546.478014  1585.202843     0.641001   127.886614    69.012929    58.873697    65.306506     63.28305            0   289.634096   285.977323   223.530807     5.640477    -0.716322
        2170     1.462627   403.207001   546.933772  1583.881465     0.812954   128.629331    69.967483    58.661822    64.216073    63.661819            0   289.445156   285.672426   223.570969     5.849932     0.767124
        2171      1.82506      403.431      547.726   1583.55137     0.858676   128.569596    69.888381    58.681214    63.901906     63.85152            0   289.424517   285.702508   223.720993     5.244634     0.279709
        2172     0.855445   403.661987   547.660519  1583.555302     0.843494   127.172831    68.923667    58.249149    63.895116    63.694152            0   289.490956   285.742705   223.738541     5.295011    -0.204897
        2173     0.688016   403.863007   547.950479  1582.922969     0.656724   128.467952    69.605529    58.862397    64.512849    63.596007            0     289.5091    285.78576   223.611404     5.719588    -0.284509
        2174     1.065711   404.039001   547.440907  1582.792223     0.674244   125.896392    68.488749    57.407661     62.99272    63.622222            0     289.1473   285.131819   223.448456     5.376081     0.760248
        2175     3.113109   404.191986   548.004402  1583.557783     0.710098   128.114223    70.140129    57.974119    62.573072    63.734253            0   289.141365   285.084469   223.386917     5.842356     0.395622
        2176     1.696573   404.325012   548.698872  1584.374301     0.972312   129.259441    70.262588    58.996875     64.31786     64.19588            0    289.42843   285.574356   223.296234     5.372217    -0.938498
        2177    -1.089185   404.440002   548.849113  1583.184331     0.750614   128.351029    69.151873     59.19919    65.757817    63.959417            0   289.712919   286.086076   223.111221     5.042182     -0.60843
        2178     1.450122   404.540009    548.86102  1582.207324      0.79764   128.271817      69.8556    58.416205    63.943693    63.749752            0    289.41318    285.64877   222.895721     6.093953     0.783066
        2179      2.63665      404.625   549.522162  1582.597092     1.016645   128.474723    70.113628    58.361135    63.193522    63.919417            0   289.382622   285.482986   222.821945      5.53303     0.336127
        2180     1.289564   404.697998   550.214117  1583.073139     0.716653   128.953443    69.973491    58.979941     64.05153    64.275159            0   289.495407   285.552813   222.816696     5.006388    -0.252418
        2181    -1.361165   404.759003   549.976927  1582.167023     0.784038   127.080618    68.381024    58.699594    65.168779    63.703544            0   289.624457   285.865328   222.753036     4.914668    -0.559118
        2182     0.794502    404.80899   548.876117  1581.732506     0.838007   125.944427    68.385647     57.55874    63.056789    63.423558            0   289.311516   285.485092   222.603439     6.062938     0.801287
        2183     2.849182   404.850006   548.835852  1582.835776     0.946349   126.976617    69.421888    57.554709    62.129284    63.703426            0   289.132165   285.195419   222.472931     5.758747     0.470873
        2184     2.290413   404.881989   549.586107  1583.828961      0.85212    128.44455    70.160827    58.283714    63.290124    63.807013            0   289.230529   285.220625   222.437973     5.603568    -0.476297
        2185     1.109745   404.906006   549.734078  1584.649522     0.875748   126.913268    68.954854    57.958457    63.318784    64.146913            0   289.353185   285.452886   222.053329     4.659927     0.007568
        2186     0.029313   404.921997   549.153435  1584.826993     1.011901   127.208154     68.75778    58.450392    64.338145    63.761744            0   289.549608   285.717146   221.631744     5.576661    -0.753871
        2187    -2.675707   404.932007   548.046696  1583.430376     0.984871   125.000932    67.046648    57.954268    65.294339    63.549055            0   289.686333   286.001235   221.318619     4.604348    -0.348667
        2188     0.376458   404.934998   546.857028  1582.329222     0.907344   126.331556    68.541267    57.790293    63.621095    63.325721            0   289.384997   285.550853   221.201492     6.405211     0.805781
        2189     1.416236   404.933014   546.684027  1582.597517     0.855767   125.771096    68.530344    57.240761    62.548891     63.27187            0   289.240445   285.292106   220.822144     5.431466     0.454684
        2190      0.78842   404.925995   546.895397  1583.003324     0.821392   126.359005    68.632708    57.726296    63.243054    63.079973            0    289.32854   285.487863   220.493225     5.341366    -0.568888
        2191     0.964776   404.915985   547.073891  1582.759218     0.953088    127.28016    69.084869    58.195259    63.653328    63.272278            0   289.438535   285.495592   220.162476      5.63413    -0.136944
        2192    -1.820051   404.901001   546.930827  1581.640497     0.896052   126.357298    67.877152     58.48018    65.141539    63.592024            0   289.692928   285.954309   219.996307     4.428157    -0.430794
        2193      0.59648   404.882996   546.238568  1580.750858     0.897574   125.926999    68.350532    57.576419    63.216663     63.11934            0   289.369498   285.539963   219.749405     5.923499     0.792316
        2194      2.51072   404.860992   546.736465  1581.061426     0.781261   127.681063    69.790575    57.890491     62.59402    63.217873            0   289.136431   285.187267   219.839951     6.074802     0.313284
        2195     2.171061   404.835999   547.802752  1581.795478     0.771192   127.852724    69.761774    58.090927    62.882679    63.408155            0     289.2782   285.368607    219.91156     5.287355    -0.208576
        2196     0.627404    404.80899   548.211682  1582.127896     0.781309   127.682327    69.273479    58.408812    63.953875    63.869887            0   289.466821   285.634378   219.665939     4.994699    -0.416405
        2197    -0.021054   404.778992   548.239046  1581.565411     0.826261   127.915766    69.084182    58.831537    64.476348    63.609059            0   289.620851   285.825796   219.363419     5.447806    -0.304804
        2198    -0.916395   404.747009   548.457563  1579.985479     0.865717   127.850116    68.848288    59.001863    65.155877    63.387799            0   289.660232   285.981257   219.332214     5.241938    -0.188146
        2199     1.029249   404.712006   548.328695   1579.38997     0.774618   126.896473    68.992337     57.90415    63.236314    63.561943            0   289.355569   285.625663   219.480209     5.559248     0.921138
        2200     2.544424   404.675995   549.143665  1579.716864     0.682259   129.152835    70.700283    58.452566    63.304581    63.580107            0   289.242501    285.36877   219.859512     6.305192    -0.051367
        2201     2.028673   404.636993    549.90302  1580.486359     0.872391   127.254419    69.484135    57.770284    62.777808    64.143444            0   289.277612   285.364026   220.153687     4.581336     0.596141
        2202     1.385601   404.596985   549.791373  1581.612211     0.905472   127.578402    69.411332    58.167098    63.399404    63.860287            0   289.408176    285.46217   220.075333     5.662664     -0.66497
        2203    -0.356809   404.554993   549.780678  1581.301906     0.860759   128.636615    69.473102    59.163533     65.17306    64.036424            0   289.612391    285.77972   219.827499     5.447354    -0.826331
        2204    -1.507983   404.511993   549.218742  1579.948106     0.853901   126.191243    67.919646    58.271612    64.745664     63.80584            0   289.513063   285.726335   219.675064     4.675727     0.413976
        2205     1.033939    404.46701    548.56384  1579.843359     0.900276   126.321193    68.600715    57.720495    62.953051     63.57597            0   289.368863   285.491942   219.427933      5.67963     0.727665
        2206     1.753858    404.42099   548.759338  1580.388754     1.000878   128.666793     69.99001    58.676777    63.722794    63.801884            0   289.536269   285.747865   219.274597     5.992635    -0.466305
        2207     -1.40654   404.373993   548.768705  1579.709319     0.880369   126.802238    68.123531     58.67873     64.89585    63.579411            0    289.69113   285.942977   219.144226     4.534728    -0.637003
        2208    -0.990032   404.325989   547.678066  1578.277145     0.852536   126.349451    68.124415    58.225054    64.445195    63.391892            0   289.498324   285.745166   218.939407     5.823144     0.378871
        2209     3.010714   404.276001   548.211167  1578.339264     0.657366   128.917834    70.561805    58.356036    62.693409     63.70027            0   289.080174   285.113504   218.806412     6.328427     0.944741
        2210     1.959405   404.226013   548.909321  1579.489676     0.904653   127.302011    69.417771    57.884237    62.836145    63.771128            0   289.151342   285.176795    218.89502     4.948492    -0.215428
        2211     2.108788   404.174988   549.526753  1580.351197      0.83296   128.412475    69.972235    58.440272     63.16183    63.888372            0   289.349947   285.416058   218.950256     5.466399     -0.13498
        2212    -0.135018   404.122986   549.874356  1580.303878     0.906103   128.736255    69.638067    59.098203    65.124672    64.226676            0   289.565023   285.664341   218.970566     5.063773    -0.850676
        2213    -0.694952   404.070007   549.468542   1579.21139      0.73633   127.123046    68.665451      58.4576    64.562492    63.730074            0   289.584374   285.744391   218.884369     5.341185     0.260069
        2214     0.647713   404.015991   549.242678  1578.906484     0.910064   126.667933    68.633109     58.03481    63.358539    63.580989            0   289.491189   285.640393   218.854797     5.277997     0.527357
        2215     0.726328   403.962006   548.666499  1579.276194     0.984343   126.593779    68.642427     57.95135    63.376208    63.529449            0   289.527598   285.672043   218.661514      5.68916    -0.216469
        2216    -1.564675   403.907013   548.369596  1578.447916     0.930543    126.85942     68.22449    58.634933    65.186043     63.79827            0   289.727377   286.072138   218.453278      4.72312    -0.559496
        2217     0.588875   403.851013   547.870908  1577.601002     0.850215   127.306412    69.175473    58.130928    63.911756    63.511774            0   289.442816   285.705076   218.355499     6.162398     0.446933
        2218      1.59702   403.795013   548.225994   1577.77522      0.78161   127.338379     69.36008     57.97829    63.009849    63.576479            0   289.345127   285.431756   218.395233     5.428525     0.392412
        2219     0.986603   403.739014    548.46826  1578.291836     0.903451   126.472188    68.652789    57.819413    63.029416    63.463232            0   289.465872   285.631879   218.476044     4.947278    -0.082801
        2220     0.245183      403.681   547.902585  1578.420873     0.917315   126.941143    68.761309    58.179796    63.903067    63.652043            0   289.564979   285.752958   218.177689     5.674978    -0.380059
        2221    -0.112774   403.623993   548.069136  1577.699422     1.048871   127.764135    68.990995    58.773121    64.641487     63.58908            0   289.665242   285.966994    217.93544     5.235383    -0.330956
        2222      1.05503   403.565002     548.2195   1576.93934     0.832262     128.1351    69.655304    58.479798    63.891161    63.638031            0   289.461175   285.643634   218.082184     5.866907     0.506952
        2223     1.870047   403.506989   548.775569  1577.135966     0.818307   127.431081    69.473184    57.957884    62.867755    63.432565            0   289.294234   285.388907   218.297729     5.484563     0.368184
        2224     1.707138   403.447998   548.411915  1578.248127     0.928855    125.92592    68.484337    57.441597    62.142367    63.609482            0   289.321744   285.398629   218.348373     5.238495     0.354954
        2225     1.089543   403.389008   548.790123  1578.921217     1.023596   128.439045    69.644832     58.79424    64.030949    63.725681            0   289.558366   285.734777   218.315033     5.540915    -0.978358
        2226    -2.003079    403.32901   548.703417  1577.665331     0.924682   127.066574    68.205504    58.861082    65.572933    63.703111            0   289.771098    286.10379   218.420151     4.589087    -0.613936
        2227     0.374703   403.269012   547.598815  1576.721556     0.879454   126.019002    68.456175    57.562848    63.396154    63.507634            0   289.372128    285.56919   218.498306     6.053123     1.055255
        2228     1.602116   403.208008   547.620875  1577.155123     0.875966   127.408839    69.420844    57.988007    63.110114    63.706878            0    289.33959   285.521866   218.545807     5.691894     0.163197
        2229     1.831298   403.147003   548.392084  1577.609691     1.015883   127.913513    69.682308    58.231173    63.300252    63.631426            0   289.431084   285.547579   218.546997     5.279705    -0.123395
        2230     0.768102   403.085999   548.768803  1577.592388     1.103906   128.108007    69.477976    58.630001    64.242156    63.488757            0   289.575215   285.700711   218.604385      5.61253    -0.736095
        2231     -1.74077   403.024994   548.935181  1575.875868     0.975685   127.812539    68.612701    59.199856    65.748637    63.674803            0   289.836938   286.219002   218.726379     4.771502    -0.357313
        2232    -0.232687   402.963013   547.850219  1574.846683     0.835786   125.964284    68.343916    57.620369    63.839581    63.561561            0   289.410784   285.761294   218.520782     5.867315     0.751165
        2233     2.717166   402.901001   548.108671  1575.279276     0.973481   127.389506    69.657199    57.732346    62.377213    63.337151            0   289.282701    285.40623   218.164978     6.061557     0.527345
        2234     2.099651   402.838013   549.114942  1576.160994     0.752532   127.742724     69.71472    58.028006    62.825296    63.965294            0   289.398414   285.543384   218.021759     4.743153      0.25828
        2235     0.936426   402.774994   549.106982  1576.934686     0.801208   127.245258    69.172502    58.072761    63.509008    63.681734            0   289.445859   285.432689   217.782196     5.498724    -0.600967
        2236     0.330766   402.712006   549.411854  1576.601438     0.864517   128.409264     69.59086    58.818421    64.593925    63.791904            0    289.61972   285.821471    217.46611     5.494067    -0.468773
        2237     0.542307   402.648987   550.037831  1575.828497     0.855512   128.745019    69.815184    58.929847    64.591496    63.838638            0   289.612567   285.776503   217.500763     5.350556     0.020083
        2238    -0.366967   402.584991    550.31628  1574.739878     1.009062   127.593528    68.823792    58.769731    64.620436    63.563377            0   289.624414   285.962464   217.941238     4.981972      0.03156
        2239     1.266139   402.520996   550.053243  1574.410116     0.904429     127.6768    69.434582    58.242222    63.480205    63.877153            0   289.375027   285.594747   218.315704     5.820462     0.726709
        2240     2.327646   402.455994   550.188101  1575.281252     0.694285   128.495059    70.192713    58.302404    62.959209    64.105752            0   289.204038   285.284306   218.394897     5.952045     0.275408
        2241     1.663388   402.391998   550.593513  1576.539497     0.711333   126.836625    69.115478    57.721167    62.580671    63.856743            0   289.193626   285.228243   218.440659     4.853304     0.017827
        2242     1.739362   402.326996   550.457966  1577.701268     0.837495   127.192471    69.147631    58.044849    62.666524    63.778284            0   289.345015   285.492693   218.445328     5.504885    -0.050011
        2243    -0.970114   402.260986   550.454821  1577.585885     0.840069    127.60235    68.722218    58.880104    64.956484    63.629658            0     289.5861   285.941291   218.363251     5.095734    -1.211443
        2244     0.106869   402.195007   549.652464  1577.151185     0.852317   125.982061    68.252893    57.729165    63.428194    63.624608            0   289.285243   285.387146   218.110794     5.430645     0.631113
        2245      1.48535   402.128998   549.115029  1577.597969     1.003991   126.584505     68.83053    57.754006    62.794129    63.587547            0   289.215695   285.292944   217.932114     5.780387     0.346634
        2246     1.237787   402.062988   548.755618  1578.557568      1.03555   126.112564    68.549225    57.563343    62.765082    63.797843            0   289.233939   285.187294   218.155579     5.110789     0.073162
        2247     0.477213   401.996002   548.755315  1578.663427      1.11591   128.135205    69.380332    58.754904    64.435221     63.53903            0   289.574193   285.707224   218.237152     5.841574     -1.00205
        2248    -1.457892   401.928986   548.587497  1577.078548      1.07998   127.009282    68.302947    58.706314    65.268294    63.542092            0   289.658807    285.94876   218.009827     4.928694    -0.141324
        2249     0.851127      401.862   548.417217   1576.06397     0.951294   126.767543    68.885705    57.881853    63.430664    63.155845            0   289.362045    285.51608   217.820801     5.900124      0.73976
        2250     1.527082   401.795013   548.033476  1576.588892     1.120988   125.630471    68.462506    57.167977    62.494031    63.380188            0   289.230706   285.323334   217.846481     5.466048     0.361234
        2251     1.443666   401.729004   547.952741  1577.610737     1.114629   125.188167    68.129605    57.058551    62.250698    63.417514            0   289.270006   285.236203   217.702194     4.792838     0.144971
        2252     1.802609   401.661987   548.209162  1577.934756      1.29891    129.73761    70.646522    59.091085    64.590784    64.020602            0   289.584452   285.703939   217.471268     6.369502    -0.894201
        2253     -0.38329   401.596008    548.85586   1576.71104     1.176215   128.191564    69.158881    59.032718    65.191698    63.506698            0   289.737918    286.01194   217.223801     5.005451    -0.461284
        2254      1.42924   401.528992   548.912622  1576.111218     0.986248   127.207761    69.232607    57.975123    63.238963    63.680148            0   289.429117   285.570321   217.323639     5.495728     1.041007
        2255     1.585634   401.463013   548.682189  1577.090316     0.706001   126.578563     68.97462    57.603946    62.545983     63.86872            0   289.238745   285.212266   217.372787      5.33633     0.343639
        2256     2.471178   401.395996   549.392762  1578.088764     0.876555   129.293058    70.487244     58.80584     63.31631    64.059921            0   289.404202   285.479736   217.485641     5.716724    -0.254837
        2257     0.429777    401.32901    550.03185  1578.123341     0.984856   128.334511    69.448701    58.885842     64.42447    63.780795            0   289.541446   285.712699   217.711792     5.028785    -0.678252
        2258     0.296495   401.260986   549.602107  1577.955018     0.809974   126.563141    68.592858    57.970278    63.515339    63.819213            0   289.484546   285.628475   217.963501     5.203392     0.472197
        2259     1.160415      401.194   549.491884  1578.137505     0.803676   127.508177    69.395745    58.112461    63.447116    63.739367            0   289.346384   285.499197   218.118668     5.766572     0.109764
        2260     1.408158   401.127014   549.590851  1578.621309     0.911528   127.826615    69.546482    58.280146    63.441529    63.864063            0   289.372545   285.547469   218.222763      5.58344     -0.06127
        2261     0.579984    401.05899   549.834329  1578.563153     1.118773   128.425619    69.423227    59.002401    64.372627    63.735021            0    289.63915   285.933917   218.212662     5.444719    -0.579449
        2262     -0.27647   400.990997   549.625056  1577.707057      0.92161   126.591043    68.380458    58.210617    63.967237    63.539041            0   289.459869   285.604975   218.458572     5.050658       0.4279
        2263     2.725214   400.923004   549.364419   1578.49359     0.847416   127.148274    69.525437    57.622864    62.025626    63.828084            0    289.19754   285.217036   218.684845     5.957964     1.015924
        2264     1.925494   400.855011   549.893482  1579.939262     0.872378   128.031876    69.786181    58.245694    63.088069    63.953762            0   289.352759   285.446338   218.928238     5.303357    -0.579979
        2265     0.795108   400.787994   549.764947  1580.571011     0.988104   126.818413      68.8415    57.976917    63.433306    63.731456            0   289.430531   285.596895   218.768188     5.238575      -0.3336
        2266    -0.200045   400.720001   549.630072  1580.128928     1.219986   127.589677    69.012158    58.577502    64.828494    63.643443            0   289.608887   285.903152   218.710938     5.503607    -0.742967
        2267     0.040135   400.652008   549.143876  1579.100226     1.058356   126.621161    68.545333    58.075818    63.958271    63.419832            0   289.497442   285.694266   218.692169     5.611708     0.490263
        2268     1.343256   400.584015   548.603937  1579.427154     1.103979   125.940252    68.583053    57.357188    62.734284    63.541364            0   289.269656   285.370489   218.587158      5.58164     0.480152
        2269     1.439354   400.515991   548.633189  1580.092701     0.951732    126.78331    69.089447    57.693892    63.029523    63.454124            0   289.249912   285.366765   218.279816     5.606042    -0.240946
        2270      2.60084   400.447998   550.025833  1580.192865     0.884014   130.144962     71.14116    59.003771    63.833211    63.954525            0   289.407042   285.466646    218.30983     5.794022      0.02115
        2271     1.614192   400.380005   551.139933    1580.3693     0.912508   128.941249    70.166214    58.775013    63.873129    63.957394            0   289.437072   285.618178   218.337646     5.094742     -0.09217
        2272    -0.680229   400.312012   551.350298   1579.91916     0.962418   128.351477     69.22083    59.130668    65.270666    64.295487            0   289.602443   285.858812   218.207138     4.714957     -0.52504
        2273    -0.047852   400.244995   550.335059  1579.416984       0.8208   126.209983    68.439576    57.770406    63.743769    63.798721            0   289.425089   285.646911   218.011719     5.656096     0.557129
        2274      2.43953   400.177002   550.483118  1579.979711      0.91433   127.545218    69.704675    57.840524      62.6097    63.768782            0   289.200609   285.264511   217.928925     5.787852     0.596355
        2275     2.222271   400.109985   550.914768  1580.947123     1.037325    129.06978    70.354837    58.714942    63.587658    64.106351            0   289.382533   285.440929   218.037384     5.816838    -0.448719
        2276      -0.8944   400.041992   551.213041  1580.527094     0.848765   128.007721    69.078342    58.929352    65.217194    64.199666            0   289.563494   285.727932   218.159744      4.58043      -0.5975
        2277     0.760037   399.975006    550.23402  1580.610707     0.856961   125.594577    68.223284     57.37126    62.737016      63.7838            0   289.280665   285.377526   218.146637     5.418538     0.963171
        2278     1.782091    399.90799    549.88496  1581.577648     0.813617   127.056075    69.333426    57.722641    62.791398    63.608782            0   289.173061   285.215062   218.071793     6.073712    -0.149557
        2279     1.312816   399.841003   550.214712  1582.390022     0.850106    127.15863    69.272459    57.886151    63.248206    63.849101            0    289.35241   285.473903   217.899338     5.093626    -0.211478
        2280     1.017093    399.77301   550.534941  1582.314532      0.86907   129.094954    70.239579    58.855373    64.532095    64.126751            0   289.463013   285.569201   217.597183       5.7926    -0.329854
        2281    -1.305506   399.707001   550.777637  1581.371771     0.913431   127.432042    68.581212    58.850811     65.26745    63.786983            0   289.654915   286.009178   217.318192     4.551552    -0.537706
        2282     0.275847   399.640015   550.165827   1580.57581     0.808014    126.84888    68.681534    58.167343    63.665556    63.619975            0   289.502534   285.694461   217.323196     5.673372      0.75038
        2283     1.737925   399.572998   549.868231  1581.127338     0.913557   126.840564    69.137493    57.703092    62.763361    63.603799            0    289.26684   285.351148   217.322388      5.83127      0.28891
        2284     1.237145   399.506012   549.996887  1581.943585     0.988867   127.115326    69.207333    57.908049    63.405429    63.810671            0   289.261928   285.326408   217.211685      5.26795    -0.411005
        2285      1.50459   399.440002   549.932604  1582.306551     0.869314   127.329783    69.346648     57.98313    63.181685    63.819569            0   289.313874    285.31671   217.040726     5.591366     0.274919
        2286     0.745978   399.373993   550.624419  1582.246261     0.987585   128.891575    69.864521    59.027051    64.560669    63.785453            0    289.61069   285.838963   217.124588     5.387255    -0.714925
        2287     -2.18367   399.307007    550.87801  1580.601548     0.997648   127.265396    68.311981    58.953397    65.937142    63.652897            0   289.753524   286.179923   217.240417     4.405512    -0.639533
        2288    -0.293093   399.240997   549.565331  1579.415922     0.885363   125.778979     68.21861    57.560415    63.835737    63.635442            0   289.345502   285.558635   217.218811     5.895801     0.985331
        2289     2.005507   399.174988   549.540308  1579.727473     0.910456   127.133036    69.385967    57.747082    62.766878    63.670831            0   289.236335   285.412725   216.944183     5.740146     0.592402
        2290     2.307943   399.109985   549.863484  1580.574926     0.961064   127.619928    69.672208    57.947699    62.805627    63.710179            0   289.333265   285.434025   216.824036     5.638875     0.057099
        2291     2.147522   399.044006   551.077477  1581.200674     0.936749   129.563029    70.537669    59.025374    63.806952    63.898419            0   289.538232   285.711452   216.671707     5.425243    -0.534282
        2292    -1.818937   398.977997   551.379775  1580.369563     1.027155   127.219081    68.292561    58.926479     65.59682    63.836183            0      289.726   285.975237   216.680756     4.154121    -0.929526
        2293    -0.233638   398.912994   549.820135   1579.39756      0.89018   125.178258    67.806164    57.372083    63.427863    63.563535            0   289.412922   285.631111   216.426971     5.802279     1.107677
        2294     1.513302   398.846985   549.293022  1580.249936     0.912053   125.435314    68.278815    57.156502    62.179878    63.387704            0   289.164143   285.153285    216.19574      5.41822      0.35545
        2295      0.40431   398.782013   548.693265  1580.855383     0.867882   125.774615    68.373924    57.400672    63.356363    63.382231            0   289.257635   285.277207   215.953445     5.591469    -0.579579
        2296     0.640456    398.71701   548.509546  1580.903694     0.832075   126.926225    68.867884    58.058348    63.572649    63.767912            0   289.438891   285.542944   215.658401     5.283684     0.146953
        2297    -1.182835   398.652008   548.421271   1580.01234     0.896963   127.447693     68.70112    58.746534    65.290992    63.611094            0   289.638631   285.993059   215.635406      5.17834    -0.788545
        2298     0.431134   398.587006   548.309138  1578.985156      0.73717   127.124414     69.08219    58.042252    63.888998    63.461906            0   289.419323   285.626356   215.756607      5.73239     0.600091
        2299     2.355998    398.52301    548.86582  1579.272806     0.715718   127.909884    69.940334    57.969541    62.812007    63.679081            0   289.257231   285.364936   215.673065     5.704581     0.579424
        2300     2.723218   398.458008   550.007233  1580.206346     0.768306   128.510439    70.343784    58.166642    62.877944    63.805744            0   289.274631   285.358041   215.830536      5.39664     -0.00574