        time     emission          CO2         cveg        csoil        fgco2         fgpp         fnpp           ra          frh     fvegsoil         fluc          tas     tas_land        cprod     fcvegout    fcsoilout
      1850.0     0.637878   283.688113   364.080753   620.527866     0.303237    95.896893    39.096537    56.800355    37.383283    37.736099     0.087904   285.762883   279.367678     4.505964     2.010029     0.266033
      1851.0    -0.256425   283.817829   363.516871   620.571096     0.223349    95.247176    38.617195    56.629981    37.641403    37.457601     0.195755   285.944023   279.546292     5.149535     1.723476    -0.227031
      1852.0    -0.212359   283.967489   363.038697   620.570772     0.306795    94.489912    38.378864    56.111048    37.496173    37.453521     0.201824   285.928993   279.450945     5.639196     1.403517    -0.042329
      1853.0     0.020407   284.097205   362.412915   620.365269     0.320832    94.133418    38.318026    55.815392    37.161683    36.846465     0.206721   286.007691   279.582427     6.074002     2.097343    -0.109715
      1854.0     0.551796   284.216934   362.637854   620.102074     0.438222    95.759765    39.162087    56.597678    37.529367    37.563966     0.212655   286.103015   279.662443     6.452266     1.373183     0.297794
      1855.0     0.865723   284.306730   362.743399   620.008779     0.490053    96.671440    39.594786    57.076653    37.630645    37.654267     0.218410   286.013387   279.716260     6.783233     1.834973     0.116917
      1856.0     0.081167   284.416471   362.599394   620.189818     0.548488    95.495362    38.791052    56.704310    37.636334    37.585795     0.224131   286.135029   279.743787     7.059479     1.349262    -0.231578
      1857.0     0.225054   284.566162   362.146526   619.848360     0.332295    95.543948    39.034391    56.509557    37.628307    37.465829     0.227377   286.094374   279.718855     7.294482     2.021430     0.178980
      1858.0     1.688948   284.735767   362.844629   619.904889     0.403031    98.688844    40.728590    57.960254    37.937220    38.249043     0.230978   286.033290   279.742633     7.471447     1.781444     0.255293
      1859.0     0.136266   284.915360   363.064313   620.345808     0.388334    97.079538    39.463306    57.616231    38.170815    38.242970     0.234893   286.151899   279.759349     7.608608     1.000652    -0.368764
      1860.0     0.345729   285.104940   362.349322   620.287710     0.453633    95.864182    39.145932    56.718250    37.732256    37.806080     0.239896   285.980995   279.433597     7.741871     2.054844     0.131922
      1861.0    -0.038976   285.294520   361.972769   620.320709     0.312276    95.167951    38.706077    56.461874    37.597870    37.594063     0.202449   286.164050   279.775982     7.546594     1.488568    -0.036805
      1862.0     1.421345   285.464156   361.920025   620.524228     0.436989    95.719147    39.441103    56.278044    36.988442    37.364692     0.200354   285.768597   279.320913     7.384470     2.129155     0.172731
      1863.0     1.622039   285.633761   362.615842   620.737659     0.564250    98.018095    40.390601    57.627494    37.793756    38.054646     0.198204   285.898868   279.326687     7.234024     1.640138     0.047460
      1864.0     0.142383   285.803396   362.616409   621.067231     0.272667    96.384987    39.206196    57.178792    37.842754    38.181349     0.196961   285.991900   279.455002     7.109716     1.024280     0.009023
      1865.0    -0.047993   285.973002   362.042857   621.073757     0.350836    96.023602    39.076650    56.946952    37.989584    37.404121     0.194873   286.109226   279.639250     7.005541     2.246081    -0.591987
      1866.0    -0.495471   286.142637   361.775287   620.787594     0.518159    95.184145    38.533816    56.650328    38.067706    37.935936     0.193008   286.239563   279.970838     6.925471     0.865449     0.154392
      1867.0    -0.115626   286.312273   360.686052   620.268561     0.424067    93.278330    37.959950    55.318380    37.051280    36.528683     0.190689   286.093220   279.710092     6.868980     2.520502    -0.003564
      1868.0     1.195701   286.471890   361.252260   620.183997     0.298102    96.843589    39.905249    56.938340    37.459022    37.707544     0.189322   285.947524   279.626749     6.832730     1.631497     0.333086
      1869.0     0.997196   286.591649   361.540560   620.420745     0.368838    97.205449    40.004891    57.200557    37.744432    37.879490     0.187065   285.897458   279.367175     6.817376     1.837100    -0.101689
      1870.0     0.032211   286.721335   361.526808   620.583176     0.366828    95.742416    38.860601    56.881815    37.611173    37.820178     0.185354   286.023983   279.543985     6.785831     1.054176     0.046574
      1871.0    -0.435294   286.851051   360.433576   620.555810     0.367370    94.316351    38.342430    55.973922    37.430156    37.182085     0.259890   286.109419   279.673831     7.364721     2.253576    -0.220705
      1872.0     0.511862   287.020686   360.692567   620.280711     0.292314    97.073907    39.714608    57.359299    37.806697    37.843932     0.264370   286.214789   279.897180     7.884590     1.611685     0.312334
      1873.0     0.301187   287.220223   360.534306   620.300125     0.432273    95.891130    39.102688    56.788442    37.613393    37.701926     0.266893   286.219322   279.945213     8.357700     1.559022     0.069120
      1874.0     0.740294   287.419791   359.763649   620.235365     0.552968    96.067270    39.470876    56.596394    37.595463    37.083618     0.270297   286.128850   279.675301     8.777380     3.157915    -0.447085
      1875.0     2.299584   287.649291   360.752511   620.314915     0.523371    99.832251    41.464573    58.367677    37.989859    38.491049     0.272573   286.036120   279.532854     9.158412     1.984663     0.421640
      1876.0     0.582221   287.878760   360.942441   620.728195     0.574729    98.279025    39.999631    58.279394    38.330632    38.569765     0.276379   286.149039   279.787977     9.503185     1.239935    -0.174148
      1877.0     0.064964   288.108260   360.370676   620.670786     0.550302    97.017121    39.421548    57.595573    38.245819    38.028916     0.278774   286.163432   279.920799     9.799819     1.964396    -0.159493
      1878.0     1.906338   288.347717   360.486201   620.661223     0.654484    99.307426    41.155448    58.151978    38.184850    38.738132     0.282020   286.054073   279.623005    10.055782     2.301792     0.562845
      1879.0     1.873206   288.577217   360.778455   621.242034     0.640481    98.912088    40.866807    58.045282    37.899366    38.282559     0.285308   285.981580   279.543234    10.267137     2.291993    -0.197618
      1880.0     0.466740   288.826661   360.812125   621.547199     0.611380    97.413008    39.704472    57.708536    38.082931    38.444985     0.289690   286.058608   279.706977    10.416486     1.225817     0.056889
      1881.0     1.002103   289.096050   360.243235   621.510536     0.706375    97.111906    39.804873    57.307033    37.877059    37.559951     0.275890   285.966625   279.656847    10.377034     2.813811    -0.280446
      1882.0     1.342811   289.375427   360.429439   621.463926     0.646631    97.721590    40.184485    57.537105    37.798474    37.991915     0.274246   285.812055   279.320880    10.330750     2.006366     0.240051
      1883.0     1.420964   289.614914   360.623833   621.961711     0.600902    97.544664    40.158559    57.386105    37.564450    38.098081     0.273294   285.722505   279.306070    10.297709     1.866084     0.035845
      1884.0     1.245489   289.864358   360.334743   622.350189     0.700779    96.704296    39.746021    56.958276    37.514475    37.784954     0.273095   285.568850   278.873267    10.281576     2.250156    -0.117999
      1885.0     0.861900   290.153692   359.992930   622.713858     0.518126    95.652146    39.213401    56.438745    37.324577    37.479444     0.271665   285.650082   279.080484    10.285337     2.075771    -0.208801
      1886.0     1.051363   290.453043   360.375341   622.728237     0.501667    97.858188    40.100484    57.757704    37.911388    38.134274     0.270306   285.790153   279.309553    10.287945     1.583800     0.208506
      1887.0     1.661794   290.762352   360.182331   622.726804     0.422953    98.607728    40.846387    57.761341    37.933843    38.001571     0.268599   285.729619   279.283249    10.306999     3.037826     0.069161
      1888.0     1.207572   291.111580   360.757264   623.135409     0.537607    98.256560    40.398631    57.857928    38.170489    38.502553     0.268621   285.727548   279.205125    10.350010     1.321146    -0.076540
      1889.0     1.616912   291.460778   360.643580   623.334552     0.426363    98.643071    40.719224    57.923847    37.937687    38.322442     0.266505   285.723761   279.221969    10.392305     2.510466     0.185612
      1890.0     1.061415   291.810006   360.661390   623.669863     0.493883    98.356144    40.452057    57.904087    38.244626    38.425636     0.265468   285.942239   279.476809    10.461343     2.008612    -0.154301
      1891.0     0.364741   292.169222   360.028782   623.779429     0.574908    95.801770    39.041740    56.760029    37.662642    37.613340     0.310582   285.801354   279.110388    10.830896     2.061008    -0.158868
      1892.0     1.301196   292.518450   359.808487   623.548012     0.586681    98.629733    40.791063    57.838670    38.330733    38.157014     0.312588   286.008717   279.695890    11.174771     2.854344     0.057698
      1893.0     1.857285   292.827759   360.079593   623.618272     0.585425    99.219545    41.106495    58.113050    37.958268    38.158053     0.313439   285.816563   279.283876    11.501837     2.677336     0.129524
      1894.0     0.994247   293.137067   360.322780   623.851098     0.653936    98.714301    40.564710    58.149591    38.347112    38.464518     0.315550   285.975911   279.533235    11.799540     1.857006    -0.115420
      1895.0     0.043107   293.426401   359.597031   623.721172     0.627311    97.161189    39.622939    57.538249    38.299556    38.193505     0.317470   286.100811   279.753273    12.085156     2.155182     0.023876
      1896.0     2.181834   293.705777   359.413867   623.671944     0.601152    99.674300    41.563333    58.110967    38.001110    37.844359     0.320417   285.888297   279.406798    12.351924     3.902139    -0.107523
      1897.0     1.662964   293.995141   360.310842   624.125756     0.693296   100.235228    41.264474    58.970755    38.353191    39.030629     0.321428   285.960971   279.628607    12.597185     1.336869     0.223627
      1898.0     0.805915   294.294493   360.013728   624.463191     0.570731    98.760147    40.505695    58.254451    38.338081    38.724712     0.323312   285.962305   279.444735    12.814149     2.078098     0.049195
      1899.0     0.134360   294.643691   359.080148   624.657726     0.710627    96.761260    39.502858    57.258402    38.209326    38.086343     0.325058   286.108425   279.729912    13.013118     2.350096    -0.317518
      1900.0     0.717818   295.012894   358.149400   624.437846     0.714590    96.366602    39.650210    56.716392    37.830520    37.836379     0.326707   286.152448   279.875886    13.225368     2.744578     0.225738
      1901.0     2.257446   295.352135   358.563870   624.218895     0.715768    99.700293    41.525097    58.175195    38.067985    38.009127     0.325660   286.006697   279.648890    13.405761     3.101500     0.160094
      1902.0     2.204415   295.671400   359.259313   624.603276     0.711377   100.659368    41.888087    58.771281    38.327534    39.039638     0.325868   285.990951   279.486303    13.467500     2.153005     0.327723
      1903.0    -0.054881   295.990696   358.696926   624.953209     0.923888    96.241088    39.208106    57.032982    38.115450    38.124051     0.325492   285.988949   279.467785    13.522890     1.646443    -0.341331
      1904.0     0.370978   296.290048   357.178239   624.844165     0.853333    95.721191    39.389645    56.331546    37.833546    37.483930     0.325633   285.940914   279.404298    13.623034     3.424401    -0.240571
      1905.0     1.599259   296.629289   357.271069   624.612267     0.722406    97.542147    40.477528    57.064619    37.598127    37.453351     0.323783   285.890155   279.418881    13.713229     2.931348     0.087121
      1906.0     1.340194   296.998461   357.396361   624.602734     0.632231    98.569014    40.748054    57.820960    37.964491    38.278942     0.323310   285.884436   279.385686    13.808410     2.343819     0.323985
      1907.0     1.627710   297.437486   357.459007   624.820170     0.759684    98.705797    40.829701    57.876096    38.093407    38.217952     0.322677   285.874695   279.270658    13.913868     2.549102    -0.092891
      1908.0     1.109319   297.856536   357.013856   624.860391     0.730727    98.658530    40.622759    58.035771    38.339981    38.381882     0.322864   286.079958   279.531401    14.026178     2.686027     0.001681
      1909.0     1.058339   298.275615   356.591492   624.924036     0.719480    97.916931    40.373770    57.543161    38.155375    38.200145     0.322236   286.089833   279.643280    14.150271     2.595989    -0.018875
      1910.0     2.658132   298.714640   356.994401   624.815623     0.766355   101.028245    42.234413    58.793831    38.512190    38.290623     0.320832   286.083998   279.625005    14.332491     3.540881    -0.113153
      1911.0     1.830398   299.163622   357.789150   624.989690     0.748009   101.566071    42.000353    59.565718    38.972865    39.326560     0.332170   286.129229   279.693649    14.446059     1.879043     0.179627
      1912.0     1.657913   299.682485   357.477764   625.238388     0.918204    99.988345    41.309081    58.679264    38.779814    39.131752     0.332282   286.048785   279.471153    14.581151     2.488715     0.103240
      1913.0     2.422775   300.241238   357.074854   625.394491     0.931031    99.673045    41.486917    58.186128    38.248207    38.325542     0.330951   285.900212   279.240946    14.714410     3.564285    -0.078768
      1914.0     2.252731   300.750115   357.398479   625.709253     0.944226    99.999698    41.496568    58.503130    38.314623    38.715393     0.330720   285.919714   279.369066    14.851878     2.457549     0.086008
      1915.0     1.493932   301.268948   357.473523   625.908488     0.845634   100.739684    41.638178    59.101507    39.128336    39.023578     0.330339   286.082133   279.547111    14.981207     2.539556    -0.303993
      1916.0     0.435755   301.807756   356.427196   625.673574     0.906991    97.617933    39.857149    57.760784    38.541417    38.384122     0.331008   286.229627   279.909686    15.108665     2.519354     0.077619
      1917.0     3.086319   302.336577   356.196750   625.481272     1.106642   100.398555    42.051096    58.347459    38.270029    38.214383     0.329406   286.076245   279.819765    15.246617     4.067159     0.136655
      1918.0     2.193258   302.775602   357.089095   625.816921     1.083611   101.175595    41.989026    59.186569    38.764395    39.176989     0.329384   286.051904   279.571028    15.373192     1.919693     0.076945
      1919.0     1.745726   303.134787   356.539585   625.941869     0.989584    99.822246    41.370639    58.451606    38.307837    38.427117     0.329427   285.945098   279.403784    15.510418     3.493032    -0.005668
      1920.0     1.273041   303.573812   356.500149   626.151565     0.909834    99.686931    40.990795    58.696136    38.474705    38.585326     0.329685   286.094656   279.665382    15.661105     2.444906    -0.099075
      1921.0     1.680753   303.923040   356.425032   625.988072     0.991840   100.840876    41.795826    59.045050    38.679818    38.673600     0.363609   286.237574   279.912806    15.899261     3.197342     0.157275
      1922.0     2.330816   304.262281   356.488730   626.307924     0.976710   101.438574    42.368807    59.069767    38.577001    38.867487     0.364080   285.884395   279.493123    16.116232     3.437622    -0.029365
      1923.0     2.238725   304.591534   356.899604   626.712216     0.943683   101.934716    42.437009    59.497706    38.643993    39.200905     0.365602   285.818107   279.258243    16.327988     2.825230     0.152620
      1924.0     1.551312   304.950750   356.696453   627.048102     0.982108   101.713254    42.226501    59.486754    39.160470    39.182274     0.367476   286.090841   279.535913    16.517635     3.247378    -0.314082
      1925.0     0.906197   305.130342   356.347702   626.998312     0.845436   100.865458    41.676487    59.188971    38.815124    38.854889     0.367840   286.012936   279.719734    16.713818     3.170349     0.089554
      1926.0     1.096332   305.270046   356.334928   627.313507     0.923753   101.912668    42.298787    59.613881    39.120896    39.440192     0.368623   286.124334   279.781290    16.901348     2.871369     0.004101
      1927.0     2.064152   305.499515   356.500425   627.378113     0.824855   102.702296    42.935630    59.766666    38.854584    39.223829     0.369403   286.016844   279.704896    17.092424     3.546304     0.304640
      1928.0     1.753167   305.649176   356.936660   627.810736     0.901756   103.606169    43.255412    60.350757    39.288278    39.918707     0.371545   286.080701   279.665967    17.271214     2.900471     0.197806
      1929.0     0.277139   305.808824   356.401996   628.338248     0.848611   101.200020    41.916334    59.283686    39.421353    39.589450     0.370926   286.215339   279.752661    17.447506     2.861548    -0.359415
      1930.0     1.503245   305.938540   355.899721   628.272191     0.777319   102.072854    42.792818    59.280036    38.942198    38.929739     0.371982   286.063600   279.591362    17.616764     4.365354     0.053599
      1931.0     2.318786   306.138107   356.395002   628.835294     0.855090   103.730143    43.598924    60.131219    39.056186    39.649759     0.423811   285.929372   279.619739    17.950787     3.453885     0.030469
      1932.0     0.913742   306.407496   356.410103   629.201957     0.882271   101.706334    42.022331    59.684003    39.081906    39.431522     0.426264   286.123908   279.638606    18.267250     2.575707    -0.017046
      1933.0    -0.338533   306.716805   355.146324   629.338516     0.864439    98.523835    40.385630    58.138205    38.763369    38.787144     0.425823   286.230321   279.766414    18.557043     2.862264    -0.112783
      1934.0     0.367530   307.095965   353.617061   628.951429     0.917761    98.072212    40.670969    57.401242    38.621809    37.821041     0.426313   286.241408   279.916516    18.840437     4.379193    -0.413681
      1935.0     1.635518   307.544977   353.663768   628.681678     0.807308    99.985896    41.730954    58.254942    38.374407    38.440007     0.427694   286.129756   279.654481    19.126619     3.244240     0.335350
      1936.0     2.871165   308.323242   353.748338   628.835377     0.904968   101.975097    42.614785    59.360313    38.776184    39.010493     0.429316   286.205576   279.660971    19.375883     3.519722     0.080610
      1937.0     2.527071   309.071576   353.910305   628.871403     0.950387   103.299685    43.110496    60.189189    39.482405    39.691939     0.429639   286.382794   280.067757    19.595263     3.256590     0.173508
      1938.0     1.955276   309.600396   353.617243   629.044158     0.954669   102.716392    42.908428    59.807964    39.467484    39.563894     0.430383   286.324079   279.969954    19.787844     3.637596    -0.076346
      1939.0     3.385317   310.159149   354.298634   629.368911     0.907872   105.353111    44.436418    60.916692    39.414939    40.015186     0.432056   286.177314   279.715296    19.965300     3.739841     0.275495
      1940.0     2.401202   310.667995   354.486706   629.986290     0.893553   104.125590    43.613835    60.511755    39.500090    40.160064     0.435300   286.107504   279.624227    20.140717     3.265699     0.042595
      1941.0     1.732294   311.117007   354.185613   630.475610     1.023394   103.980105    43.372554    60.607551    39.812759    40.037398     0.568570   286.256751   279.866334    20.639679     3.636249    -0.264681
      1942.0     0.350326   311.476223   353.348871   630.258341     0.941095   102.459913    42.411363    60.048551    39.905461    39.488942     0.571533   286.509004   280.152222    21.155827     3.759164    -0.199251
      1943.0     1.362684   311.695735   352.863186   630.136915     0.981553   103.968104    43.490408    60.477696    39.657407    39.584378     0.573738   286.456051   280.128678    21.633801     4.391715     0.048398
      1944.0     1.584346   311.715680   353.091065   630.351336     0.861233   105.009718    44.138834    60.870884    39.458033    39.978714     0.577520   286.310736   279.798110    22.065851     3.932241     0.306261
      1945.0     0.988078   311.685748   353.319026   630.932868     0.925045   104.807444    43.889928    60.917516    39.721342    40.341959     0.579113   286.322326   279.865821    22.459684     3.320008     0.039085
      1946.0     0.625227   311.695735   352.603756   631.325445     0.697754   104.359214    43.772719    60.586494    39.785818    39.984467     0.580810   286.251841   279.706855    22.830093     4.503524    -0.193928
      1947.0     0.978631   311.795489   352.394010   631.614814     0.721899   104.394328    43.824034    60.570295    39.683550    40.139421     0.583399   286.344620   279.892080    23.172430     3.894359     0.166502
      1948.0     0.348695   311.825421   352.172588   631.912505     0.921928   104.574855    43.591733    60.983123    40.140993    40.108202     0.588022   286.438033   280.257786    23.477324     3.704953    -0.330482
      1949.0     0.308857   311.935192   351.461594   632.070150     0.875292   102.900924    42.793953    60.106971    39.478215    40.019413     0.589378   286.370662   280.037923    23.673880     3.485534     0.383553
      1950.0     2.086864   312.124772   350.955946   632.483976     0.847639   104.939685    44.484932    60.454753    39.543888    39.894168     0.591380   286.234608   279.851519    23.874393     5.096412    -0.063546
      1951.0     0.397201   312.314353   350.604322   632.867730     0.941064   103.732693    43.319509    60.413184    39.962517    40.125104     0.734287   286.392864   279.976302    24.574062     3.546029    -0.221166
      1952.0    -0.064385   312.643606   349.640205   632.732259     0.775825   103.216082    43.066198    60.149884    40.191534    40.175633     0.740218   286.534572   280.150391    25.209970     3.854683     0.119569
      1953.0     1.122585   313.032754   348.493783   632.657207     0.788802   103.853844    43.721254    60.132590    39.875377    39.872783     0.740249   286.419098   280.060209    25.858400     4.994892     0.072458
      1954.0     2.369590   313.391939   348.870188   632.820655     0.796225   106.508271    45.208984    61.299287    39.927857    40.330545     0.741736   286.303744   279.877571    26.422106     4.502034     0.239240
      1955.0     1.524797   313.711235   348.840385   633.369896     0.869311   106.644512    44.907896    61.736617    40.379454    40.738362     0.745750   286.431649   280.068290    26.934826     4.199337    -0.190333
      1956.0     0.365740   314.000599   347.836720   633.641621     0.908060   104.878436    43.959095    60.919341    40.520690    40.660599     0.751899   286.467510   280.002936    27.404774     4.302161    -0.131816
      1957.0     0.448549   314.289933   346.765663   633.778257     1.004804   104.239174    43.754483    60.484691    40.338016    40.487775     0.753411   286.578092   280.273664    27.820889     4.337765     0.013123
      1958.0     0.637722   314.639161   345.399986   633.551593     0.912336   103.968168    43.852480    60.115688    40.268333    39.979374     0.755300   286.600778   280.312663    28.195253     5.238783    -0.062295
      1959.0     2.167115   315.108117   345.358047   633.833925     1.054967   105.443055    44.741160    60.701895    39.956260    40.464051     0.756956   286.361032   279.845550    28.507858     4.319048     0.225460
      1960.0     2.182269   315.916315   344.730827   634.111265     0.958424   105.586556    44.509651    61.076905    40.262593    40.540962     0.762505   286.448061   280.015867    28.777800     4.595909     0.001029
      1961.0     2.280517   316.594796   344.595454   634.299482     1.089152   105.678956    44.713049    60.965906    40.303707    40.633659     0.549395   286.461579   280.075006    28.157103     4.214764     0.141735
      1962.0     1.535088   317.333172   343.916617   634.248047     1.030208   105.218568    44.231858    60.986710    40.591361    40.465612     0.543100   286.687032   280.441122    27.603264     4.445082    -0.074314
      1963.0     2.787377   317.941802   343.477198   634.398853     1.211662   105.614583    44.870668    60.743916    39.817120    40.164839     0.536991   286.491861   280.211146    27.139383     5.145248     0.196913
      1964.0     3.100820   318.620283   343.855220   634.703449     1.175789   107.156305    45.558578    61.597727    40.355280    40.831051     0.532768   286.374718   279.833338    26.771542     4.349505     0.171175
      1965.0     1.844713   319.109215   343.398951   634.888093     1.200829   105.377699    44.511249    60.866451    40.219723    40.160879     0.524935   286.422436   280.030732    26.444002     4.806639    -0.243488
      1966.0     4.102266   320.166857   343.608140   635.039298     1.234207   107.393237    45.719904    61.673333    40.430574    40.549067     0.517819   286.433470   280.134443    26.207127     4.961648    -0.032712
      1967.0     2.234053   320.765529   343.256505   635.414981     1.270387   105.614828    44.587150    61.027678    40.115552    40.699291     0.511749   286.451179   280.104764    26.031326     4.239494     0.208057
      1968.0     2.466940   321.673511   342.806838   635.821724     1.264880   105.601546    44.474988    61.126559    40.422116    40.732709     0.506488   286.451264   280.045322    25.924740     4.191946    -0.096150
      1969.0     2.767275   322.531585   342.045557   635.694119     1.191912   106.065439    45.008186    61.057252    40.476743    40.502786     0.498353   286.531160   280.272314    25.891270     5.266680     0.153648
      1970.0     5.766285   324.058183   342.430994   636.071475     1.376951   108.577409    46.498697    62.078712    40.580514    40.888437     0.492254   286.337027   279.918310    25.954811     5.224824    -0.069433
      1971.0     3.850372   324.676800   343.455972   636.528801     1.373972   110.587103    47.301285    63.285818    41.226705    41.950388     0.470811   286.374797   280.084448    25.974920     4.325919     0.266356
      1972.0     4.906304   326.622479   342.995090   636.925544     1.546238   107.144512    45.137150    62.007362    41.047497    41.102837     0.471593   286.508155   280.131076    25.992584     4.495195    -0.341403
      1973.0     6.703068   329.176787   342.679051   636.760668     1.686867   108.035139    45.686237    62.348902    41.182453    41.158697     0.470076   286.663332   280.505318    26.039450     4.843579     0.141120
      1974.0     4.294359   330.024904   342.541086   637.020319     1.590978   108.046742    46.160486    61.886256    40.435263    40.764637     0.467897   286.409959   280.227932    26.090450     5.533814     0.069723
      1975.0     2.959268   330.094725   343.308128   637.616811     1.549409   110.204616    47.100417    63.104200    40.797834    41.658095     0.467793   286.384698   280.065983    26.080240     4.675281     0.263769
      1976.0     2.985487   330.803169   343.239586   638.049227     1.507762   109.877657    46.578993    63.298664    41.574513    41.695445     0.468319   286.539013   280.291269    26.178207     4.952090    -0.311484
      1977.0     5.729694   332.609144   343.337707   638.270602     1.569913   109.494052    46.535120    62.958931    41.370884    41.777572     0.466001   286.533096   280.280289    26.258533     4.659427     0.185314
      1978.0     5.991591   334.265458   343.620142   638.476539     1.680763   110.206505    47.100320    63.106184    41.300104    41.574098     0.465399   286.491791   280.168586    26.369242     5.243788     0.068057
      1979.0     4.853976   335.851921   343.784466   638.924430     1.764600   108.781086    45.979677    62.801409    41.233434    41.657200     0.464112   286.565411   280.293609    26.489433     4.158153    -0.024126
      1980.0     6.722861   337.947260   343.484078   638.929189     1.893842   109.930713    46.863648    63.067065    41.418724    41.396175     0.464653   286.713853   280.558394    26.579058     5.767861    -0.027308
      1981.0     5.664588   339.304222   344.021130   639.233382     1.747675   111.774258    47.973878    63.800380    41.795341    42.339077     0.520468   286.615192   280.235502    26.914309     5.097749     0.239542
      1982.0     5.116801   339.882950   344.784205   640.005928     1.647853   113.040757    48.855149    64.185608    41.406466    42.469894     0.522892   286.341408   279.870204    27.288240     5.622180     0.290883
      1983.0     7.160772   341.509302   345.672164   641.269600     1.755209   113.238948    48.941565    64.297382    41.662872    42.873987     0.525423   286.197392   279.638940    27.732122     5.179619    -0.052557
      1984.0     6.201999   343.245456   345.791195   642.391522     1.807659   112.351834    48.063586    64.288248    42.003480    43.045141     0.529346   286.350785   280.006482    28.192959     4.899414    -0.080262
      1985.0     6.446761   344.692215   346.187426   643.094825     1.686363   113.796074    48.992139    64.803934    41.920738    42.819972     0.529997   286.259096   279.853971    28.556293     5.775937     0.195931
      1986.0     5.748103   346.129017   346.827528   644.159374     1.806527   114.293559    48.979816    65.313743    42.571837    43.604984     0.532507   286.565884   280.347443    28.927914     4.734730    -0.031403
      1987.0     5.734021   347.994856   346.439889   644.464848     2.010713   112.657160    47.978390    64.678770    42.652550    42.809264     0.535508   286.807910   280.560573    29.278442     5.556764    -0.148760
      1988.0     6.678016   350.499287   346.036811   644.553051     2.116924   112.069267    47.487819    64.581448    42.754521    42.484877     0.538860   287.014788   280.804296    29.616497     5.406021    -0.357847
      1989.0     5.847940   352.105725   345.697925   644.130636     2.127247   114.011201    48.896506    65.114694    43.046198    42.855145     0.539201   287.163912   281.099410    29.919416     6.380248     0.231362
      1990.0     6.841897   353.283095   346.941966   644.552033     2.090038   116.502450    50.500770    66.001680    42.511957    43.674091     0.541521   286.740338   280.467512    30.152149     5.582638     0.740737
      1991.0     6.762123   354.560249   348.198988   645.714046     2.049869   117.027978    50.606534    66.421444    43.021996    43.936930     0.429831   286.655225   280.269157    29.804300     5.412582    -0.247078
      1992.0     5.175723   355.438298   348.819344   646.550335     2.010274   115.712882    49.700428    66.012454    42.908343    43.825702     0.429187   286.559342   280.224181    29.483315     5.254370     0.081070
      1993.0     4.583308   356.126767   349.358907   647.347589     2.036797   115.237747    49.513195    65.724552    42.774425    43.642726     0.425340   286.607971   280.383756    29.254805     5.330906     0.071047
      1994.0     6.038108   357.453798   349.692453   647.932072     2.058787   116.313644    50.007244    66.306400    43.195174    43.597383     0.422692   286.675130   280.365480    29.054907     6.076315    -0.182273
      1995.0     7.630071   359.439365   350.848979   648.328508     2.146638   117.881386    50.615057    67.266329    43.639970    44.217138     0.420154   286.882123   280.789945    28.935581     5.241394     0.180731
      1996.0     6.774818   361.195464   351.503839   648.879906     2.182461   117.975670    50.526462    67.449208    43.839827    44.519389     0.418534   286.969592   280.835860    28.780649     5.352212     0.128165
      1997.0     6.047720   362.442686   351.722539   649.235174     2.156150   117.383778    50.465611    66.918167    43.573254    43.945570     0.414588   286.897257   280.745107    28.753677     6.301341     0.017048
      1998.0    10.347336   365.116722   353.367982   650.009644     2.335354   120.315372    52.147410    68.167962    44.093584    45.046615     0.412043   286.800601   280.608768    28.689316     5.455352     0.178561
      1999.0     7.756412   367.022481   354.243559   650.808485     2.417390   119.156177    51.066879    68.089298    44.027437    44.970053     0.410564   286.893076   280.741039    28.716539     5.221250     0.143775
      2000.0     5.583859   368.299635   354.554087   651.202068     2.302661   118.858231    50.993941    67.864290    44.619430    44.804151     0.409213   286.981493   280.793767    28.873077     5.879262    -0.208862
      2001.0     7.139952   369.846208   355.004705   651.647947     2.334537   119.201049    51.380174    67.820875    44.141635    44.359913     0.493073   286.888733   280.822353    29.341032     6.569644    -0.227601
      2002.0     8.836016   372.001381   356.282226   652.191901     2.279723   120.361497    52.119991    68.241506    44.432905    45.238088     0.398859   286.797288   280.509708    29.130510     5.604382     0.261228
      2003.0     9.424117   374.575664   357.352312   652.942518     2.365276   121.851310    52.488856    69.362455    44.797436    45.723646     0.625329   286.892138   280.840931    29.410900     5.695123     0.175594
      2004.0     8.175571   376.152139   358.240116   653.894814     2.438940   123.681003    53.645377    70.035626    45.095046    46.120730     0.657720   286.886254   280.765451    30.333521     6.636843     0.073388
      2005.0     7.196804   378.067885   359.010745   654.540204     2.547347   121.538090    51.972219    69.565871    45.370099    45.981266     0.434247   287.183180   281.192871    30.651354     5.220324    -0.034223
      2006.0     7.914277   380.163224   359.380965   654.779528     2.401580   121.320143    52.175933    69.144210    45.248825    45.353836     0.433647   287.197630   281.131539    30.460632     6.451876    -0.134312
      2007.0     8.708628   381.749687   360.963378   655.430039     2.348079   124.105145    53.868311    70.236834    45.022552    45.813230     0.418540   286.939732   280.873888    30.388241     6.472667     0.140168
      2008.0     9.721091   383.884915   363.032334   656.443392     2.417881   125.608319    54.369727    71.238592    45.540517    47.237146     0.477254   287.022871   280.792261    30.380501     5.063625     0.683276
      2009.0     6.003093   385.421501   363.879863   657.348322     2.500814   123.621278    52.723364    70.897914    46.498814    46.599841     0.527328   287.444877   281.554698    30.351175     5.275994    -0.803904
      2010.0     7.386409   387.856080   362.862149   657.294477     2.633907   121.550950    51.956967    69.593983    45.814539    45.833373     1.070137   287.493109   281.638214    32.335564     7.141307     0.072680
      2011.0    10.056349   390.071148   364.481498   657.585228     2.689912   125.412756    54.487890    70.924867    45.607029    46.521730     0.594004   287.118483   281.124062    32.598217     6.346811     0.623950
      2012.0     8.812438   392.146512   365.975185   658.508443     2.734920   126.444188    54.598367    71.845820    46.474536    47.385227     0.559259   287.356768   281.373470    32.761871     5.719454    -0.012523
      2013.0     8.881625   394.840523   365.782249   659.204343     2.681700   124.438246    53.622298    70.815948    46.341377    47.005899     0.992389   287.333080   281.356964    33.812046     6.809336    -0.031379
      2014.0     8.536769   396.666442   366.376325   659.889384     2.661253   125.893906    54.559264    71.334642    45.783689    46.583378     0.801317   287.207440   281.271848    34.705627     7.381810     0.114649
      2015.0    11.123387   399.061133   368.299331   660.751055     2.732635   129.071301    56.257720    72.813581    46.291608    47.501148     0.625375   287.318286   281.410691    34.709534     6.833567     0.347868
      2016.0    10.890913   402.224071   369.882779   661.462484     2.754457   128.284944    55.370381    72.914563    47.400135    47.919317     0.476462   287.646644   281.787962    34.509235     5.867616    -0.192246
      2017.0     9.148812   404.888150   370.295938   661.751596     2.875410   126.167153    54.151512    72.015641    46.890470    47.142770     0.490172   287.779580   282.001867    34.377911     6.595582    -0.036812
      2018.0    13.251221   407.851550   372.109231   662.342725     3.035422   132.014136    57.952574    74.061562    47.241032    48.116742     0.498133   287.510898   281.544806    34.215649     8.022539     0.284581
      2019.0    10.999287   410.874815   373.451226   663.369567     2.979198   128.570243    55.420813    73.149430    46.972107    48.045835     0.504495   287.479037   281.548279    34.083366     6.032982     0.046886
      2020.0    11.597044   413.967932   374.420160   664.273679     3.047685   128.251998    55.647423    72.604575    46.889725    47.778381     0.510047   287.487627   281.399934    33.999870     6.900108    -0.015456
      2021.0     9.849472   417.130869   374.587045   664.748093     3.185376   125.744196    53.852171    71.892026    46.970098    47.162580     0.721576   287.690264   281.717012    34.557705     6.522706    -0.281933
      2022.0    12.057414   420.393591   375.418346   664.940319     3.109090   128.789562    55.962312    72.827250    46.822625    47.638058     0.726283   287.442132   281.371709    35.101032     7.492953     0.623207
      2023.0    12.937261   423.776071   376.942178   665.547507     3.119847   131.528873    57.403678    74.125195    47.466840    47.921727     0.733616   287.493809   281.561455    35.654949     7.958120    -0.152301
      2024.0    13.714812   427.268293   378.858174   666.587242     3.193051   133.992382    58.663091    75.329290    47.986481    49.578961     0.736830   287.546857   281.505755    36.270561     7.168134     0.552745
      2025.0    12.918699   430.870255   379.942178   667.763499     3.285897   132.639163    57.676870    74.962293    48.159899    49.356462     0.738304   287.597374   281.679816    36.904900     7.236403     0.020306
      2026.0    14.103334   434.581988   381.340441   668.824893     3.223916   135.338970    59.184972    76.153998    48.475937    49.565740     0.745489   287.621997   281.747488    37.464882     8.220970     0.028409
      2027.0    13.109620   438.403493   382.216842   669.897120     3.509182   133.386821    58.007450    75.379371    48.743350    49.794173     0.750711   287.729415   281.865173    37.969212     7.336876    -0.021405
      2028.0    13.087542   442.324752   383.076719   670.608753     3.551265   133.677134    57.966594    75.710540    48.965925    49.735249     0.756653   287.898944   282.078404    38.411938     7.371469     0.057691
      2029.0    13.640454   446.365739   383.584714   670.982671     3.533097   134.472426    58.492535    75.979891    49.119280    49.568607     0.757102   288.089440   282.402495    38.800060     8.415933     0.075409
      2030.0    13.476457   450.506540   384.241795   671.292830     3.693960   133.343897    57.852660    75.491237    48.947859    49.345088     0.760543   288.004649   282.276427    39.108498     7.850491     0.087071
      2031.0    16.301111   454.767039   385.810607   671.992114     3.784956   135.311891    59.514585    75.797306    48.334372    49.312181     0.565078   287.702303   281.764868    38.375851     8.633591     0.278526
      2032.0    16.056533   459.137309   388.075370   673.179874     3.840403   136.949195    60.227308    76.721887    49.461361    50.697895     0.559823   287.674067   281.806382    37.731205     7.264650     0.048775
      2033.0    16.524208   463.647253   389.860131   674.365875     3.871625   137.778692    60.445334    77.333358    49.417966    50.787222     0.552384   287.656723   281.722920    37.163837     7.873351     0.183254
      2034.0    16.823473   468.286912   391.568641   675.660110     3.935205   138.773964    61.042706    77.731258    49.800691    51.266521     0.545221   287.788674   281.857229    36.668533     8.067675     0.171594
      2035.0    17.151662   473.056287   393.099749   676.717925     4.054304   138.846631    60.953752    77.892879    50.047617    50.769873     0.539019   287.770383   282.018620    36.254124     8.652771    -0.335559
      2036.0    17.426958   477.955379   395.358599   677.504638     4.043400   141.370256    62.031244    79.339012    50.699533    52.050565     0.536204   287.929665   282.198172    35.938698     7.721828     0.564318
      2037.0    18.216378   482.994173   397.378033   678.831974     4.195959   142.116055    62.596962    79.519094    50.954443    52.480050     0.527969   287.928558   282.180956    35.697327     8.097478     0.198271
      2038.0    16.818330   488.162654   399.000287   679.613449     4.157991   141.010048    61.423013    79.587035    51.376457    51.767027     0.522886   288.252125   282.569434    35.550438     8.033733    -0.390905
      2039.0    17.529310   493.470837   399.979285   680.016441     4.345213   139.593281    60.852714    78.740567    50.621359    51.206259     0.516223   288.214379   282.588899    35.479927     8.667456     0.181908
      2040.0    20.301416   500.116039   400.400850   681.075050     4.507502   142.457019    62.467850    79.989169    51.501221    52.176242     1.506483   288.212068   282.462919    38.952438     9.870043    -0.383588
      2041.0    18.005373   505.753476   402.401350   681.299331     4.492156   140.875608    61.135086    79.740522    51.346060    51.663866     0.255494   288.526499   282.933341    38.224850     7.470720     0.093526
      2042.0    18.169468   511.331018   403.633625   681.154166     4.444022   140.775024    61.370700    79.404324    51.351036    51.517724     0.251014   288.654789   283.161554    37.577667     8.620702     0.311853
      2043.0    20.474697   516.669165   406.769953   681.678414     4.413492   145.833493    64.517657    81.315836    51.480673    52.321168     0.246858   288.465497   282.886956    37.027824     9.060161     0.316248
      2044.0    18.095299   521.777781   410.094239   682.762787     4.491011   145.446101    63.409150    82.036951    52.220280    53.404817     0.245760   288.572001   282.922746    36.536388     6.680047     0.100164
      2045.0    17.784549   526.666915   411.805439   683.100032     4.427178   145.880332    63.587898    82.292434    52.395439    52.478539     0.241167   288.713090   283.315642    36.121784     9.398159    -0.254144
      2046.0    16.431171   531.346494   414.047945   683.636665     4.452008   144.291696    62.716428    81.575268    52.152524    52.943208     0.245355   288.728122   283.192344    35.787354     7.530714     0.254051
      2047.0    17.118156   535.826505   416.063645   683.984612     4.386264   145.838491    63.918845    81.919645    52.128896    52.729211     0.253309   288.670941   283.096478    35.545506     9.173934     0.252369
      2048.0    18.194717   540.116937   419.184562   684.535577     4.433171   151.068236    66.815743    84.252492    53.400450    54.008213     0.253873   288.732734   283.266307    35.388592     9.686613     0.056798
      2049.0    15.098154   544.197813   421.705596   685.467414     4.405060   148.170823    64.355621    83.815202    53.456239    54.380572     0.256597   288.834082   283.380255    35.322086     7.454015    -0.007505
      2050.0    15.173570   548.099157   423.805451   686.005776     4.229045   148.549385    64.918464    83.630920    53.321938    54.010935     0.258948   288.823257   283.243945    35.399639     8.807675     0.150635
      2051.0    15.781555   551.800933   425.221455   686.904808     4.332310   149.642476    66.041243    83.601233    53.125394    54.084415     0.567239   288.663721   283.174238    37.711033    10.540823     0.059989
      2052.0    15.626543   555.233230   428.100300   688.227604     4.386128   152.992612    67.816721    85.175891    54.144914    55.748090     0.597958   288.581550   282.938804    39.888126     9.189786     0.280380
      2053.0    11.587917   558.276500   429.016232   689.417439     4.148703   148.835729    64.876791    83.958938    54.057352    54.565565     0.626461   289.020617   283.700474    41.987122     9.395293    -0.681622
      2054.0    12.164008   560.970450   429.422831   689.636149     4.094579   149.022257    65.598336    83.423921    53.300714    53.610894     0.651799   288.921455   283.457416    43.964840    11.580844     0.091471
      2055.0    12.271325   563.295289   432.528201   690.409937     4.023712   153.840307    68.009913    85.830394    54.232592    55.552675     0.681621   288.941375   283.442952    45.863590     9.351868     0.546295
      2056.0     8.181348   565.270930   432.914516   691.532777     3.836126   146.885230    63.697044    83.188186    53.324134    53.855893     0.720194   288.939663   283.460144    47.675194     9.454836    -0.591082
      2057.0    10.005068   566.897251   434.089442   691.745251     3.838111   153.199337    67.895098    85.304239    54.372498    54.772524     0.768790   289.057417   283.521022    49.464676    11.947648     0.187552
      2058.0     8.132088   568.174436   435.136648   692.196419     3.776377   151.758618    67.014512    84.744106    54.218615    54.537890     0.827021   288.966294   283.546277    51.249699    11.429416    -0.131893
      2059.0     8.910020   569.112349   436.941651   692.873351     3.693612   155.149658    69.065551    86.084107    54.414086    55.341515     0.874065   288.928058   283.633315    53.008747    11.919033     0.250497
      2060.0     6.498702   569.720979   438.400624   693.845238     3.586776   154.659597    68.430632    86.228965    54.827868    55.788551     0.945804   289.098579   283.641310    54.828724    11.183109    -0.011204
      2061.0     5.371948   569.980411   439.377056   694.361623     3.362640   153.150534    67.887349    85.263185    54.523825    55.172275     0.667004   289.094032   283.526122    53.612190    11.738642     0.132064
      2062.0     6.476131   569.990398   441.661005   695.089432     3.369994   156.799317    69.810783    86.988534    54.977664    55.939555     0.657300   289.002987   283.491980    52.540409    11.587280     0.234082
      2063.0     6.127080   569.800818   443.840293   695.925425     3.309031   158.932297    70.930209    88.002088    55.626137    56.500655     0.666695   289.136326   283.725083    51.619045    12.250268     0.038525
      2064.0     2.741338   569.411670   444.617200   696.660882     3.064311   155.081432    68.469667    86.611765    55.729961    55.941284     0.669871   289.290808   284.012361    50.814285    11.751476    -0.524134
      2065.0     4.341219   568.823015   445.900647   697.243007     2.934592   155.990147    69.671157    86.318990    54.781759    55.658278     0.677530   288.963948   283.513693    50.133175    12.729432     0.294394
      2066.0     2.902478   568.034732   447.410741   698.229673     2.976802   155.858379    69.158593    86.699786    55.400847    55.945343     0.687437   289.086091   283.638556    49.589138    11.703155    -0.442170
      2067.0     1.581716   567.046942   447.964787   698.360629     2.765240   154.926431    68.816941    86.109490    55.426063    55.778188     0.716255   289.236427   283.874654    49.266323    12.484707     0.221169
      2068.0     0.978993   565.859585   448.692633   698.570136     2.659393   155.070737    68.992907    86.077830    55.478979    55.573497     0.782882   289.243242   283.847096    49.167900    12.691565    -0.114990
      2069.0     1.720101   564.462672   449.548844   699.017389     2.692289   155.968709    69.727127    86.241582    55.053390    55.929720     0.911362   289.031389   283.661934    49.444878    12.941195     0.429077
      2070.0     1.961524   562.876239   451.216656   699.936250     2.616059   158.952716    71.403382    87.549334    55.602121    56.598100     0.990063   289.008611   283.614966    49.998997    13.137471     0.077118
      2071.0     0.564723   561.090240   452.818404   700.915155     2.406315   155.176682    69.165558    86.011124    55.031096    56.139631     0.225620   289.003731   283.429025    49.168339    11.424179     0.129630
      2072.0    -0.064352   559.184450   454.063803   701.630201     2.342285   154.996987    68.973220    86.023766    55.212215    55.901398     0.219293   289.020279   283.602177    48.404488    11.826424    -0.025863
      2073.0    -0.922603   557.238772   454.681313   702.042432     2.285231   152.050022    67.364710    84.685312    54.532065    54.471606     0.212727   289.036878   283.504499    47.731373    12.275593    -0.472690
      2074.0    -0.904092   555.253205   456.055815   702.064802     2.148859   152.008835    67.473066    84.535769    54.394298    54.746136     0.206156   289.078173   283.538435    47.127327    11.352427     0.329468
      2075.0     0.798582   553.227748   457.376691   702.350564     2.122722   154.784956    69.413450    85.371506    54.316645    54.733618     0.199247   288.980340   283.550113    46.571178    13.358957     0.131210
      2076.0     0.107068   551.152354   459.690571   703.211305     2.103006   156.170628    69.749877    86.420751    55.191389    56.302422     0.193250   288.961461   283.496704    46.136166    11.133574     0.250292
      2077.0    -2.179636   549.027083   459.971783   703.973703     1.989816   151.116165    66.893636    84.222529    54.565351    54.725276     0.186811   289.083441   283.789038    45.777573    11.887149    -0.602472
      2078.0    -1.014156   546.841947   461.303911   704.086899     1.876135   153.849552    68.608757    85.240795    54.845297    55.286226     0.179118   289.038860   283.621012    45.484814    11.990403     0.327732
      2079.0    -0.504753   544.606935   462.482254   704.449447     1.841255   154.386462    69.104554    85.281907    54.676541    55.251743     0.170589   289.047240   283.737118    45.273304    12.674468     0.212655
      2080.0    -1.264191   542.322047   464.064885   705.233309     1.814092   154.809431    69.084821    85.724610    55.118365    55.768527     0.161474   288.951896   283.472031    45.252876    11.733662    -0.133700
      2081.0    -3.996720   539.977233   464.123104   705.491115     1.601481   150.013772    66.442516    83.571256    54.607115    54.925780     0.148303   289.192375   283.805913    45.322739    11.458517     0.060859
      2082.0    -0.371484   537.602518   465.024508   705.613017     1.540806   154.890190    69.975919    84.914271    54.636095    54.854952     0.154277   289.071311   283.618590    45.371399    14.219563     0.096954
      2083.0    -1.728074   535.247777   467.270166   706.443061     1.607288   154.905109    69.185705    85.719405    55.341817    55.979832     0.166825   288.985280   283.499754    45.434769    10.960214    -0.192029
      2084.0    -0.690723   532.893037   468.565180   706.959111     1.380847   157.754880    71.046839    86.708041    55.620816    56.660420     0.194854   288.829326   283.241309    45.529991    13.091405     0.523555
      2085.0    -1.610948   530.538236   469.992998   708.268093     1.436493   155.761271    69.866701    85.894570    55.296107    56.444720     0.212816   288.855238   283.293550    45.625206    11.994163    -0.160368
      2086.0    -1.679203   528.183495   471.218270   708.953533     1.334538   156.525977    70.158134    86.367844    55.627512    56.268085     0.229834   289.007214   283.544104    45.629372    12.664777    -0.044868
      2087.0    -3.167918   525.828755   471.746301   709.629930     1.247290   154.039366    68.619183    85.420183    55.606221    56.103459     0.233902   289.029141   283.541082    45.711525    11.987693    -0.179159
      2088.0    -1.992503   523.474015   472.462592   710.075351     1.243218   155.204973    69.731018    85.473955    55.430897    56.217344     0.236080   288.883015   283.355790    45.768978    12.797384     0.341026
      2089.0    -2.126631   521.119274   473.452745   710.755305     1.348690   154.926525    69.336537    85.589988    55.442868    55.781168     0.239548   289.001490   283.454828    45.835011    12.565215    -0.341654
      2090.0    -3.883220   518.754486   473.546081   710.915140     1.281213   151.776533    67.415475    84.361058    55.099817    55.427922     0.240957   289.045721   283.410906    45.885773    11.894217     0.168271
      2091.0    -4.653834   516.379831   473.355170   711.186658     1.144213   148.176651    65.483197    82.693454    54.463806    54.383258     0.125476   288.994784   283.595209    45.689571    11.290850    -0.352068
      2092.0    -1.006772   514.015042   474.269771   711.240320     1.084541   153.414425    69.284387    84.130038    54.271312    54.706186     0.125039   288.713193   283.017798    45.500889    13.663599     0.381213
      2093.0    -1.475776   511.660302   476.007071   712.194202     1.097327   154.069624    69.521331    84.548293    54.813487    55.901071     0.124215   288.667769   282.899078    45.320068    11.882960     0.133702
      2094.0    -4.060187   509.325506   477.117608   712.856294     0.862191   152.785308    68.093131    84.692177    55.667863    56.248764     0.123198   288.960260   283.451530    45.177322    10.733831    -0.081191
      2095.0    -3.080976   507.010686   476.659348   713.098417     0.909113   150.582798    67.457226    83.125572    54.519064    54.599008     0.121993   288.808789   283.206364    45.032082    13.316478    -0.162179
      2096.0    -3.298566   504.695834   477.582293   713.496226     1.035048   151.067487    67.447919    83.619568    54.784657    55.291166     0.121151   288.794579   283.172026    44.893566    11.233807     0.108700
      2097.0    -4.406040   502.390971   477.227485   713.854062     0.910597   147.716555    65.677437    82.039118    54.270719    54.176241     0.119132   288.835350   283.322054    44.766521    11.856004    -0.452315
      2098.0    -2.436050   500.096064   478.128123   713.591935     0.965033   152.253514    68.274756    83.978758    54.743951    55.087836     0.117419   288.927595   283.533566    44.678478    12.286282     0.606012
      2099.0    -3.251298   497.821133   478.557851   714.179084     0.824081   150.659174    67.167741    83.491432    54.459520    54.842106     0.115988   288.856339   283.356359    44.650463    11.895908    -0.204563
      2100.0    -2.372275   495.536244   479.353512   714.704217     0.787240   152.093200    68.449871    83.643329    54.736715    55.571529     0.114148   288.710151   283.011271    44.607792    12.082682     0.309681
      2101.0    -3.337539   493.271270   480.073276   715.187030     0.667551   151.282704    67.580618    83.702086    54.841822    54.986535     0.101653   288.832361   283.264281    44.525539    11.874319    -0.338101
      2102.0    -3.848946   491.026270   480.345889   715.645370     0.711890   149.182780    66.487845    82.694934    54.428376    54.980767     0.101161   288.729135   283.163046    44.462460    11.234465     0.094052
      2103.0    -3.068965   488.801246   480.408516   715.836230     0.779974   149.586747    67.044094    82.542653    54.276522    54.343431     0.100771   288.719000   283.163309    44.408268    12.638036    -0.123951
      2104.0    -3.999249   486.606123   480.233309   716.241070     0.737368   147.212727    65.969331    81.243396    54.047720    54.625024     0.100682   288.609988   282.795907    44.348911    11.519513     0.172464
      2105.0    -2.315102   484.440932   480.746768   716.529469     0.700695   150.315012    67.851585    82.463427    54.375804    54.860773     0.099825   288.602700   282.871523    44.298813    12.477352     0.196570
      2106.0    -4.867904   482.305704   481.089683   716.969949     0.564111   147.859261    65.676404    82.182857    54.665207    54.814748     0.099366   288.745572   283.129026    44.219120    10.518742    -0.290939
      2107.0    -4.352644   480.190421   479.849677   717.342819     0.451880   143.979603    64.079447    79.900156    52.844507    53.206319     0.098879   288.544244   282.883393    44.152264    12.113134    -0.011058
      2108.0    -2.266538   478.105070   480.502852   717.800486     0.558661   147.829555    66.449650    81.379905    53.333327    54.158027     0.098650   288.441417   282.584444    44.083035    11.638449     0.367033
      2109.0    -4.564870   476.039663   480.501191   718.291034     0.550848   146.223605    64.963957    81.259648    53.834539    53.864678     0.097920   288.763212   283.162896    44.022491    11.100940    -0.460410
      2110.0    -4.527976   473.994201   479.879103   717.949484     0.365064   146.616144    65.527618    81.088526    54.202517    53.942548     0.097379   288.805656   283.261185    43.977043    12.207157     0.081580
      2111.0    -2.913422   471.978701   480.191054   717.891791     0.543501   147.928212    66.329074    81.599138    53.736217    53.490834     0.096575   288.711865   283.133502    43.921970    12.526288    -0.187689
      2112.0    -3.271750   469.973158   480.458229   718.210955     0.530824   147.470736    66.026694    81.444042    53.788446    54.574408     0.096719   288.536562   282.744460    43.851696    11.185112     0.466798
      2113.0    -4.612454   467.997578   480.343371   718.343896     0.455352   146.041125    64.821801    81.219323    54.028802    53.470557     0.096229   288.757408   283.282944    43.785419    11.466102    -0.691186
      2114.0    -2.580170   466.041913   480.647853   718.370121     0.473173   147.657625    66.300633    81.356991    53.500127    54.039440     0.095952   288.487773   282.744997    43.719669    11.956711     0.513089
      2115.0    -4.392698   464.106252   480.701577   718.956748     0.386930   145.072567    64.594837    80.477729    53.534878    54.251786     0.095686   288.407809   282.625980    43.648048    10.289328     0.130280
      2116.0    -2.832931   462.180518   480.026876   719.234127     0.280489   146.161414    65.745077    80.416337    53.326829    53.236362     0.095675   288.282621   282.530265    43.572239    13.183415    -0.367846
      2117.0    -2.506715   460.284747   480.650156   719.657641     0.396419   146.716955    66.019447    80.697508    53.187378    54.012447     0.095272   288.323897   282.578777    43.505817    11.383720     0.401555
      2118.0    -6.179722   458.398963   479.653431   719.841291     0.420000   141.441621    62.326983    79.114638    53.472828    53.039942     0.095145   288.713956   283.058192    43.432098    10.283766    -0.616536
      2119.0    -3.675025   456.533094   478.684086   719.413800     0.225568   143.505776    64.568658    78.937119    52.943533    52.778452     0.094837   288.455866   282.735989    43.356014    12.759551     0.262410
      2120.0    -3.254438   454.687230   479.119362   719.746368     0.426802   144.151901    64.640551    79.511351    52.810326    53.224396     0.094824   288.428037   282.618348    43.291382    10.980879     0.081503
      2121.0    -3.997421   452.851292   478.682478   719.852608     0.193540   143.050041    63.876005    79.174036    52.919669    52.716199     0.094368   288.449939   282.624460    43.219368    11.596689    -0.309709
      2122.0    -3.467527   451.035360   478.876365   719.921775     0.276041   144.713088    64.826427    79.886661    53.306970    53.916185     0.094085   288.487370   282.735887    43.139061    10.716355     0.540046
      2123.0    -5.285249   449.239343   477.684935   720.054953     0.245476   140.251030    62.119713    78.131317    52.605147    52.048501     0.093804   288.544001   282.886923    43.056641    11.262642    -0.689824
      2124.0    -3.523717   447.453343   477.279044   719.848214     0.161888   142.417981    63.883493    78.534488    52.337908    52.410206     0.093695   288.387279   282.682826    42.983093    11.879179     0.279036
      2125.0    -4.412057   445.677300   477.020554   719.913629     0.211265   141.594069    63.195159    78.398910    52.573828    52.716232     0.093115   288.298829   282.464670    42.903210    10.737417     0.076989
      2126.0    -2.621914   443.921202   477.011565   720.051195     0.103196   144.320083    64.977413    79.342669    52.571252    52.911522     0.092757   288.204721   282.486101    42.813629    12.074881     0.202704
      2127.0    -3.523373   442.185079   476.943108   720.620270     0.085341   143.221973    64.200375    79.021598    52.633284    53.243005     0.092481   288.295695   282.529178    42.716805    11.025827     0.040646
      2128.0    -5.106284   440.458913   475.761164   720.761398     0.073405   139.673698    61.855103    77.818595    52.174366    51.628422     0.092445   288.364320   282.660786    42.622597    11.408626    -0.687073
      2129.0    -3.853004   438.742734   475.296927   720.579862     0.196567   140.983514    62.873541    78.109973    52.107042    52.091796     0.091816   288.373873   282.760175    42.562645    11.245982     0.166290
      2130.0    -4.774444   437.046500   475.051542   720.514545     0.113390   141.035598    62.890909    78.144690    52.783488    53.071055     0.091458   288.435108   282.723926    42.469223    10.065238     0.352884
      2131.0    -3.931695   435.360254   473.899236   720.118169     0.135279   140.886986    62.955364    77.931621    52.192467    51.536855     0.091071   288.452305   282.679555    42.376572    12.570815    -0.259236
      2132.0    -4.033616   433.693982   473.513260   720.082458     0.058705   141.369017    63.217920    78.151097    52.309101    52.183937     0.091213   288.370216   282.507119    42.288940    11.419958    -0.089453
      2133.0    -4.086273   432.037668   473.307565   720.245015     0.227050   141.451342    63.310920    78.140422    52.618526    53.181068     0.090753   288.368924   282.627752    42.192112    10.335548     0.399986
      2134.0    -4.909164   430.391341   472.491790   719.801171     0.122427   141.492690    63.049953    78.442738    53.162403    52.228404     0.090575   288.647629   282.936835    42.104530    11.637323    -0.490155
      2135.0    -3.902067   428.754971   471.652737   719.285765     0.086735   139.992299    62.624661    77.367638    52.033586    51.476142     0.090436   288.341578   282.514443    42.006153    11.987572    -0.042037
      2136.0    -2.223207   427.138577   472.045274   719.457375     0.210155   142.879278    64.277894    78.601384    51.959756    52.517896     0.090509   288.214242   282.382567    41.911388    11.367461     0.386530
      2137.0    -4.200083   425.532169   471.739235   719.736627     0.123360   142.272887    63.495249    78.777638    52.888332    53.084406     0.090143   288.457248   282.713794    41.824253    10.716882    -0.083178
      2138.0    -5.670387   423.935719   470.189532   719.587082     0.098367   137.545024    61.022562    76.522463    52.064019    51.576867     0.089969   288.511416   282.840388    41.714172    10.995397    -0.337607
      2139.0    -1.985511   422.359214   469.976655   719.073939    -0.090113   142.579417    64.498508    78.080908    51.716256    51.789764     0.089653   288.177825   282.342360    41.594273    12.921621     0.586650
      2140.0    -4.619412   420.782739   470.139560   719.861288    -0.063730   140.006677    62.485761    77.520916    52.210336    52.977345     0.089818   288.332025   282.508865    41.486485     9.345511    -0.020340
      2141.0    -4.445995   419.226208   468.984216   719.712984    -0.074441   139.629303    62.280586    77.348717    52.213323    51.672080     0.088920   288.273585   282.366670    41.379635    11.763851    -0.392940
      2142.0    -4.333429   417.719554   468.139925   719.542084    -0.158601   138.662019    61.965539    76.696480    51.808322    51.763564     0.088774   288.166275   282.276135    41.267860    11.046265     0.126143
      2143.0    -4.016396   416.292740   467.484823   719.481472    -0.052557   138.883993    61.959469    76.924524    51.740670    51.566750     0.088597   288.261419   282.469662    41.157196    11.047821    -0.113307
      2144.0    -3.204884   414.955722   466.911995   719.230985    -0.067627   140.725816    63.318817    77.406999    52.218704    52.108815     0.088644   288.277011   282.523953    41.044575    11.782829     0.140598
      2145.0    -3.183414   413.698512   466.413073   719.294071    -0.169250   140.488846    63.002423    77.486423    51.848637    52.063715     0.088271   288.190090   282.505055    40.951271    11.437630     0.151992
      2146.0    -3.236540   412.511154   465.736836   719.609533     0.043227   138.972089    62.106992    76.865098    51.627714    51.738519     0.088141   288.184797   282.362381    40.838177    11.044709    -0.204657
      2147.0    -5.082767   411.403636   464.268096   719.626808    -0.114135   135.898428    60.308615    75.589813    51.599262    51.506293     0.087979   288.290238   282.465550    40.744465    10.271062    -0.110244
      2148.0    -1.840998   410.365939   463.281903   719.158957    -0.192511   139.660225    63.196338    76.463887    51.506260    50.970983     0.087912   288.252296   282.381537    40.647099    13.211547    -0.067426
      2149.0    -3.001401   409.398093   463.474249   719.100139    -0.165393   138.333878    61.778533    76.555345    51.317944    51.280120     0.087573   288.271175   282.479026    40.554020    10.306067     0.020994
      2150.0    -3.863915   408.490112   462.320918   718.927889    -0.084102   135.948376    60.331259    75.617117    51.191048    50.660831     0.087495   288.228189   282.390393    40.458248    10.823759    -0.357967
      2151.0    -1.868047   407.651983   462.233274   718.525876    -0.132729   139.781965    62.726521    77.055444    51.381004    51.584038     0.087243   288.125975   282.356716    40.369537    11.230126     0.605048
      2152.0    -2.171656   406.883705   461.592574   718.756807     0.122132   139.065258    62.153531    76.911727    51.606275    51.880797     0.086935   288.263365   282.570396    40.293392    10.913434     0.043591
      2153.0    -2.654405   406.165304   460.667418   718.439839    -0.013800   139.573838    62.526434    77.047405    52.228443    51.654354     0.086100   288.427202   282.663998    40.208637    11.797235    -0.257121
      2154.0    -4.463289   405.506767   459.463322   717.762426     0.051838   135.570299    59.802268    75.768031    51.688138    50.430102     0.085506   288.621576   283.046346    40.130775    10.576262    -0.580623
      2155.0    -2.484805   404.908095   458.188881   716.739248     0.121845   135.726943    60.511860    75.215083    50.879434    50.307218     0.084813   288.476774   282.842889    40.076324    11.479083     0.450962
      2156.0    -0.615466   404.359329   458.094116   716.542360     0.166517   138.728187    62.462419    76.265768    50.944377    51.025534     0.084346   288.201283   282.310039    40.020771    11.531650     0.278045
      2157.0    -2.532997   403.880385   457.271580   716.624567     0.183007   135.481285    60.212016    75.269270    50.814923    50.790644     0.083532   288.241826   282.506291    39.970543    10.243908    -0.106486
      2158.0    -1.690736   403.451348   456.304851   716.315384     0.370107   136.086466    60.776803    75.309663    50.817533    50.612573     0.082784   288.277191   282.541028    39.919373    11.130959     0.104223
      2159.0    -2.466703   403.072188   455.207356   715.633826     0.348787   135.216589    60.282524    74.934065    51.095923    50.167317     0.082061   288.366912   282.650044    39.871834    11.212702    -0.247048
      2160.0    -1.483463   402.752891   454.152798   714.975918     0.048200   135.333624    60.504870    74.828754    50.490257    49.652808     0.081468   288.255229   282.342421    39.820812    11.906620    -0.179541
      2161.0    -0.741382   402.473515   454.644691   714.825320     0.273200   137.941394    61.778148    76.163246    50.927044    51.213161     0.080447   288.127157   282.282355    39.770618    10.073094     0.436714
      2162.0    -1.462012   402.254003   453.377181   714.699333     0.326149   135.901207    60.519318    75.381889    50.856723    50.510543     0.080216   288.296522   282.639210    39.728722    11.276285    -0.220192
      2163.0    -1.392086   402.094355   452.675880   714.485439     0.290635   135.936904    60.774199    75.162705    50.920436    50.846150     0.079981   288.305555   282.555523    39.683327    10.629350     0.139609
      2164.0     0.229796   401.974626   452.091857   714.163690     0.421699   138.582162    62.364538    76.217625    51.052397    50.452634     0.079920   288.229905   282.411186    39.642155    12.495928    -0.278014
      2165.0     0.237173   401.904774   452.470412   713.986989     0.498605   139.732481    62.535724    77.196756    51.376025    51.492787     0.079541   288.251088   282.654775    39.600334    10.664382     0.293462
      2166.0     0.744896   401.894817   451.880061   714.042877     0.383088   138.671377    62.381138    76.290239    50.732987    50.841017     0.079396   288.080871   282.247698    39.560234    12.130472     0.052142
      2167.0    -0.101458   401.924750   451.591625   714.586762     0.313448   136.626639    61.061432    75.565208    50.415086    50.860322     0.079231   287.975905   281.983717    39.535385    10.489545    -0.098649
      2168.0    -1.861054   402.004558   450.627747   714.551173     0.443079   134.968623    59.786488    75.182136    51.057557    51.132000     0.079247   288.245695   282.398711    39.492435     9.618366     0.110032
      2169.0     0.067359   402.134274   449.297022   714.100545     0.314045   136.046541    60.830990    75.215551    50.633192    49.822631     0.078741   288.244565   282.412586    39.450718    12.339084    -0.359933
      2170.0     0.623477   402.313867   449.264119   713.936876     0.294175   136.582456    61.265582    75.316875    50.282474    50.420744     0.078560   288.051939   282.156850    39.401478    10.877741     0.301938
      2171.0     1.822383   402.533379   450.076904   714.007944     0.283916   141.012254    63.637879    77.374375    51.246893    51.662431     0.078358   288.021400   282.148375    39.358551    11.162663     0.344471
      2172.0    -0.238652   402.762879   449.720818   714.326147     0.534243   138.354843    61.732720    76.622123    51.675365    51.669051     0.078544   288.248984   282.567582    39.319454    10.419755    -0.324518
      2173.0    -0.028765   402.962416   448.118240   714.251906     0.469172   134.712063    60.080693    74.631370    50.113941    49.717391     0.078200   288.104913   282.301782    39.288464    11.965881    -0.322309
      2174.0    -0.083927   403.142039   447.434765   714.220324     0.700373   134.134814    59.671071    74.463742    50.036155    50.195530     0.078092   288.164662   282.314998    39.260506    10.159015     0.190958
      2175.0     0.163585   403.291700   446.667509   713.825022     0.667658   134.633151    60.153314    74.479837    50.029116    49.698976     0.077999   288.127059   282.348014    39.222599    11.221594     0.065162
      2176.0     2.651384   403.431373   447.418527   713.799650     0.562846   140.020399    63.423822    76.596577    50.525896    51.060780     0.078066   287.976596   282.224627    39.193062    11.612025     0.560256
      2177.0    -0.141304   403.541144   447.191250   714.274999     0.688846   135.711150    60.260921    75.450229    50.487809    50.251167     0.077856   288.118170   282.319844    39.166416    10.237031    -0.711990
      2178.0    -0.682051   403.640928   446.051054   713.956567     0.661953   134.315651    59.676672    74.638979    50.382769    50.124034     0.077779   288.095565   282.330685    39.146622    10.692835     0.059696
      2179.0     1.112031   403.720737   445.883125   713.760046     0.639891   136.628683    61.345241    75.283442    50.329715    50.092933     0.077638   288.005710   282.126278    39.117043    11.420237    -0.040261
      2180.0    -0.258661   403.800576   445.456621   713.871103     0.660858   135.325559    60.369013    74.956546    50.267758    50.605052     0.077800   288.143346   282.290230    39.094444    10.190465     0.226238
      2181.0     0.769489   403.860440   444.426676   713.724455     0.531790   135.091799    60.539232    74.552568    49.639739    49.169068     0.077487   288.015194   282.105473    39.066780    12.400109    -0.324022
      2182.0     1.337766   403.910317   445.475532   713.933400     0.649225   137.922208    62.174920    75.747288    50.550865    51.254664     0.077443   287.908413   282.024446    39.028076     9.871400     0.494853
      2183.0     0.159783   403.950237   445.032621   714.079831     0.611091   136.685636    61.086218    75.599418    50.516260    50.423577     0.077422   288.099230   282.271568    39.001904    11.105552    -0.239114
      2184.0    -0.983962   403.980169   444.065757   714.013058     0.599266   134.972066    59.998462    74.973604    50.606862    50.237016     0.077555   288.264114   282.414072    38.984825    10.728310    -0.303073
      2185.0    -1.021560   404.010101   443.246496   713.565920     0.592409   134.048713    59.524107    74.524606    50.198009    49.936103     0.077241   288.300429   282.516886    38.957493    10.407265     0.185232
      2186.0     0.142817   404.020088   442.170405   713.050187     0.794707   135.347205    60.680253    74.666951    50.434849    49.816523     0.077022   288.316061   282.617423    38.927452    11.939821    -0.102593
      2187.0     1.062207   404.030045   442.285165   712.657660     0.715215   137.711299    61.960224    75.751075    50.542459    50.156210     0.076919   288.135051   282.447618    38.902901    11.689254     0.006278
      2188.0     1.989804   404.030045   443.298066   712.902872     0.719775   140.691990    63.637997    77.053993    50.988595    51.737083     0.077107   287.926239   282.041433    38.880402    10.888013     0.503276
      2189.0     0.616533   404.030045   443.168559   713.584363     0.766310   137.467303    61.634237    75.833066    50.526492    50.987284     0.076886   287.905020   282.036080    38.860283    10.776460    -0.220699
      2190.0    -0.659163   404.030045   442.427157   713.656111     0.702572   135.446705    60.242132    75.204573    50.527596    50.452421     0.076818   288.160866   282.312847    38.846630    10.531112    -0.146922
      2191.0    -0.648399   404.020088   441.031197   713.354956     0.639957   133.302907    59.155121    74.147786    49.810878    49.176383     0.076750   288.025576   282.203680    38.830181    11.374698    -0.333341
      2192.0     1.395324   404.000113   441.306696   713.085569     0.708295   137.393501    61.611813    75.781688    50.004901    50.205788     0.076877   287.866204   282.062811    38.795467    11.130526     0.470274
      2193.0     0.795037   403.980169   442.069100   713.314169     0.794228   138.413965    61.934017    76.479948    50.710108    51.224557     0.076653   288.008695   282.166773    38.765652     9.947056     0.285849
      2194.0    -1.268870   403.960194   440.956693   713.147324     0.736814   135.150512    59.879543    75.270969    50.773696    50.393321     0.076608   288.305788   282.703909    38.736938    10.598629    -0.213529
      2195.0    -1.171272   403.940249   438.901126   712.847124     0.687498   130.779764    58.106469    72.673295    49.263030    48.426682     0.076439   288.200040   282.461263    38.699924    11.735355    -0.536148
      2196.0     1.678212   403.910317   439.097326   712.790877     0.707087   135.415289    61.029667    74.385622    49.243554    49.628755     0.076453   287.959927   282.140519    38.672413    11.204712     0.441447
      2197.0     1.394218   403.880385   439.493513   712.912224     0.745838   136.804403    61.520486    75.283917    50.049015    49.978217     0.076234   288.015445   282.004034    38.657169    11.146082    -0.192145
      2198.0    -0.052760   403.850453   439.437140   712.987347     0.526522   135.906995    60.775247    75.131747    50.203909    50.521613     0.076273   287.965188   282.077782    38.648624    10.310007     0.242581
      2199.0     1.566819   403.810533   439.683710   713.122069     0.631728   138.607299    62.460098    76.147201    50.445330    50.481219     0.076192   287.901123   282.099357    38.630886    11.732309    -0.098832
      2200.0    -0.123299   403.780601   439.738795   713.454005     0.705436   136.035032    60.559275    75.475757    50.401709    50.660239     0.076232   287.934194   281.932793    38.615086     9.843951    -0.073406
      2201.0    -0.312253   403.740712   438.981691   713.110320     0.649193   136.285035    60.597219    75.687816    50.520503    50.085629     0.076216   288.196683   282.395655    38.605106    11.268694    -0.091188
      2202.0    -0.528959   403.700792   438.305612   712.860680     0.715439   135.313840    60.468454    74.845385    50.611249    50.051612     0.076136   288.202061   282.308981    38.600956    11.092922    -0.309997
      2203.0     0.601557   403.650885   438.347988   712.476696     0.766298   136.699931    61.114209    75.585722    50.150093    50.467283     0.076062   288.133840   282.330010    38.594837    10.604550     0.701173
      2204.0     0.316994   403.610996   437.981836   712.562571     0.673746   135.241438    60.308028    74.933410    49.827629    49.436109     0.076236   287.965985   282.105512    38.604130    11.238072    -0.477394
      2205.0     0.561555   403.571076   437.978898   712.413841     0.904872   135.821099    60.635064    75.186035    49.899090    50.197733     0.076004   288.007996   282.095242    38.612244    10.440268     0.447373
      2206.0    -0.827369   403.521200   437.107408   712.206707     0.788414   134.503711    59.908491    74.595219    50.481970    49.909611     0.075950   288.207052   282.416871    38.605537    10.870370    -0.365225
      2207.0    -0.118999   403.471293   436.379473   711.951827     0.567976   132.980469    59.235013    73.745456    49.258833    48.851547     0.075875   287.888507   282.007004    38.603172    11.111401    -0.152406
      2208.0     2.024191   403.431373   436.930273   711.875623     0.750274   137.458545    62.010089    75.448456    49.745396    50.067569     0.076064   287.749266   281.739773    38.591633    11.391720     0.398376
      2209.0     0.053157   403.381496   437.121901   712.361712     0.770081   135.403506    60.483021    74.920485    50.053418    50.666652     0.075880   287.837667   281.919463    38.589310     9.624741     0.127146
      2210.0     0.965070   403.331619   436.247216   712.441192     0.636694   136.134190    61.286913    74.847277    49.985710    49.877506     0.075791   287.857179   282.047848    38.594524    12.284092    -0.187684
      2211.0     1.304347   403.271755   437.019120   712.762091     0.536243   137.807099    62.138037    75.669062    50.081011    50.817471     0.075778   287.735663   281.829279    38.592091    10.548661     0.415562
      2212.0    -0.019575   403.221848   437.082460   713.244642     0.806157   137.128996    61.171286    75.957709    50.763030    51.077904     0.076004   287.939324   281.969589    38.583214    10.030043    -0.167678
      2213.0    -0.260495   403.171971   435.607816   712.955260     0.681324   135.019443    60.379334    74.640109    50.225044    49.703093     0.075740   288.052199   282.218588    38.572979    12.150884    -0.232568
      2214.0     1.540928   403.122064   435.942405   712.990012     0.602122   137.083962    61.919581    75.164381    50.014512    50.184455     0.075668   287.790527   281.689308    38.552773    11.400536     0.135190
      2215.0     0.449692   403.062200   436.473995   713.221828     0.646199   136.776306    61.296699    75.479608    50.383513    50.326428     0.075687   287.886757   281.808032    38.546108    10.438680    -0.288900
      2216.0     0.258497   403.012323   436.067679   713.378462     0.533076   135.978532    61.056737    74.921794    50.060772    50.317799     0.075919   287.744890   281.818158    38.540112    11.145254     0.100393
      2217.0     0.174416   402.952459   436.143854   713.566242     0.832931   135.897528    60.824997    75.072531    50.215576    50.668589     0.075700   287.915707   282.029464    38.539017    10.080233     0.265233
      2218.0    -0.034741   402.902552   435.319132   713.348031     0.715985   135.457517    60.628100    74.829417    50.114309    49.849374     0.075621   288.102050   282.382678    38.554943    11.603449    -0.046725
      2219.0     1.310991   402.842688   435.651531   713.507305     0.738922   136.889587    61.521741    75.367845    49.774596    49.885637     0.075541   287.827930   281.999225    38.562462    11.303705    -0.048233
      2220.0     0.916172   402.782824   435.546366   713.857951     0.769678   136.845979    61.281204    75.564775    50.164887    50.222740     0.075726   287.829156   282.003521    38.562653    11.163630    -0.292793
      2221.0     0.774347   402.722959   435.449384   713.772820     0.913097   136.072104    61.079369    74.992736    50.131453    50.302438     0.075544   287.876835   281.983213    38.556374    10.873912     0.256116
      2222.0     0.897437   402.673083   435.499156   713.737088     0.729490   138.112092    62.159439    75.952652    50.609501    50.639118     0.075592   288.008097   282.266065    38.557335    11.470550     0.065349
      2223.0     1.157841   402.613218   435.835404   714.105147     0.730868   138.613046    62.246833    76.366213    50.574753    50.690040     0.075563   287.788936   282.058528    38.549309    11.220544    -0.252773
      2224.0    -0.032420   402.553354   435.727184   714.413317     1.005580   135.958024    60.556345    75.401678    50.374909    50.903230     0.075764   288.047406   282.212895    38.549568     9.761334     0.220152
      2225.0     0.024298   402.493490   434.972894   713.970115     0.770790   136.100393    60.800124    75.300269    50.375907    49.942002     0.075525   288.023892   282.267281    38.542934    11.612412     0.009297
      2226.0     0.969053   402.433595   434.860687   713.965904     0.791555   136.494673    61.245720    75.248953    50.166606    49.950746     0.075504   287.825345   281.862762    38.534725    11.407181    -0.211649
      2227.0     0.302279   402.373731   434.824283   714.314158     0.646078   134.822726    60.155305    74.667421    49.608515    49.984413     0.075538   287.716316   281.788083    38.531200    10.207296     0.027643
      2228.0     0.363667   402.313867   434.529440   714.481120     0.627225   136.017349    60.850674    75.166675    49.997128    50.057564     0.075660   287.806711   281.981867    38.528198    11.087952    -0.106526
      2229.0    -0.425479   402.254003   433.590624   714.557618     0.742698   132.569199    59.013792    73.555407    49.295091    49.298120     0.075434   287.804489   281.865292    38.513718    10.654489    -0.073470
      2230.0     0.256497   402.194138   432.962437   714.242781     0.556587   134.110461    60.312607    73.797854    49.626033    49.221533     0.075383   287.906958   282.038740    38.502174    11.719261    -0.089662
      2231.0    -0.450748   402.124287   433.081056   714.153929     0.748658   133.624702    59.630252    73.994450    49.734339    49.874587     0.075359   287.896197   281.996055    38.493305     9.637046     0.229099
      2232.0    -1.637573   402.064423   431.778883   713.796815     0.759817   131.152459    57.906086    73.246373    49.578687    48.798814     0.075520   288.145103   282.295875    38.486633    10.409445    -0.422759
      2233.0     1.385095   402.004558   431.453096   712.952949     0.645109   135.579601    61.163290    74.416311    49.541660    49.321652     0.075193   288.019845   282.216919    38.480949    12.167426     0.623858
      2234.0     1.093709   401.944694   432.663181   713.147445     0.701392   137.261024    61.568295    75.692730    49.938311    50.098593     0.075167   287.910718   282.084715    38.468342    10.259616    -0.034215
      2235.0     0.628876   401.874842   432.714998   713.315329     0.725903   136.380784    60.977269    75.403515    49.985055    50.179725     0.075166   287.920360   282.045187    38.479416    10.745727     0.026786
      2236.0    -0.051120   401.814978   432.035283   713.499088     0.640932   135.352427    60.491586    74.860841    50.050324    49.796604     0.075371   287.933825   282.030668    38.484032    11.374698    -0.437480
      2237.0     0.316125   401.755114   432.153069   713.105095     0.753016   136.590421    60.967278    75.623143    50.055798    50.149800     0.075102   288.141932   282.360367    38.487339    10.699692     0.487996
      2238.0    -0.066108   401.685262   431.669721   713.011164     0.589609   135.264207    60.328986    74.935220    49.932866    49.636258     0.075086   288.107543   282.356188    38.485161    11.176076    -0.202676
      2239.0     1.576172   401.625398   431.983742   712.926829     0.781567   137.321388    61.708188    75.613200    49.813567    49.740139     0.075043   287.906170   281.990432    38.479862    11.654027     0.010907
      2240.0    -0.683957   401.565534   431.667410   712.971645     0.757787   135.224911    60.141524    75.083386    50.395705    50.329988     0.075286   288.125264   282.199478    38.469521    10.127868    -0.110533
      2241.0    -0.105284   401.495712   430.807636   712.601689     0.819680   134.362361    60.142585    74.219776    49.875051    49.593437     0.074980   288.067724   282.127525    38.453285    11.408922     0.088343
      2242.0    -0.100102   401.435818   430.701733   712.276748     0.724863   135.529693    60.546382    74.983311    50.166963    49.765148     0.074921   288.105356   282.247604    38.446354    10.887137    -0.076875
      2243.0     1.090089   401.365997   431.067425   712.419963     0.667758   137.073344    61.646991    75.426353    50.001569    50.361938     0.074834   287.947221   282.031973    38.427670    10.919360     0.217155
      2244.0    -0.301921   401.306132   430.153028   712.353343     0.536055   133.935245    59.673409    74.261836    49.607766    49.266995     0.075042   287.924630   282.113798    38.439026    11.320811    -0.274152
      2245.0     1.056592   401.236281   430.481515   712.383138     0.449569   135.823317    61.132352    74.690965    49.425241    49.797852     0.074823   287.733377   281.835995    38.439484    11.006014     0.342816
      2246.0     0.553629   401.166429   430.862359   712.745699     0.551699   136.976668    61.334771    75.641896    50.152608    50.321596     0.074812   287.944847   282.105113    38.440384    10.632331    -0.193574
      2247.0    -0.724636   401.106565   430.476668   712.586815     0.647966   135.197266    60.118123    75.079143    50.333560    50.030728     0.074819   288.186656   282.366671    38.440765    10.473086    -0.143947
      2248.0    -1.243817   401.036713   429.287694   712.247047     0.618537   133.068893    59.087472    73.981422    49.808650    49.492283     0.074949   288.286904   282.432373    38.449516    10.784164     0.023400
      2249.0     1.399682   400.966861   429.207572   711.680262     0.670154   136.231834    61.288201    74.943633    49.553867    49.281578     0.074648   288.122892   282.276660    38.471760    12.086744     0.294496
      2250.0     1.325071   400.906997   429.947998   711.935802     0.630760   136.721020    61.478611    75.242409    49.653854    50.021190     0.074667   287.939560   282.016012    38.482925    10.716995     0.111796
      2251.0    -0.389206   400.837176   429.782682   712.300311     0.739297   135.030427    60.026422    75.004005    50.241900    50.099764     0.074620   288.125057   282.296648    38.486458    10.091974    -0.506645
      2252.0    -1.163013   400.767324   428.374442   711.637674     0.667158   132.397784    58.805367    73.592417    49.621630    48.928105     0.074829   288.194027   282.399437    38.481850    11.285502    -0.030888
      2253.0     1.226432   400.707460   428.897002   711.427229     0.700785   136.352992    61.380859    74.972133    49.815039    49.811605     0.074506   288.137327   282.305287    38.471264    11.046693     0.207011
      2254.0     1.566626   400.637608   429.376133   711.459955     0.633241   137.693460    61.826786    75.866674    49.887071    49.899606     0.074530   287.994813   282.122756    38.470901    11.448049    -0.020191
      2255.0     1.549555   400.567756   430.297109   711.749057     0.690202   139.404450    62.786672    76.617778    50.527893    51.356459     0.074592   288.055138   282.080846    38.476398    10.509238     0.539464
      2256.0    -0.349827   400.507892   429.504052   711.819305     0.624495   136.575427    61.056197    75.519231    50.719072    50.061286     0.074840   288.099103   282.153688    38.474560    11.787967    -0.728034
      2257.0     1.787359   400.438040   430.373989   712.103017     0.724888   138.865507    62.620927    76.244579    50.187314    51.326529     0.074600   287.941883   282.062433    38.474205    10.424461     0.855503
      2258.0    -0.928890   400.368219   429.924150   712.555310     0.836763   135.411290    60.140960    75.270330    50.739858    50.365422     0.074622   288.226711   282.417062    38.472260    10.225378    -0.826729
      2259.0    -0.625260   400.298367   428.769532   711.810193     0.794056   134.225940    59.727674    74.498266    50.106216    49.363728     0.074583   288.228490   282.556086    38.462975    11.518563     0.002629
      2260.0     1.695170   400.238503   429.152990   711.584684     0.759417   137.564109    61.729883    75.834225    49.911899    49.868196     0.074648   288.059479   282.398948    38.451168    11.478230     0.181805
      2261.0    -0.496413   400.168651   429.105546   711.668468     0.825091   134.115683    59.547470    74.568213    49.850886    49.796505     0.074499   288.085263   282.329087    38.446842     9.798409    -0.138165
      2262.0    -1.045954   400.098800   427.758565   711.172854     0.773782   132.517733    58.851491    73.666242    49.790653    49.202483     0.074407   288.217247   282.488055    38.443302    10.995989    -0.092556
      2263.0     0.212960   400.028978   427.492941   710.645953     0.773531   133.912818    59.755936    74.156882    49.543392    49.118393     0.074306   288.159649   282.383573    38.428551    10.903167     0.101902
      2264.0     3.292398   399.969084   428.677023   710.397095     0.700095   140.615687    63.838193    76.777494    50.076877    50.184099     0.074489   287.958647   282.143964    38.420029    12.470013     0.356080
      2265.0     1.435347   399.899262   430.074346   711.237024     0.903000   139.122274    62.464283    76.657990    50.477351    51.803599     0.074444   288.019200   282.098307    38.420696     9.263362     0.486319
      2266.0     0.118480   399.829411   429.190519   711.480061     0.677856   136.689486    61.074088    75.615398    50.288252    50.110770     0.074424   288.147061   282.143691    38.422417    11.847146    -0.420519
      2267.0     0.212125   399.759559   429.188530   711.657804     0.602049   136.065534    60.800975    75.264559    49.948815    50.127767     0.074402   288.140212   282.242920    38.417961    10.675196     0.001208
      2268.0    -1.252584   399.689707   428.435275   711.669840     0.694859   133.993937    59.227145    74.766792    50.087568    49.951946     0.074607   288.247092   282.335451    38.408314    10.028454    -0.147657
      2269.0     0.861648   399.629843   427.754867   711.005769     0.766145   136.370017    61.382815    74.987203    50.201430    49.351969     0.074254   288.359502   282.687075    38.397343    12.711254    -0.185390
      2270.0     1.499671   399.560022   428.820783   711.051253     0.620257   137.761445    61.896232    75.865213    49.931052    50.221645     0.074259   288.066028   282.130204    38.396881    10.608670     0.245109
      2271.0     1.174262   399.490170   429.368449   711.484381     0.664925   137.561248    61.577527    75.983721    50.073400    50.502499     0.074348   288.023678   282.013559    38.396507    10.527363    -0.004030
      2272.0    -0.429974   399.420318   428.810431   711.553340     0.649168   135.548354    60.514405    75.033950    50.319470    50.389650     0.074581   288.105953   282.109927    38.378342    10.682772     0.001222
      2273.0     0.333653   399.350466   428.391059   711.450689     0.609934   136.446100    60.955036    75.491064    50.179806    49.824437     0.074306   288.164829   282.439302    38.365437    11.549971    -0.252718
      2274.0    -0.628775   399.290602   428.007121   711.328696     0.762002   133.455487    59.176582    74.278905    49.612048    49.451979     0.074329   288.164969   282.408012    38.350197    10.108542    -0.038076
      2275.0     0.184361   399.220751   427.295524   710.992589     0.537065   133.916285    59.801952    74.114333    49.188217    48.947796     0.074263   288.105079   282.358449    38.327065    11.565752     0.095686
      2276.0     1.729107   399.150929   428.099227   711.366339     0.577385   137.794290    62.155043    75.639246    49.755609    50.387884     0.074394   287.995410   282.073175    38.317421    10.963457     0.258526
      2277.0     1.743214   399.091065   428.784867   711.680979     0.661603   138.845744    62.595044    76.250700    50.291485    50.553577     0.074213   288.069107   282.304599    38.311737    11.355827    -0.052549
      2278.0    -0.334146   399.021213   428.168848   711.985480     0.702425   134.786826    60.002635    74.784191    49.893471    49.814385     0.074289   288.274554   282.321722    38.306572    10.804268    -0.383588
      2279.0    -0.754647   398.951362   427.934360   711.629264     0.740021   135.455014    60.175446    75.279567    50.226207    50.217778     0.074263   288.349469   282.599128    38.308502    10.192156     0.347787
      2280.0     1.518840   398.881510   427.438977   711.402538     0.826580   137.499039    61.974740    75.524300    50.061614    49.699939     0.074350   288.225064   282.514901    38.306889    12.770184    -0.134949
      2281.0     1.142757   398.821646   428.590826   711.771946     0.795547   138.170813    62.006644    76.164169    50.195667    50.870110     0.074188   288.091873   282.297466    38.293415     9.984685     0.305036
      2282.0     1.047595   398.751824   428.338659   712.107462     0.778252   136.417563    61.092648    75.324915    49.730358    50.076367     0.074181   287.924983   282.147188    38.288914    11.268448     0.010492
      2283.0     1.142297   398.681973   428.143957   712.796626     0.654517   134.689325    60.475104    74.214221    49.093938    49.606043     0.074190   287.713132   281.760711    38.279903    11.063763    -0.177058
      2284.0     1.541223   398.622108   428.649548   712.938979     0.764475   139.266402    62.610254    76.656147    50.573980    50.550637     0.074417   287.989716   282.225559    38.265877    11.554026    -0.165696
      2285.0     0.992123   398.552257   429.156889   713.015475     0.712825   139.355943    62.654557    76.701386    50.877079    51.321465     0.074298   288.097735   282.454914    38.258339    10.825751     0.367890
      2286.0    -0.064612   398.482405   428.783652   713.211710     0.879581   136.619299    60.991161    75.628138    50.522162    50.360164     0.074334   288.110901   282.350954    38.259735    11.004234    -0.358234
      2287.0     0.250444   398.422541   428.778968   713.029075     0.629569   137.556760    61.319267    76.237493    50.599133    50.419116     0.074303   288.123551   282.339470    38.250652    10.904835     0.002618
      2288.0     0.013954   398.352689   428.404285   712.856109     0.626796   135.163836    60.212210    74.951626    49.798769    49.836281     0.074514   287.930187   282.012995    38.232754    10.750612     0.210479
      2289.0     1.999452   398.282868   428.626919   713.016031     0.780638   137.603607    61.997648    75.605960    49.765404    49.963734     0.074286   287.865132   281.981940    38.214764    11.811279     0.038408
      2290.0    -0.639873   398.222973   428.463236   713.402192     0.657078   134.751167    59.920287    74.830880    50.119763    49.994558     0.074352   288.063055   282.215321    38.217239    10.089412    -0.511366
      2291.0    -0.350047   398.153152   427.723671   712.880434     0.738613   133.645420    59.533342    74.112078    49.630783    49.389756     0.074288   288.058578   282.399142    38.199577    10.883151     0.280731
      2292.0     0.501274   398.093287   427.455913   712.827243     0.889362   134.302282    60.080384    74.221898    49.491460    49.257780     0.074410   288.060682   282.249558    38.183468    11.090362    -0.180489
      2293.0     0.348097   398.023436   427.495443   712.678486     0.692325   135.292409    60.720176    74.572233    49.877835    49.813008     0.074227   287.955436   282.044874    38.168629    10.867638     0.083929
      2294.0     1.428954   397.963572   428.026486   712.695015     0.657087   137.466487    61.794120    75.672367    49.712388    50.102857     0.074211   287.853737   282.102467    38.160912    11.160219     0.373940
      2295.0     0.985333   397.893720   428.139653   713.226187     0.809411   136.246807    61.146261    75.100546    49.817315    50.190804     0.074215   287.861434   282.026156    38.156303    10.842291    -0.157683
      2296.0     0.564914   397.833856   427.919789   713.297613     0.588540   136.441042    61.233820    75.207222    50.026481    50.043074     0.074442   287.954131   282.029131    38.150486    11.410610    -0.054833
      2297.0     0.762932   397.764004   427.727253   713.248238     0.540440   135.455721    60.793522    74.662199    49.626584    49.312151     0.074216   287.822244   281.873380    38.125187    11.673907    -0.265057
      2298.0     0.545908   397.704140   428.234547   713.689314     0.637011   134.923609    60.236307    74.687302    49.307171    49.980058     0.074233   287.773141   281.934738    38.117222     9.748955     0.231811
      2299.0    -0.161246   397.634288   427.610337   713.735229     0.678057   133.760674    59.624559    74.136115    49.574569    49.530792     0.074253   287.943312   282.016539    38.113918    10.717977    -0.089692
      2300.0     1.023921   397.574424   427.520791   713.678941     0.650856   135.388006    60.814728    74.573278    49.446939    49.521064     0.074226   287.894052   281.990745    38.114044    11.383210     0.130413