        time     emission          CO2         cveg        csoil        fgco2         fgpp         fnpp           ra          frh     fvegsoil         fluc          tas     tas_land        cprod     fcvegout    fcsoilout
        1850    -2.352348   284.316986   512.210035  1507.751707    -0.035546   120.714717    59.968537    60.746181    62.505122    61.054082     0.037839   286.820902   281.013316            0     0.247125     0.694622
        1851     0.402213   284.450989   511.667203  1506.982542    -0.080525    121.61605    61.178611    60.437439    60.941993    61.117391      0.03918   286.565072   280.540851            0     0.604052     0.944563
        1852     1.068447   284.597992   511.914208  1507.589874     0.205487   122.612246    61.748878    60.863368     61.15977    61.680303     0.039128   286.636745   280.645283            0     -0.17843    -0.086798
        1853    -1.832434   284.730988   510.260503  1508.240971     0.084494    119.49553    59.196675    60.298855    61.357606    61.324434     0.039154   286.792308   280.878902            0    -0.474054    -0.684269
        1854    -0.456783   284.846008   508.828524  1507.780325    -0.056389   121.274232    61.214244    60.059989    61.820294    60.820188     0.039229   286.652064   280.506152            0     1.826034    -0.539461
        1855     0.088772    284.94101   508.828538  1507.985599     0.017768   120.785981    60.714636    60.071345    60.806721    60.896166     0.039175   286.602257   280.450347            0    -0.181543    -0.115829
        1856     0.737279   285.049011   508.452743  1508.347203    -0.041193   122.421395    61.853552    60.567843    61.265908    61.560965     0.039114    286.64956   280.515755            0     0.668382    -0.066547
        1857    -0.580012    285.20401   507.522626  1509.253445    -0.035282   119.288035    59.608183    59.679852    60.443915    61.125424        0.039   286.642191   280.416239            0    -0.587124    -0.224733
        1858    -0.034152   285.368988   506.339296  1509.407242    -0.005554   121.482741    61.254615    60.228126    61.595518    61.062419     0.038943   286.619559   280.468634            0     1.375527    -0.686896
        1859    -0.161796   285.545013   506.419761  1509.208828      0.05429   122.455303    61.609018    60.846285    62.160904     61.45039     0.038969   286.747883   280.918739            0     0.078163      -0.5121
        1860    -0.333629   285.739014    506.14039  1508.743396     0.048193   121.902381    61.201735    60.700646    61.968664    61.293781     0.027932   286.709655   280.726724            0     0.187324     -0.20945
        1861     0.105519   285.933014   505.807153  1508.151922    -0.013282   122.263333    61.746833      60.5165      62.0136    61.330789      0.02747   286.673826   280.783764            0     0.749282    -0.091338
        1862     2.561173   286.100006   506.782629  1508.351038     0.146864   124.309665    63.435649    60.874015    61.349335    61.852667     0.027542   286.523484   280.557363            0     0.607506     0.304217
        1863     0.534635   286.270996   507.805612  1508.537606     0.081747    123.00951    61.988656    61.020855    61.872315    61.893346     0.027501   286.663795   280.718696            0    -0.927673    -0.165537
        1864     -0.11342   286.441986   507.325864  1508.686612     0.023184   121.926632    61.597092    60.329541     62.07017    61.307891     0.027573   286.650799   280.622528            0     0.768948    -0.911285
        1865     2.123082   286.614014   508.338181  1508.566281     0.068417   124.258359     63.16411     61.09425    61.448112    61.957182     0.027589   286.527136   280.378104            0      0.19461     0.629402
        1866     0.301223   286.781006   508.462119  1509.142597      0.17047   123.359982    62.184064    61.175917    62.381226    62.075236     0.027621   286.767223   280.874843            0    -0.015109    -0.882307
        1867    -0.930657   286.954987    507.91052  1508.566493     0.106908   122.336352    61.270023    61.066329    62.650308    61.827845     0.027695   286.910443   281.016496            0    -0.006224    -0.246359
        1868     0.495078   287.105011   507.725282  1507.828171     0.094262   123.443219    62.393849     61.04937    62.284772     61.52388     0.027671   286.761016   280.751903            0     1.055208    -0.022571
        1869     1.998476   287.225006   508.894378  1507.690184     0.112783   125.476679     64.02166    61.455019    62.363774    62.220483      0.02767   286.723714   280.661754            0      0.63208    -0.005303
        1870     1.358335   287.355011   510.076856  1508.118934       0.1364   124.641185    63.086173    61.555012    62.090944    62.507382     0.050082   286.778881   280.781317            0    -0.603687    -0.012312
        1871     0.688845   287.493988   509.743453  1508.662406     0.132746   122.993845    62.268745      60.7251    61.957611    61.893032     0.050926   286.703464   280.610308            0     0.709115    -0.608052
        1872     1.934443   287.664001   510.608203  1508.659057     0.117706   125.251482     63.99397    61.257512    62.488093    62.184328     0.051108   286.684791   280.609475            0     0.944893    -0.300416
        1873     1.003983   287.859985   511.163098  1509.197294     0.119365    124.42548    63.146828    61.278653    62.628331    62.571398      0.05114   286.729683   280.657662            0     0.020534     -0.59517
        1874     1.618431   288.061005    511.79265  1509.232745     0.179447   125.750709    64.245654    61.505055    63.183225    62.847101     0.051427   286.652788   280.610833            0        0.769    -0.371575
        1875     2.265437   288.290985   513.057232  1509.601543     0.232421   126.664721    64.455462     62.20926    62.860451    63.693525     0.051638   286.776402    280.84489            0    -0.502646     0.464276
        1876    -0.729548   288.519989   511.733384  1510.502529     0.212558   123.133222    61.789058    61.344165    63.167097    63.115639     0.051631   286.841522   280.898588            0    -0.002734    -0.952443
        1877     1.123015   288.752014   511.339989  1510.475956     0.162298   125.655958    63.939458    61.716501    63.421133    62.982562     0.051603   286.794699   280.900718            0     1.350291    -0.411998
        1878     0.442967   288.993011     511.0291  1511.169453     0.287451   123.544826    62.420578    61.124247    62.726668    63.059458     0.051493   286.826873   280.928185            0    -0.327991    -0.360707
        1879     0.502182   289.221008   510.578812  1510.985053      0.26873   124.080817    63.026082    61.054735    63.226531    62.454824     0.051518   286.791498   280.744051            0     1.021547    -0.587307
        1880     0.277565   289.470001   510.752013  1510.511074     0.310975   124.825738    63.323023    61.502715    63.843923    62.930091     0.042631   286.856371   280.938593            0      0.21973    -0.439853
        1881     0.499422      289.737   510.534266   1510.30967     0.262304   125.189079    63.584282    61.604798    63.873174    63.301298     0.042445   286.839902    281.00103            0     0.500731    -0.370472
        1882     2.177368   290.019012   511.535389  1510.106843     0.389059   126.477179    64.480758    61.996421    63.250493    63.463645     0.042378   286.735588   280.634226            0      0.01599     0.415979
        1883     -0.40392      290.263   510.509572  1510.561961     0.402773   122.984571    61.854702    61.129869    63.138647    63.154171     0.042213   286.898439    281.01705            0    -0.273652    -0.439594
        1884     1.546564   290.511993   509.284971  1511.568715     0.590831   122.990163    62.743685    60.246478    62.275805     62.90125     0.042268   286.499359   280.318662            0     1.067036     -0.38131
        1885     1.170117   290.796997    509.16223   1511.91989     0.458251   124.110845    63.355101    60.755744     63.20771    62.991772     0.042315   286.587142   280.583206            0      0.48607    -0.567112
        1886     2.101284   291.100006   509.643854  1511.733518     0.333457   125.772019    64.683028    61.088991    63.518008    63.138653     0.042318   286.481598   280.353324            0     1.062751    -0.192983
        1887     1.601749   291.414001    510.79008  1511.948073      0.23917   125.372242    63.844175    61.528067    63.107702     63.34185     0.042409   286.628648   280.634447            0    -0.643901     0.019593
        1888    -0.770138      291.763   509.737065  1512.421686     0.240421   123.625794    62.148863    61.476931    63.860065    63.573195     0.042397   286.849085   280.934046            0    -0.371317    -0.760483
        1889     0.875145   292.113007   508.818273  1511.897019     0.181507   125.972056    64.513741    61.458315    64.522936    63.552802     0.042351   286.832323   280.933893            0     1.879731    -0.445467
        1890     1.173619   292.458008   509.371922   1511.84787     0.331881    125.37066    63.832992    61.537667    63.680335    63.895569     0.045448   286.753882   280.774925            0    -0.616227     0.264384
        1891     1.984937    292.81601   509.160795  1512.224256     0.443517   125.174119     64.29779    60.876329    63.473008    63.562097     0.045569   286.570263   280.429725            0     0.946821    -0.287298
        1892     1.907958   293.166992   509.864265  1512.583339     0.372716   126.626887    65.092642    61.534245    64.258947    63.785835     0.045717   286.767182   280.864636            0     0.603337    -0.832195
        1893     1.614422    293.47699   510.211053  1512.795921     0.297245    125.69049    64.398001    61.292489    63.695136    63.861017     0.045692    286.68268   280.589535            0     0.190196      -0.0467
        1894     1.619638   293.790985    510.68216  1513.140098     0.353726   126.773457     64.76197    62.011487    64.118922    64.657076     0.045653   286.768675   280.719533            0    -0.366213     0.193976
        1895     0.163218    294.07901   510.004166  1513.508201     0.365923   126.196935     64.35889    61.838044    65.129156    64.108044     0.045662   286.907321   280.862011            0      0.92884    -1.389214
        1896     1.993091    294.36499   510.610915  1512.833986     0.405909   128.066019    65.814131    62.251888    64.790083    64.307654     0.045736   286.823265   280.853929            0     0.899728     0.191787
        1897      0.79524   294.645996   510.694577  1513.361595     0.260649   126.267888      64.3145    61.953389    64.332516    64.368407     0.045671   286.877535   280.912488            0     -0.13757    -0.491718
        1898     2.039556    294.95401   511.185485  1513.487776     0.399364   127.594506    65.533669    62.060837    64.503568    64.597208     0.045689   286.784334   280.780064            0     0.445553    -0.032541
        1899     1.064611   295.299988   511.362949   1513.45288     0.482021   127.191363    65.176786    62.014577     65.28502    64.814391     0.045784   286.847254   280.858759            0     0.184931    -0.435732
        1900     0.692788   295.674988   511.185871  1513.409151     0.345204   126.068824    64.241578    61.827246    64.636403    64.063376     0.055989   286.874766   280.929062            0     0.355279    -0.529298
        1901     1.641205   296.006989   511.260037  1513.403148     0.289706   127.946516    65.807805     62.13871    65.106789    64.792838     0.056368   286.827379   280.910138            0     0.940801    -0.307948
        1902     0.561602   296.325012   511.282933  1513.632483     0.329794   126.043566     64.47051    61.573055    64.859484    64.599682     0.056309   286.833076    280.87264            0    -0.152068    -0.489137
        1903    -0.281633   296.653992   510.309573  1513.801738     0.443163   124.605289    63.144601    61.460688    64.513594     64.48197      0.05622   286.687355   280.600421            0     -0.36401    -0.200879
        1904     1.358774    296.95401   509.185364  1513.924173     0.444355   126.116479    64.792671    61.323809    64.460718    64.156443     0.056291   286.620399   280.538775            0     1.760437    -0.426709
        1905     2.078734   297.289001   509.519258  1514.513785     0.484897    126.93076     65.44501    61.485749    64.508125    64.795966     0.056265   286.578586   280.405012            0      0.31515    -0.301771
        1906     1.467289   297.661987   509.377855  1514.840318     0.494898   126.765244    65.265438    61.499806    65.030773    64.689158     0.056383   286.676669   280.641792            0     0.717682    -0.668148
        1907     1.714486   298.097992   509.739127  1514.844806     0.561086   126.876278     65.20357    61.672707     64.92205    64.766241     0.056401   286.746121   280.679156            0     0.076057    -0.160298
        1908     1.005326   298.518005   509.236047  1514.963332     0.628981   126.477659    64.859745    61.617914    65.321411    64.587465     0.056224   286.785945   280.756127            0      0.77536    -0.852471
        1909     1.061409   298.936005   509.638174  1514.898778     0.473765   127.328391    65.287679    62.040712    65.533852    65.172348     0.056129   286.824953   280.825176            0    -0.286796    -0.296949
        1910    -0.353241   299.376984   508.505648  1514.594232     0.446456   126.205436    64.018409    62.187027    65.714453    65.215702     0.042523   286.940372   281.027654            0    -0.064767    -0.194206
        1911    -0.472884   299.828979   507.096005  1513.947011       0.5139   125.887382    64.375363    61.512019    66.282475    64.890332     0.041999    286.93558   280.957531            0     0.894674    -0.744922
        1912    -0.676316   300.352997   505.538953  1513.487887     0.504333   124.034186    63.044589    60.989597    65.299005    64.839225     0.041896   286.862551   280.877063            0    -0.237584    -0.000656
        1913      3.67187   300.910004   505.581461  1513.000631     0.582578   129.481103    67.576216    61.904887    65.630897    64.806096     0.041928   286.597942    280.60054            0     2.727612    -0.337545
        1914     3.420302   301.418976   507.319914  1513.753651     0.581252   128.106173    66.566406    61.539767    64.769082    65.585386     0.041907   286.522816   280.344755            0    -0.757433     0.063285
        1915     2.522398   301.936981   507.864746  1514.170973     0.538792   128.948163    66.756826    62.191338    65.834176    65.694844     0.041908   286.666172   280.633349            0     0.517149    -0.556655
        1916     1.166964   302.484985   507.872178   1514.30605     0.586844   127.794704    65.578552    62.216153    66.123157    65.831846      0.04201   286.773759   280.842861            0    -0.260726    -0.426388
        1917     0.842238   303.010986   507.895423   1513.61849     0.567368   128.822215    66.242072    62.580143    67.045051    66.008776     0.042038   286.891949   280.907996            0      0.21005    -0.348716
        1918     1.027868   303.448975   507.328196  1513.261942     0.490298   128.109516    65.945051    62.164466    66.297949    65.661965     0.042036   286.880142   280.939971            0     0.850313    -0.279436
        1919     1.949736   303.813995   508.088514  1512.773728     0.516367    130.10863    67.489646    62.618984    66.791377    66.030112     0.042051    286.86238   281.088493            0     0.699217    -0.273051
        1920     1.991439   304.246002   509.135419  1512.490508     0.489492   130.348232    67.517301    62.830931    66.878651    66.258518     0.056471   286.798289     280.8616            0     0.211878    -0.336913
        1921     1.933858   304.599976   509.512746  1512.509375     0.599269    129.60196    67.078359    62.523601    66.440335    66.143671     0.057065   286.824259   280.974094            0      0.55736    -0.315531
        1922     2.168944   304.944977   510.002243  1512.774719     0.605356   130.019785    67.537594    62.482191    66.651395    66.758299      0.05714   286.749643   280.788728            0     0.289799    -0.158439
        1923     1.123003   305.270996   509.839092  1513.564399     0.576311    128.06031     65.77245     62.28786     65.86281    66.356602     0.057064   286.829801   280.719102            0    -0.421001    -0.295889
        1924    -2.529348   305.629974   507.378741  1513.562494     0.452673   126.952202    64.676557    62.275645    68.365731    66.490154     0.057134   287.028251    281.11443            0     0.646754    -1.873672
        1925     0.286927   305.812988   506.867822  1512.204173     0.438061   129.928375    67.358258    62.570117    67.841981    66.665948     0.057058    287.07476   281.275519            0     1.203229     0.182288
        1926     2.270269   305.953979   507.633423  1511.796408      0.42667   132.254595    69.074461    63.180134    67.473987    66.925877     0.057055   286.880449   280.980578            0     1.382983    -0.140345
        1927     2.400115   306.176971   509.045551  1512.163387      0.45602   131.899066    68.964054    62.935013    67.437645    67.288349     0.057077   286.831224   280.933199            0     0.263576    -0.516274
        1928     1.011274   306.328979   509.949376  1512.537156     0.519906   129.586525    66.755664    62.830862    66.530929    67.525168     0.057001   286.848139   280.800204            0    -1.673329     0.620469
        1929    -0.081886   306.494995   508.244483  1512.840785     0.517413   129.419284    66.976987    62.442296    67.872927    66.642312     0.056817   286.905161   281.011021            0     2.039569    -1.534243
        1930    -0.121327   306.619995   508.076912  1512.724756     0.473097   129.922715    67.060337    62.862378    67.860923    66.990959      0.05997   286.925903   280.956563            0     0.236949    -0.753936
        1931     0.352133   306.821991   507.991171  1511.983112     0.357066   131.307072    68.301725    63.005347      68.6765    67.385775      0.06022   286.863666   280.832252            0     1.001691    -0.549082
        1932      2.06223   307.092987   508.530925  1511.824818      0.46189   130.490879    67.751197    62.739683    66.667594     67.10834      0.06023   286.811241   280.763277            0     0.103102      0.59904
        1933     0.478801   307.401978   508.168562  1512.019418     0.418889   130.397533    67.683301    62.714233    68.221078      67.2013     0.060171   286.878436   280.845409            0     0.844363    -1.214378
        1934     1.331588   307.784973   508.825742  1511.648005     0.370923   131.419343    68.266757    63.152586    68.061347    67.687674     0.060166    286.89356   280.898615            0    -0.078096     -0.00226
        1935     0.966333    308.22699   508.405409  1511.731205     0.361338   131.429733    68.359804    63.069929    68.635919    68.012001      0.05997   286.860639   280.898598            0     0.768136    -0.707118
        1936     3.942925   309.011993   509.479801    1511.3044     0.519323   133.871914    70.504376    63.367538    68.692072    67.971085     0.060023   286.820293    280.83653            0     1.458899    -0.294182
        1937     3.752103   309.763977   510.969168  1511.757942     0.680095   132.833768    69.535639     63.29813    68.004647    68.482498     0.060002   286.925374   281.051335            0    -0.436226     0.024308
        1938     2.432109   310.293976   511.276676    1512.4891     0.678566   132.720695     69.21362    63.507075    68.528562    68.890785     0.059916   286.984195   281.115021            0     0.015327    -0.368935
        1939     0.150184   310.850983   510.218366  1512.614264     0.634843   130.940586    67.829945    63.110641    69.440714    68.331875     0.059792   286.962057   280.870065            0     0.556379    -1.234003
        1940    -0.310619   311.356964   509.204786  1512.062857     0.646152   130.371895    67.118274    63.253621    69.088063    68.425698     0.064247   287.090426   281.186964            0    -0.293844    -0.110957
        1941     0.725013   311.810974   507.673071  1511.460509     0.769767   132.088156    68.853282    63.234874    69.800224    68.443817     0.064427   287.101778   281.346754            0      1.94118     -0.75406
        1942     1.988115   312.171967   507.939936  1511.238563     0.766176    131.28168    68.686874    62.594806    68.169158     68.12683     0.064351   286.872117   280.887668            0      0.29318     0.179618
        1943     0.740407   312.389984   508.072526  1511.455257     0.808499   131.566624    68.450204     63.11642    68.918162    68.426746     0.064308   286.956943   280.982952            0    -0.109132     -0.70811
        1944    -1.251686   312.412964   506.243933  1511.461649     0.670932   130.402163    67.570212    62.831951    69.477332    68.399935     0.064423   287.007894    281.11537            0      0.99887    -1.083789
        1945     1.046663   312.384979   506.186934  1510.868297     0.703595   131.911394    69.020996    62.890398    68.553955    68.426811     0.064391   286.950069   280.980308            0     0.651184     0.466207
        1946    -1.840946   312.389984   504.894917  1511.233676     0.609094   129.687232    67.003149    62.684083    69.399647    68.208103     0.064197   287.024785   281.166583            0     0.087065    -1.556923
        1947    -0.515922   312.485962   504.167978  1510.020786     0.677348    130.90088    68.189056    62.711824    69.522541    68.070793     0.064127   286.976105   281.037833            0     0.845202    -0.238859
        1948    -1.258839   312.520966   503.566254  1509.336159     0.680827   131.390662    68.258648    63.132014    70.208606     68.72651     0.064233   287.112779   281.260688            0     0.133862    -0.797468
        1949     -2.29368   312.631958   501.730953   1508.04028     0.558144   130.321982     67.57405    62.747932    70.598084    68.371512     0.064101   287.234566   281.343133            0     1.037839    -0.930693
        1950     1.176035   312.820984   501.494876  1506.918411     0.661956   133.266253    69.991431    63.274822     69.78526    69.165131      0.09454   287.171369   281.357897            0     1.062378      0.50174
        1951    -0.602147   313.013977   501.265957  1506.921894     0.647974   131.148344    68.074248    63.074095    69.639775    68.937356     0.095489   287.077723    281.13418            0    -0.634188    -0.705901
        1952     0.095563    313.34198   499.165912  1506.635552     0.477801   132.330335     69.32789    63.002445    70.313019    69.203998     0.095446   287.057103   281.248509            0     2.223937     -0.82268
        1953     2.895609    313.72998   500.150291  1506.447228      0.64525   135.011767    71.512702    63.499065    69.993008    69.724032     0.095412   286.871227   280.986344            0     0.804291    -0.080653
        1954     2.066154   314.094971   500.359195  1507.276936     0.720137   134.010639    70.876957    63.133683     70.21257    70.124865     0.095455   286.873136   281.004156            0     0.543187    -0.917411
        1955     0.373937   314.414978   500.103631  1507.570887     0.635205   132.742849    69.638396    63.104453    70.485555    69.754793     0.095424   286.924848   281.020557            0     0.139166    -1.024713
        1956    -0.365627   314.697968   498.618175    1507.2844     0.619553   132.232492    69.254701    62.977791    70.747189    69.596665     0.095193   286.903584   280.853013            0     1.143493    -0.864037
        1957     -0.77844   314.991974   497.029329  1507.069044     0.510195   131.238842    68.658139    62.580703    70.477859    69.755836     0.094871   286.910714   280.795926            0      0.49115    -0.506668
        1958     2.089925   315.344971   496.618939  1506.885473     0.541438   135.865144    72.044997    63.820147    71.153509    70.290934     0.094553   286.952058   280.963493            0     2.164453    -0.679004
        1959     1.327636   315.806976   497.332291  1506.960839     0.648087   134.198854     70.86875    63.330104    71.078574     70.64137     0.094265   287.080784   281.139015            0    -0.485971     -0.51257
        1960    -0.369166   316.624969   495.833258   1506.80817     0.694994   131.465033    68.670836    62.794196    71.423678    69.979467     0.052875   287.139403   281.101386            0     0.190402    -1.291542
        1961    -0.196675    317.29895    494.32315  1505.422879     0.777351   132.685692    69.667521    63.018171     72.02542     69.89068     0.051073    287.25737   281.427805            0     1.286949    -0.749449
        1962     3.477987   318.043976    494.99116  1503.703385      0.74605   137.158111    73.298013    63.860098     72.10102    70.720401     0.051261   286.987798   281.067382            0     1.909603     0.338874
        1963     4.139831   318.649963   497.116199  1503.655487     0.953008   136.021373     72.59888    63.422493    70.650857    70.775626     0.051385   286.785312   280.713893            0    -0.301785     0.172666
        1964     1.976683   319.332947   497.066261  1504.604961     1.050882   132.798952     69.88587    62.913082    70.362687    70.808569     0.051495    286.75188   280.582721            0     -0.87276    -0.503592
        1965    -0.519948   319.815948   495.050782  1504.805213     0.938193   130.930101    68.493069    62.437032     70.92825    70.487769     0.051299    287.01269   281.168258            0     0.020778    -0.640733
        1966     0.748874   320.879974   493.141072  1503.984688     0.917484   133.173186    70.290235    62.882951    72.672955    70.651313     0.051265    287.07446   281.234766            0     1.548633    -1.201117
        1967     1.577823    321.47995   492.812641   1503.13574     0.921421    133.42101    70.842179    62.578831    71.412124    70.442828     0.051038   286.920948   281.044961            0     0.727781    -0.120347
        1968     3.167693   322.388947   493.629653  1502.208131     0.931396   135.897445    72.352106     63.54534    72.000191     71.09883     0.050927   286.988795   281.090366            0     0.436263     0.026248
        1969      3.14159   323.250946   494.381463  1501.492102     1.071871   136.460049    72.785344    63.674705    72.499919    70.924892     0.050954    286.95896   281.098834            0     1.108643    -0.858999
        1970     4.264788   324.782959   495.383944  1500.874582     1.160997   134.745116    71.574368    63.170748    71.693717    70.761638     0.038609   286.867553   280.825571            0    -0.189751    -0.314559
        1971     2.873172   325.399963   496.219951  1500.028099     1.030543   136.094565    72.627471    63.467093    72.060306    71.068827     0.038177    286.84336    280.74267            0     0.722638    -0.144997
        1972     5.822726   327.348969   497.288372  1499.796492     1.268101    136.14399    72.317459    63.826531     71.87416    71.765216     0.038224   286.864873   280.855769            0    -0.516178     0.122663
        1973     4.862368   329.908966   496.533316  1499.441402     1.448398   134.806636    70.818729    63.987907    72.816995    71.982804     0.038155   287.100924   281.204842            0    -0.409018      -0.4791
        1974     0.946146   330.755951   494.843611  1498.465674     1.287051   134.775017    70.956911    63.818106    73.062879     71.91873      0.03822   287.228371   281.413573            0     0.727885    -0.168421
        1975     1.167707   330.826965   494.354589   1497.71855     1.149517   136.158588    72.630532    63.528056    72.725395    71.483284     0.038139   287.180165   281.311325            0     1.636269    -0.494987
        1976     2.471907   331.544952   495.363834  1497.147568     1.291759   136.234557    72.316737    63.917821    72.627072    71.753902     0.038154   287.122212   281.107409            0     -0.44641    -0.302188
        1977     3.325089   333.352936   495.037775  1496.622982      1.23361   135.456283     71.49998    63.956303    73.219674     72.20476     0.038133   287.302122   281.487339            0     -0.37872    -0.490328
        1978     3.832474   335.009949   494.823801  1494.594856     1.197987   138.626165     74.10656    64.519605     74.96182    71.652058     0.038135   287.357938   281.600798            0     2.668476    -1.281635
        1979     7.179204    336.60495   497.633008  1492.940258     1.378768   140.052639    75.257449     64.79519    72.814507    72.225317      0.03836   287.085902   281.134675            0     0.222925     1.065408
        1980      6.71956   338.704956   499.607232  1493.367097     1.538495   139.124686      74.1343    64.990386    73.360832    73.450305     0.063443   287.182993   281.232854            0    -1.290228    -0.337366
        1981     4.172556    340.05896   499.700132  1492.862539     1.523666   139.755702    74.608938    65.146764    74.778194     72.97494     0.064612   287.246753   281.308159            0     1.541099    -1.298697
        1982     0.821746   340.643951    499.82798   1491.79633     1.463077   137.171476    72.112534    65.058942    73.934558    73.267749      0.06479   287.414019   281.528866            0    -1.283063     0.399401
        1983     4.290661   342.265961   498.461326  1491.388538     1.593739   137.976377    73.679785    64.296592    74.371352    73.007716     0.064867   287.324155   281.439177            0     2.038723    -0.955845
        1984     6.676188   344.007935   499.736177  1490.564943     1.709075   142.131991     76.54722    65.584772    75.223642    73.925837     0.065231   287.264533    281.24082            0     1.346532    -0.474211
        1985     6.869274   345.458954   502.184838  1489.896822     1.628606   143.086717    77.442542    65.644175    75.225626    74.311135     0.065555   287.281657   281.413902            0     0.682747    -0.246369
        1986     6.347718   346.902954   504.345712  1490.119757     1.578477   141.514316    75.764403    65.749912    74.003729    74.470149     0.065798   287.297789   281.404368            0    -0.866619     0.243485
        1987      5.82185   348.774933   504.419396  1490.397425     1.694994   141.104847    75.547084    65.557763    75.339877    74.175862     0.065908    287.47662   281.689949            0     1.297538    -1.441683
        1988     7.134406    351.27594   505.489894  1489.765367     1.832358   141.444793    75.472492    65.972301    75.429415    74.898299     0.065826   287.483564   281.744646            0    -0.496305     0.100942
        1989     5.147215   352.893921   505.512614   1489.19468     1.735833   142.114265    76.336997    65.777268    76.304667    74.671843     0.065726   287.397646   281.510617            0     1.642433    -1.062137
        1990     5.619776   354.072937   507.318741  1488.214833     1.694474   144.080132    77.503432    66.576701     76.04825    75.313899     0.040076   287.509853   281.753432            0     0.383406     0.245496
        1991     3.812998   355.352936   508.143668  1488.130017      1.77597   140.550199    74.631913    65.918287    75.281145    74.750475     0.038935   287.537469   281.747462            0    -0.943489    -0.445854
        1992     4.354905   356.228943   507.961507  1487.645216     1.828822   141.342513    75.953335    65.389178    75.253336    74.572445     0.038988     287.3127   281.390527            0     1.563051    -0.196091
        1993     5.192068   356.924957   509.235097  1487.815946     1.787665   142.391019    77.161776    65.229244    75.200014    74.877725     0.039216   287.176591    281.17206            0     1.010461    -0.493019
        1994     5.637919   358.253967   511.377114  1487.744371     1.722507   143.256038    77.121027    66.135011      75.9958    75.512242     0.039358   287.412296   281.668194            0    -0.533232    -0.411983
        1995     7.147344   360.238953   512.637237  1487.314152      1.77609   144.407813     77.65539    66.752423    76.470795    75.844084     0.039495   287.517008   281.841148            0     0.551183    -0.196491
        1996      4.85567   362.004974   513.052105  1487.232306     1.686545   142.197317    75.762328    66.434989    76.313693    76.028314     0.039478   287.608664   281.974734            0    -0.680855    -0.203533
        1997     3.987393   363.251953   513.526278  1486.195017     1.749886   143.888107    77.151489    66.736618    77.529331     75.77722     0.039545   287.703774   281.901927            0     0.900096    -0.714823
        1998     8.174499   365.932953   514.553634  1484.926482     1.868327    146.30889    78.988713    67.320178    78.350879    76.191617     0.039673   287.799833   282.119634            0      1.76974    -0.890726
        1999      7.61253   367.844971   517.318384  1483.626731     1.932599   147.728127    79.710547     68.01758    78.061624    77.233184     0.039794   287.870012   282.197223            0    -0.287389     0.471311
        2000     5.927019   369.124969   518.648504  1483.700819     1.896614   146.013638    78.430091    67.583547    77.022604    77.224261     0.102276   287.869347   282.359188            0     -0.12429      0.12757
        2001     5.699594   370.673004   519.518744  1483.523046     1.900071    146.73718    79.033772    67.703408    78.471315    76.816922     0.058792   287.928687   282.452647            0     1.346608    -1.476621
        2002     6.593729   372.834991   520.242081  1483.527495     2.034957   146.327659    78.481102    67.846557    78.422878    77.680051     0.102455   287.923235   282.264395            0     0.077714    -0.747276
        2003     7.964953    375.41098    520.79594  1483.133159     1.955003   148.848163    80.398409    68.449754    79.718263    77.624029     0.154631   287.950725   282.440301            0     2.220521    -1.699898
        2004     6.402021      376.987   522.285736  1482.499158     1.983616    147.90033     79.81594     68.08439    78.635814    78.199332     0.117161   287.899575   282.247396            0     0.126812     0.197518
        2005     6.207037   378.907013   522.564398  1482.078357     1.997387   147.867224    79.955999    67.911225    79.748875    77.513534       0.0853   287.923817   282.408751            0     2.163804     -1.81454
        2006     9.597257    381.01001   525.485388  1481.283988     2.033887    149.74432    81.365641    68.378679    78.206082    78.433338     0.073596   287.757463   282.152987            0     0.011313     1.021625
        2007     6.718081   382.603027   527.276829  1481.827477     2.230314   148.112578    79.514716    68.597862    78.323204    78.029538     0.095377   287.808318   282.143332            0    -0.306262    -0.837155
        2008     7.623735   384.739014   527.146315  1482.323812     2.160791   149.127044    80.633573    68.493471    79.601575    78.700191     0.116698   287.936503   282.352348            0     2.063895    -1.397719
        2009     6.521784   386.280029   528.311669  1482.620876     2.168743   150.713868    81.530663    69.183204    80.192753    79.591993     0.265786   288.108507   282.545756            0     0.773316    -0.897823
        2010     3.415198   388.717041    526.60572  1482.842229      2.15724   147.198726    78.004844    69.193882    81.797347    78.637608     0.138085    288.40489   283.019624            0     1.073185    -3.381091
        2011     6.125583      390.944   525.955459  1480.373586     2.103062   150.293923    81.608575    68.685348    82.203048    78.935822     0.124337   288.256338   282.674331            0     3.323014    -0.798583
        2012     9.586377   393.015991   528.294295  1479.622968      2.42975   153.379238    83.801233    69.578005    80.889671    80.132653      0.16633   288.103367   282.525442            0     1.329744    -0.006401
        2013     8.936167   395.724976   529.912746  1479.868025     2.366897   153.534986    83.075961    70.459025    82.103822     80.76228     0.170461   288.322018   282.848821            0      0.69523    -1.586599
        2014     5.464958   397.546967   530.817508  1479.266819     2.135465   153.861039    83.311442    70.549598    83.749012    80.897564     0.112065     288.3899   283.071178            0     1.509116    -2.250243
        2015     9.779592   399.949158   533.491846  1478.986642     2.419221    155.21217    84.803174    70.408996    82.550558    81.125094          0.0   288.268804   282.889234            0     1.003741    -1.145286
        2016    13.102922   403.116974   537.355349  1478.255047     2.473258   156.880891    85.590834    71.290057    81.676398    81.989019          0.0   288.298334   282.881953            0    -0.261688     1.044216
        2017     9.105766   405.751953   539.725646  1478.585104     2.464717   154.902252    83.619169    71.283083    82.567021     82.54831          0.0   288.517207   283.159853            0    -1.299438    -0.348768
        2018     8.970954   408.591949   540.465698  1477.945519     2.476688   154.425972    83.848162    70.577811    83.379521    81.712305          0.0   288.426634   282.998288            0     1.395805    -1.027631
        2019    11.533623   411.416962   543.396097  1477.185148     2.491091   157.548322    86.040657    71.507665    82.991835    82.633789          0.0   288.361328   282.845559            0     0.476468     0.402326
        2020    12.578973   414.231964   547.454703  1476.689076     2.578393   159.318459    87.523926    71.794533    83.495667    83.084016          0.0   288.344411   282.976713            0     0.381304     0.084421
        2021    12.754516   417.041962   551.690056  1476.683565      2.59453   160.845442    88.328483    72.516958    84.132955    83.685526          0.0   288.358687   282.824973            0     0.407604    -0.441918
        2022    13.563131    419.80896   556.400208  1476.582141     2.561824    161.85976    89.041682    72.818078    83.913471    84.795821          0.0   288.428221   283.084752            0    -0.464291     0.983774
        2023     9.772886   422.498962   558.799057  1477.773871     2.637145   158.961507    85.768106    73.193401    84.341566    85.048232          0.0   288.768126   283.634505            0    -1.678975    -0.485064
        2024     8.262922   425.119965   558.822374   1477.83548     2.540946   157.907613    85.373353     72.53426    85.213724    84.527038          0.0   288.851522   283.602493            0     0.822998    -0.748295
        2025    11.704895    427.67395   561.543335  1476.997417     2.669515    161.07252    88.560307    72.512213    84.945284    84.090177          0.0   288.684427   283.373326            0     1.749169    -0.017044
        2026    11.561192   430.165955   565.662034  1476.858213     2.624079   161.902264    88.589133    73.313131    84.934272     84.87227          0.0   288.794789   283.496934            0    -0.401836     0.077203
        2027    10.417414   432.597961   568.382915  1477.142411     2.602598   160.755054    87.633521    73.121533    84.973093    85.213317          0.0   288.734715   283.256362            0    -0.300678    -0.043974
        2028     10.38976   434.973969   571.253726  1476.873978     2.546169   162.516731    88.975435    73.541296    86.167016    85.139999          0.0   288.816727   283.577041            0     0.964625    -0.758583
        2029    12.368922   437.294952   575.511264   1476.86284     2.645158   164.067452    90.082672     73.98478    85.276945    85.715953          0.0   288.763399   283.359283            0     0.109181     0.450146
        2030    10.392225   439.563965   579.230865  1477.063454     2.521989   164.383704    89.459732    74.923972    86.396784    86.309911          0.0   288.967704   283.745092            0    -0.569779    -0.287488
        2031     8.182192   441.780975   581.031991  1476.940183     2.479286   161.820803    87.660907    74.159896    86.642521    85.970043          0.0   289.004364   283.728251            0    -0.110262    -0.549206
        2032     9.910335   443.928955   582.882029  1476.871395       2.6665   163.478359    88.991261    74.487098    86.284756     86.43721          0.0   289.068607   283.835461            0     0.704013     0.221241
        2033    10.459082    445.98996   585.310784  1477.236163     2.572978   165.912902    90.928141    74.984761    87.394261    87.146655          0.0    289.09563   283.907146            0     1.352731    -0.612374
        2034    10.498365   447.968964   589.392945  1477.382379     2.617974   165.798555    90.541931    75.256624    86.839149    87.227855          0.0   289.071266   283.743837            0    -0.768084     0.242489
        2035     7.680429   449.865967    590.85722  1477.936846     2.520534   163.697067    88.927007     74.77006    87.770155    86.673988          0.0   289.117621   283.852689            0     0.788744    -1.650633
        2036     12.98416   451.684967   595.304294  1477.239069     2.537907   172.582594    95.837623    76.744971    89.222303    88.945059          0.0   289.194964   284.107575            0      2.44549     0.420533
        2037    12.990023   453.425964   602.114299  1477.384085     2.534708   173.373902    95.749303    77.624599    88.958642     89.32175          0.0   289.121512   283.928335            0    -0.382452     0.218092
        2038    11.263192    455.09198   606.549296  1479.310588     2.545369    171.24605    93.587993    77.658056    88.375177    90.806289          0.0   289.229271   284.199356            0    -1.653291     0.504609
        2039     7.956179    456.68396   607.587991  1481.397998     2.453966   168.217912    91.513533     76.70438    89.358689     90.13652          0.0   289.282842   284.255351            0     0.338318    -1.309579
        2040     8.428738   458.200958   609.959239  1481.420035     2.510794   169.811482     92.94999    76.861492    90.219669    89.825624          0.0   289.233966   284.150846            0     0.753118    -0.416082
        2041     9.143261   459.646973   612.358418  1482.056224     2.346081   170.592176    93.813494    76.778682    90.057894    90.239544          0.0   289.236793   284.067828            0     1.174771     -0.45454
        2042     8.974104   461.018982   615.469197   1482.93871     2.377091   170.161351    92.934596    77.226755    89.221972    90.606019          0.0   289.326874   284.238899            0    -0.782202     0.501562
        2043     9.366861   462.314972   618.282748  1483.776394     2.408574   172.394103    95.047764    77.346339    90.812051    90.011228          0.0   289.346795   284.272728            0     2.222986    -1.638507
        2044     9.562122    463.53598   622.777608  1484.154619     2.381813   172.374329    94.761391    77.612939    90.144027     91.21005          0.0   289.221623   284.019162            0    -0.943519     0.687798
        2045     7.244146   464.682983   624.843694  1485.906175     2.213641   169.830689    92.379777    77.450911    89.754603    91.468169          0.0   289.304772   284.116685            0    -1.154478     -0.03799
        2046     4.320576   465.754974   624.271721  1487.485448      2.09109   168.665612    90.983474    77.682137     90.99893    91.988883          0.0   289.541779   284.637052            0    -0.433436     -0.58932
        2047     6.651649   466.752991   625.199415  1487.126059     2.140273   171.481039    94.238429     77.24261    91.814726     91.37535          0.0   289.430448   284.304879            0     1.935385    -0.079987
        2048     9.501959   467.677979    628.75252  1487.675706     2.260364   174.570902    96.624074    77.946828    91.314713    92.211716          0.0   289.258814   284.059684            0     0.859253     0.347355
        2049     8.498588   468.529968   632.062805  1489.220328     2.102563   174.331339    95.774993    78.556346    91.155786    92.596229          0.0    289.41956   284.320248            0    -0.131522    -0.104178
        2050     6.682121   469.309967   634.028945  1490.949871     1.974067   172.637196     94.57008    78.067116    91.485878     92.97211          0.0   289.350201   284.300789            0     -0.36817    -0.243312
        2051     9.177004   470.018982   637.108553  1491.839362     2.128193   177.029654    98.644555    78.385099    93.060676    93.164848          0.0   289.182359   284.095626            0     2.400099    -0.785319
        2052     9.220188   470.662994   641.990811  1493.341645     1.974003   177.304227    97.991794    79.312434     92.07175    93.937356          0.0   289.434031   284.334025            0    -0.827821     0.363324
        2053     4.847332   471.249969   643.682848   1495.42306     1.894699   173.143225     94.16548    78.977744    92.417586    93.862547          0.0   289.607391   284.592717            0    -1.389104    -0.636454
        2054     5.469313   471.778992   644.462267  1496.175129     1.960665   174.671462    96.163048    78.508413    93.735789    93.205638          0.0   289.533433   284.511285            0     2.177992     -1.28222
        2055     4.784311   472.250977   646.574283   1496.73933     1.927333   173.810345    94.873769    78.936576    92.976717    93.770523          0.0   289.506173   284.437395            0     -1.00877     0.229605
        2056     3.582844   472.664978   646.499568  1497.842872     1.793064   173.034242    94.515072    78.519169    93.533435    93.434989          0.0   289.669124   284.685841            0     1.154799    -1.201987
        2057      4.82272   473.021973   647.631003  1498.197265     1.895177   175.498526    96.423338    79.075188    94.181219    94.560686          0.0   289.693233    284.75478            0     0.731217     0.025073
        2058     5.280565   473.321991   648.348661  1499.799426     1.782191   173.996783    95.762005    78.234778    92.828085    93.995885          0.0   289.525143   284.467401            0     1.048462    -0.434361
        2059     5.668681   473.563995   650.809071   1501.09295     1.685236   176.071246    96.861166     79.21008    93.318328     94.22729          0.0   289.570246   284.620617            0     0.173466    -0.384562
        2060     3.935986       473.75   652.453619  1502.209108      1.62608   178.365392    98.119317    80.246075    96.130637     95.80791          0.0   289.694182   284.906515            0     0.666859    -1.438886
        2061     3.439526   473.877991   653.669687  1502.143707      1.63274   176.718941    97.041438    79.677504    95.410086    94.738281          0.0   289.595655   284.622235            0     1.087088    -0.606403
        2062     4.555285   473.958984   654.892967  1503.730315     1.611584   175.691028    96.237293    79.453736     93.36824    95.635023          0.0   289.668982   284.709755            0    -0.621011     0.680175
        2063     2.209167   473.998993    654.51778  1505.591855     1.560089   174.510125    95.760274    78.749851    95.098854    94.678131          0.0   289.719017   284.756007            0      1.45733    -2.282263
        2064     3.266045   473.998993   654.782615  1505.690447     1.503604   176.116467    97.059774    79.056693    95.199896    94.912505          0.0   289.658559   284.775719            0     1.882434    -0.385983
        2065     5.163848   473.957001   656.787399  1507.052273     1.683362   177.017621    97.946575    79.071045    94.279312    95.765483          0.0   289.536034   284.457791            0     0.176309     0.124345
        2066     2.234679   473.872986    657.04761  1509.214715     1.522664   173.945627    95.288496    78.657131    94.318237    95.147732          0.0    289.61047   284.481505            0    -0.119447    -1.332946
        2067     4.208996   473.746979   657.603476   1509.78822      1.45205   177.276405    98.501585     78.77482    95.397729    94.694368          0.0   289.556101   284.479741            0     3.251351    -1.276865
        2068     5.184993   473.578003   660.884027  1510.642893     1.435209   177.826962    98.429652     79.39731    94.241183    96.394793          0.0   289.535907   284.418288            0    -1.245691     1.298937
        2069     2.699328    473.36499   661.738863  1512.726264     1.312303   176.418875    97.321782    79.097093    95.402377    95.635147          0.0   289.699515   284.690105            0     0.831798    -1.850601
        2070      1.20857   473.109985   662.390432  1513.256284     1.319615   176.040552    96.625905    79.414647    96.115057    95.962544          0.0   289.717948   284.725517            0     0.011792    -0.682534
        2071     2.163065   472.811005     662.0947  1514.311817      1.27428   175.486247    96.929452    78.556795    95.285588    95.574986          0.0    289.62751   284.492398            0     1.650198    -0.766135
        2072     3.576894   472.458008   663.465676  1515.301002     1.282997    177.69015    98.721086    78.969063    95.555771     95.84747          0.0   289.620945   284.463538            0     1.502641    -0.697486
        2073      2.45277   472.040985   664.999736  1516.430557     1.309521    178.14507    98.250691    79.894378    96.100718    96.499897          0.0   289.679185   284.653415            0     0.216734    -0.730375
        2074     0.947781   471.561005   664.867107  1517.908727     1.269615     177.2539     97.52089     79.73301    96.702463    96.875984          0.0   289.730409   284.856645            0     0.777535    -1.304649
        2075     1.056713   471.018005   664.585559  1519.048473     1.208843   176.836805    97.783973    79.052831    96.662839    97.223572          0.0   289.644872   284.556767            0     0.841949    -0.579012
        2076     1.741687   470.414001   664.479351  1520.100501     1.144086   177.723341    98.740062    78.983279    96.703025    96.437616          0.0   289.576215   284.495054            0     2.408654    -1.317437
        2077     2.310247   469.748993   665.259321  1522.050915     1.057264   178.326119     99.34947    78.976649    96.526046    97.774541          0.0   289.614162   284.498357            0     0.794958    -0.701919
        2078     -0.21815   469.022003   665.083981  1523.802661      1.04505   176.933116    97.901838    79.031277    97.463095    96.984976          0.0   289.663042   284.681018            0     1.092203    -2.229865
        2079     -0.13137   468.235992   664.508437  1524.560345     0.917132   178.520814    99.244491    79.276323     98.46599    98.159417          0.0   289.661759   284.652587            0     1.660618    -1.064257
        2080     0.590175   467.390015   664.926562  1525.462515     0.949034   178.090234     98.90828    79.181954    97.313688     97.37776          0.0   289.638162   284.620962            0     1.112396    -0.838099
        2081     1.506516   466.484009   665.550906  1526.479622     0.994466   180.064776   100.771619    79.293157    98.195319    98.136251          0.0   289.568214   284.524607            0     2.011024    -1.076174
        2082    -0.841554   465.536011   666.296301  1527.291387     0.969657   177.802653    98.354391    79.448261    98.012711    98.256553          0.0   289.657318   284.603244            0    -0.647556    -0.567924
        2083     0.165526   464.561005   665.121965  1528.926823     0.929484   177.921622    99.295517    78.626105    97.848835    98.210848          0.0    289.53652   284.486766            0     2.259004    -1.273422
        2084    -2.403961   463.558014   664.102629  1530.424481     0.863291    175.20182    96.415163    78.786656    97.412486     98.39093          0.0   289.608759   284.559637            0    -0.956431    -0.519214
        2085     -4.86496   462.527008   660.591507  1531.532429     0.837891   174.735309    95.877298    78.858011     99.25053    98.198108          0.0   289.856229   285.007801            0     1.190313     -2.16037
        2086    -6.817078   461.466003   655.470259  1531.441572     0.808491    170.87206     93.36391     77.50815     98.63453    97.975021          0.0   289.875369   285.047641            0     0.510137    -0.568652
        2087    -0.600387      460.375   654.725971  1530.036488     0.695438   177.597119   100.562488    77.034631    99.441314    96.454586          0.0   289.527426    284.55474            0      4.85219    -1.581645
        2088     2.048688   459.255005   657.865782  1530.296301     0.674374   180.271353   101.561158    78.710195    97.708245    98.248621          0.0   289.360195   284.219456            0     0.172726     0.280563
        2089     0.356223   458.104004   659.123661  1532.089037     0.600448   177.915404    99.000119    78.915285    96.699717    99.108042          0.0   289.490156   284.354432            0    -1.365802     0.615589
        2090    -3.751776   456.924011   657.206364   1533.86829     0.464382   176.226868     97.73848    78.488388    99.348602    98.115315          0.0   289.546565    284.51521            0     1.540463     -3.01254
        2091    -1.758586   455.713013   657.071027  1533.558234     0.500861   177.033999    98.793454    78.240545    98.423718    98.443878          0.0   289.537955   284.486609            0     0.484912     0.330215
        2092    -0.563364   454.502014   657.275044  1533.657074     0.622945   177.650123    99.692534    77.957589    98.251547    97.952489          0.0   289.380399   284.204521            0     1.536028    -0.397899
        2093    -2.131896      453.319   657.913407  1533.922762     0.525752   176.961292    98.152129    78.809163     98.24222     98.85179          0.0   289.523141   284.556272            0    -1.338022     0.343882
        2094    -1.816036   452.160004   656.989189  1534.665492     0.456969   176.301949    98.351228    77.950722    98.107973    98.018021          0.0   289.505854   284.523401            0     1.257425    -0.832682
        2095    -2.564498   451.024017    656.12836  1535.631519     0.555564   173.070785    95.864912    77.205873    96.517857    97.693068          0.0   289.401945   284.191103            0    -0.967327     0.209185
        2096    -3.936934   449.908997   653.612308  1536.628472     0.387627   173.024354    95.607234     77.41712    97.528512    97.328851          0.0   289.567466   284.429087            0     0.794436    -1.196614
        2097     -2.28387   448.812012   652.311877  1536.223922     0.366256   174.654286    97.525134    77.129153    97.810973    97.034121          0.0   289.511968   284.463854            0     1.791444    -0.372302
        2098    -0.085119   447.734009   654.139116   1535.69501     0.528272   175.836626    98.270601    77.566024    96.560378      96.8066          0.0   289.391902    284.20888            0    -0.363237     0.775133
        2099    -2.398317   446.671997   654.674899  1535.814685     0.353726   174.674358    96.710224    77.964134     97.17271    96.963858          0.0   289.567331   284.509688            0    -0.789418    -0.328527
        2100    -4.875932      445.625   653.325051   1535.56798     0.376829    172.80387    94.795974    78.007897    97.792362    96.731102          0.0   289.696789   284.635208            0     -0.58528    -0.814555
        2101    -4.972357    444.59201    649.41031  1534.869918     0.256303   169.385327    92.939254    76.446073    95.968606    95.988121          0.0   289.677946   284.723466            0     0.865874     0.717578
        2102    -1.954396   443.578003   649.024981  1534.131475     0.296387   175.857466    98.679183    77.178284    98.771072     96.33294          0.0   289.560871   284.646822            0     2.731572    -1.699688
        2103     1.270415   442.585999   652.374822  1532.906632     0.244302   177.574695    99.475623    78.099072    96.337462    97.359092          0.0    289.48985   284.386713            0     -1.23331     2.246472
        2104    -2.385337   441.614014   652.202458  1534.056489     0.153757   172.243473    94.974226    77.269247    95.443895    96.801062          0.0   289.420246   284.302578            0    -1.654472      0.20731
        2105    -1.876239   440.662018   651.392802  1534.548053      0.27853    173.87687    96.534886    77.341985    96.662788     96.43435          0.0   289.485306    284.43424            0     0.910191    -0.720002
        2106    -3.177181   439.729004   649.826154  1534.950039     0.196691   171.349778    94.895447     76.45433    96.282865    96.481575          0.0   289.456771   284.262847            0     -0.01948    -0.203276
        2107    -1.908447   438.813019   649.745249  1534.849511     0.377457   172.053811    95.311877    76.741934    95.647584     95.99187          0.0   289.479414   284.395443            0    -0.599088     0.444813
        2108     -2.30678   437.914001    648.39173  1535.250708     0.268297   170.883473     94.38675    76.496723    95.047754    95.686224          0.0   289.434853   284.215453            0     0.054045     0.237273
        2109    -3.799565   437.031006   646.654914  1535.415608     0.193182    170.92676    94.292124    76.634636     96.40491    95.591244          0.0   289.516319   284.439384            0     0.437697    -0.978567
        2110    -0.882189   436.162994   646.805978  1534.410845     0.299077   174.114215    97.142732    76.971483     96.47594    95.945794          0.0   289.411555   284.277584            0     1.045875     0.474617
        2111    -1.447058   435.311005   647.232361  1534.682872      0.21143   172.577259    95.814306    76.762953    95.658845     95.97105          0.0   289.373715   284.314067            0    -0.583127     0.040177
        2112    -1.318978   434.472992   647.545267   1534.40436     0.202971   174.367177    97.136329    77.230849    96.874088    95.956261          0.0   289.374999    284.25744            0     0.867162    -0.639314
        2113    -1.548075   433.649994   648.225976  1534.599944      0.16685   172.099843    95.216287    76.883556    95.178989    96.303554          0.0   289.343043   284.127131            0    -1.767976     0.928981
        2114    -2.157313   432.839996   647.124239  1534.959654     0.135615    170.78688    94.603701    76.183179    95.172087    95.046011          0.0    289.36139   284.120214            0     0.659428    -0.485786
        2115    -1.546788   432.044006   646.173108  1535.336264     0.187955   171.346831    94.952499    76.394333    94.992521    95.386782          0.0    289.34662   284.275392            0     0.516847     0.017651
        2116     1.248185   431.261017   647.357026  1535.575281     0.235405   174.445965    97.825259    76.620706    95.145436    95.531742          0.0    289.17355    283.92646            0     1.109599     0.147289
        2117    -0.027419   430.490997   648.699678  1536.607935     0.118844   172.161267    95.482681    76.678586    93.989517     96.29706          0.0   289.243825   284.028094            0    -2.157032     1.274889
        2118    -3.867821   429.734009   646.786705  1537.812432    -0.032929   168.865988    93.040531    75.825457    95.263738    94.601466          0.0    289.31825   284.036614            0     0.352037    -1.866769
        2119    -1.178026   428.988007   646.369322  1537.100363      0.14689   171.213008     95.30053    75.912478    95.037152    95.276708          0.0   289.287691   284.045413            0     0.441205     0.951626
        2120    -2.562093   428.253998     645.9002  1537.628439     0.118517   170.841624    94.057628    76.783996    95.175477    95.654368          0.0   289.381133   284.182961            0    -1.127619    -0.049185
        2121    -4.633176   427.532013   643.772976  1537.496784     0.098636   169.835531    93.223153    76.612378    96.417806    95.403439          0.0   289.559835   284.461718            0    -0.053062    -0.882712
        2122    -4.144703   426.821014   641.095953   1536.90974      0.00775    167.96977    92.762962    75.206808    95.401646    94.613611          0.0   289.423727    284.35679            0     0.826374    -0.200991
        2123     0.366551   426.119995   641.976814  1535.657975     0.155477   174.871636    97.896596     76.97504       96.193    95.824997          0.0   289.256762   284.039814            0     1.190738     0.883763
        2124    -1.515456      425.431   642.724506  1536.175841     0.123832   171.125668    94.552884    76.572784    94.725249    95.912556          0.0    289.29931   284.159937            0    -2.107364     0.669441
        2125    -2.600402   424.751007   640.554488  1537.405939     0.186301   168.589144    92.759594     75.82955    94.098541    95.584154          0.0   289.430744   284.316911            0    -0.654543     0.255515
        2126    -5.033502   424.082001   637.178983  1538.072418     0.136545   166.316174    91.394797    74.921377    95.140479    94.160206          0.0   289.513703   284.385385            0     0.610096    -1.646752
        2127    -1.724225   423.423004   635.963338  1536.699143     0.029743   169.355361    94.232344    75.123017     94.58326    93.574799          0.0    289.26759    284.07359            0     1.873191     0.364814
        2128     0.360398   422.774017     637.5055   1536.37595     0.269895   173.180932    97.128502    76.052429    95.656257    94.038889          0.0    289.13592   283.860555            0     1.547451    -1.294174
        2129     0.187728   422.134003   639.712363  1536.249885     0.149059   171.112296    94.360821    76.751475    92.959513    95.908059          0.0   289.318755   284.188517            0    -3.754101     3.074611
        2130    -3.699887   421.503998   637.518993  1537.191057     0.101281   167.870557    92.421306    75.449251    94.881145    94.039731          0.0   289.337595   284.136562            0     0.574945    -1.782586
        2131    -1.365589   420.882019   636.527117  1536.548709     0.246559   169.369982     93.96303    75.406952    94.250938    93.786955          0.0   289.234059   284.010568            0     1.167951     0.178364
        2132     0.236055    420.27002   637.329475  1536.413604     0.285848   172.533958    96.432153    76.101805    95.178952    95.088555          0.0   289.195509   284.012307            0      0.54124     0.044708
        2133     0.051561   419.666992   638.533923  1536.560087     0.266119   170.826728    94.770449    76.056279    93.701117    94.384461          0.0   289.131444   283.870365            0     -0.81846     0.536861
        2134    -2.997174   419.071991   637.374436  1537.371665     0.170047   168.399591    92.489944    75.909647    94.390361    94.642322          0.0   289.242729   283.971121            0     -0.99289    -0.559616
        2135    -3.032863   418.485016    635.17086  1537.605708     0.214585   166.104475    91.129811    74.974664    93.127543    94.022245          0.0   289.344975   284.205903            0    -0.688858     0.660658
        2136    -3.464477   417.907013   632.232973  1537.937278     0.091783   167.978946    92.838755    75.140191    95.164404    94.302038          0.0    289.37369   284.359569            0     1.474604    -1.193935
        2137    -1.296958   417.337006   632.339414   1536.51244     0.240095    169.99316    94.638762    75.354398    94.962224    93.581896          0.0   289.266616   284.128418            0     0.950425      0.04451
        2138    -2.670653   416.774994   631.969275  1536.571725     0.124982   167.033197    91.780675    75.252522    93.379743    94.112852          0.0   289.292231   284.135197            0    -1.962038     0.673824
        2139     -0.27885   416.221008   630.671493  1536.852002     0.038299   169.470804    94.494863    74.975942    93.632535    93.517863          0.0   289.147489   283.872403            0     2.274781    -0.394948
        2140    -0.357676   415.675018   631.607875  1536.994673     0.155021   168.924727    93.749035    75.175691    93.099277    93.793981          0.0   289.115197   283.851117            0    -0.981328     0.552034
        2141    -1.266505   415.136017   631.614923  1536.653877    -0.040125   170.385502    94.867219    75.518282    94.946024    93.723802          0.0   289.182578   284.047602            0      1.13637    -0.881426
        2142     1.865293      414.612   633.507709  1536.749063     0.178557   171.461135    95.696009    75.765126    92.893598    93.956937          0.0   289.128058   283.844519            0    -0.153714     0.968153
        2143    -1.417622   414.108002   633.439205  1538.089433     0.141507   167.256913    91.860703     75.39621    92.346781    94.219608          0.0   289.207613   283.970012            0      -2.2904     0.532457
        2144    -3.834996      413.625   631.159267  1538.800749    -0.031028   166.550052    91.137867    75.412185    93.913487    93.411919          0.0   289.296439   284.171638            0     0.005886    -1.212883
        2145    -0.673596   413.161011   630.008276  1538.258457     0.014256   168.358866    93.737826     74.62104    93.437809    93.022506          0.0   289.112635   283.884715            0     1.866312     0.126989
        2146    -1.282106   412.714996   630.182737  1538.542999     0.020167   167.576137    92.913538    74.662599    93.266207    93.167915          0.0   289.070529   283.785396            0    -0.428838    -0.382835
        2147    -1.220005   412.287994   630.480441  1537.794485     0.092062    168.45785    93.231405    75.226445     93.63435    93.406608          0.0   289.127276   283.890271            0    -0.472907     0.520771
        2148    -0.166193   411.877991   630.294489  1537.581903     0.096528   169.282747    93.922846    75.359902    93.312636     93.28816          0.0    289.13131   283.956663            0     0.820638     0.188107
        2149    -0.430395   411.485016   630.502492  1537.751358     0.152057   168.864327    93.626552    75.237775    93.372327    93.827466          0.0   289.050699   283.624185            0    -0.408917     0.285683
        2150     -1.10559   411.109009   630.313073  1538.348465     0.135201   168.103694     92.53893    75.564763    92.979172    93.799775          0.0   289.241523   284.145892            0    -1.071425     0.223497
        2151    -1.468299   410.748993   629.196475  1538.381819     0.218096    169.16412    94.175089    74.989032    95.094979    93.600539          0.0   289.136288   284.022644            0     1.691147    -1.527794
        2152      0.00955   410.402008   630.535334  1537.300504     0.216763   170.180344    94.157092    76.023252    93.625543     93.54459          0.0   289.185468   284.004613            0    -0.726356     1.000362
        2153     0.246331   410.063019   630.378186  1537.815232     0.277502   169.110338    94.013263    75.097074    93.322696    93.218499          0.0    289.12294   283.874775            0     0.951912    -0.618924
        2154     2.111038   409.734009   631.390421  1538.222533     0.258946    170.96828    95.225675    75.742606     92.67309    94.015874          0.0   288.990786   283.558673            0     0.197565     0.935482
        2155    -0.141696   409.412994   631.932424  1539.666222     0.168991   168.370387    92.924927    75.445461    92.552145    94.242284          0.0   289.056205    283.81482            0     -1.85936      0.24645
        2156    -2.131284    409.10199   630.330422  1540.830859      0.13436   167.421292    91.828167    75.593125    93.431654      93.8917          0.0   289.173542   284.085926            0    -0.461531     -0.70459
        2157     -0.61972   408.799011    628.89335  1540.791282     0.109732   168.216533    93.249646    74.966887    93.334028    94.045085          0.0   289.068614   283.821694            0     0.641632     0.750635
        2158    -1.244092   408.506012   628.108018  1541.198749     0.138462   166.541323     92.12439    74.416933    92.883122    92.710915          0.0   289.056119   283.676901            0     0.198807    -0.579674
        2159    -2.481321   408.221008   627.059616  1541.044172    -0.001014   166.222027     91.25944    74.962587    93.132947    93.074321          0.0   289.141227   283.922907            0     -0.76648     0.095952
        2160    -2.404606   407.945007   624.542419  1540.997318     -0.05346   164.183124    90.606594     73.57653    92.370107    91.998774          0.0   289.064225   283.780923            0     1.125017    -0.324479
        2161     0.188891   407.679016   624.819844  1540.937877     0.197693   167.553811    93.310026    74.243786    92.752508    92.689432          0.0    288.97311   283.684741            0      0.34317    -0.003635
        2162      0.29751   407.420013   625.720362  1540.831275     0.134553   168.525287    93.506312    75.018975    92.791914    92.632205          0.0   289.050241    283.80056            0    -0.026412    -0.053107
        2163    -0.883869    407.17099   625.529633  1541.087604     0.173714   167.180951    91.869789    75.311162    92.397175    93.407366          0.0   289.064031   283.834367            0    -1.346848     0.753862
        2164    -2.988121      406.931   623.508276  1541.282191      0.11417   164.707672    90.252349    74.455323    92.843678    92.577942          0.0   289.097058   283.830187            0    -0.304236    -0.460324
        2165    -0.381949   406.699005   621.910349  1541.218466     0.235517   165.714799     91.94598    73.768818    92.069506    91.862191          0.0   288.987962   283.645606            0     1.681717     -0.14359
        2166    -1.756012   406.475006   622.011898  1540.839215     0.214939   165.643007    91.059439    74.583568    92.553473     92.33049          0.0   289.046961   283.865633            0      -1.3726     0.156268
        2167    -2.757034    406.26001   619.993659  1540.845129      0.08081   165.079438     90.90823    74.171208    93.288324    91.684683          0.0   289.230589   284.205634            0     1.241785    -1.609555
        2168     1.854998   406.054016   620.926379  1539.371087     0.205259   168.308305    93.708597    74.599707    91.620275    92.613134          0.0   288.945336   283.685972            0     0.162745     2.466901
        2169    -0.320807   405.855988    621.11497  1540.734548     0.115196   166.082442    91.614271    74.468171    91.628649    92.552187          0.0   288.915348    283.65869            0    -1.126507    -0.439923
        2170    -0.868238   405.666992   619.831746   1541.70012      0.21755   164.591769    91.047657    73.544112    91.731052    92.183272          0.0   288.875392   283.424341            0     0.147608    -0.513352
        2171    -1.283293   405.485992    618.08783   1542.42505     0.121851   163.751739    90.261297    73.490442    91.281073    91.763361          0.0   288.877766   283.621018            0     0.241852    -0.242641
        2172    -0.263113   405.312988   617.564116  1542.557734     0.221604   164.844822    91.192037    73.652786    91.308408    91.498034          0.0   288.858566   283.562008            0     0.217717     0.056942
        2173    -1.408394   405.148987   616.513252  1542.654584     0.237189   164.629842    90.933472     73.69637    92.229876    92.126684          0.0   288.913227   283.653011            0    -0.142347    -0.200042
        2174    -3.339236   404.993011   614.888726  1542.434407     0.325045   162.675658    88.545476    74.130182    91.877668    91.978627          0.0    289.10987    283.93953            0    -1.808626     0.321137
        2175    -0.686294   404.843994   612.958859  1541.449593     0.246808   166.392353    92.888394    73.503959    93.504221    91.417874          0.0   288.980568    283.69673            0     3.400387    -1.101533
        2176     3.248531    404.70401   615.516511  1540.501877     0.250261   169.020479    94.787488    74.232991    91.491174    91.714194          0.0   288.728113    283.27557            0     0.515643     1.170736
        2177     2.731405   404.572998   618.322157  1541.664725      0.16183   168.933413     93.83486    75.098553    90.986344    93.079541          0.0   288.890151   283.471371            0    -2.050327     0.930349
        2178    -1.082895   404.449005   617.048593  1543.177567     0.011798   164.861428    90.826722    74.034706    91.657417    92.075148          0.0   288.887227   283.522822            0     0.025137    -1.095111
        2179     0.222639   404.333008   616.818277  1543.000905     0.175473   167.682481    93.085413    74.597068    92.791273    92.471933          0.0   288.860676   283.512402            0     0.843796    -0.142677
        2180    -1.821272   404.225006   616.205836  1543.492986     0.204278    163.87279    89.617673    74.255117    91.413271    92.625192          0.0    289.11787   283.893016            0    -2.395078     0.719841
        2181     -3.41546      404.125    613.15557  1543.339408     0.244171   162.518803    89.030766    73.488037    92.477468    91.418927          0.0   289.051785   283.705798            0     0.662105    -0.904963
        2182    -1.489191    404.03299   611.377833  1542.478272     0.216823   164.094748    90.983302    73.111446     92.49341    91.508337          0.0   289.029658   283.734275            0     1.252701    -0.123937
        2183    -0.361992   403.947998   611.217452  1542.201599      0.29456    164.49562    90.704089    73.791532    91.179679    91.485932          0.0   289.088215   283.894362            0    -0.621463     0.582926
        2184    -1.941263   403.871002   609.740179  1542.012612     0.214434    163.23461    89.572913    73.661697    91.564671    91.396937          0.0     289.0409   283.822364            0     -0.34675     0.021253
        2185    -0.108539   403.802002   609.011352  1541.171742     0.114408   166.204409    92.667958    73.536451    92.743991    91.179062          0.0   288.917562   283.576395            0     2.217723    -0.724058
        2186     3.035883   403.740997   612.002176  1540.367207     0.242545   168.908284    94.565846    74.342438    91.642615    91.398163          0.0   288.931316   283.598548            0     0.176859     0.560082
        2187    -1.193229   403.687012   612.319411  1541.033689     0.197946   163.937383        89.83    74.107382    91.106227    92.218946          0.0    289.03633   283.768601            0    -2.706181     0.446238
        2188    -1.513223   403.641998   610.830453  1540.495119     0.147256   164.330625    90.861971    73.468654    92.426605    91.410721          0.0   289.047667   283.732805            0     0.940208    -0.477314
        2189    -0.647761   403.604004   610.097689  1540.325636     0.115778   162.807673    89.596721    73.210952    90.279357    90.987464          0.0   289.017696   283.518128            0    -0.657979     0.877589
        2190    -0.229978   403.575012   608.583284  1540.979644     0.119118   165.256742    91.773901     73.48284    92.061263    91.731388          0.0   289.004089   283.739236            0     1.556918    -0.983883
        2191     1.693494   403.553009   609.947376  1540.817652     0.245248   167.064459    93.045266    74.019193    91.550164    91.454794          0.0   288.934679   283.461273            0      0.22638     0.066622
        2192    -0.780066   403.532013   609.891979  1541.030989     0.240815   163.735095    90.241866     73.49323    91.218036      91.4572          0.0   288.965552   283.545031            0    -1.159938     0.025827
        2193    -1.036954   403.505005    609.42793   1541.04902     0.241482   164.515646    90.721012    73.794634    91.941937    91.499344          0.0   289.068249   283.745136            0    -0.314284    -0.460624
        2194     1.180406   403.473999   609.113403  1540.520162     0.254335   166.216399    92.639966    73.576432    91.647873    91.363187          0.0    289.01657   283.671374            0     1.591307     0.244173
        2195     0.955218   403.437988   610.371754  1540.209443     0.213268   166.953455    92.579358    74.374096     91.76073    91.547221          0.0   289.115402   283.760379            0    -0.226214      0.09721
        2196     0.505268   403.398987   611.032711  1539.730536     0.222795   166.329332    92.152761    74.176571    91.787243      91.3133          0.0   289.022485   283.635061            0     0.178505     0.004964
        2197     0.570727   403.355988   611.933058  1539.916599     0.275382   165.774526    91.843626      73.9309    91.456724    91.816483          0.0   288.963348   283.610506            0    -0.873205     0.173696
        2198     1.404097   403.309998   612.491819  1540.132523     0.334577   166.276747    92.152965    74.123782     90.98552    91.674728          0.0   288.978377   283.694595            0    -0.080524     0.473285
        2199     0.894177   403.261993   612.045331  1541.078747     0.268876    165.06919      91.4756    73.593589    90.748086    91.157133          0.0   288.929232   283.505181            0     0.764955    -0.537177
        2200      1.67216   403.210999   612.942361  1541.098823     0.273803   166.038372    92.379274    73.659098    90.872337    91.585204          0.0   288.908876   283.532134            0     -0.10296     0.692791
        2201    -0.626603    403.15799   613.460826  1541.766215     0.289803   165.136724    90.667853    74.468872    91.471389    91.929559          0.0   289.048739   283.658781            0    -1.780171    -0.209223
        2202    -3.759944   403.102997   610.807303  1541.681123      0.29153   163.437126     88.83428    74.602845    92.768662    91.590767          0.0   289.310923   284.239634            0    -0.102964    -1.092802
        2203     -0.44685    403.04599   609.403559   1540.39898     0.191406   166.388991    92.670627    73.718364    93.187503    91.449175          0.0   289.152916   283.870029            0     2.625196    -0.456185
        2204     2.237037   402.988007   611.300178  1539.588325     0.335884   167.588656    93.306307     74.28235    91.281693    92.264984          0.0    288.97409   283.606269            0    -0.855297     1.793946
        2205     0.836953   402.928009   611.641105  1540.829654     0.246947    164.38324    90.650032    73.733208    89.932279    91.407283          0.0   288.935992   283.598406            0    -1.098177     0.233674
        2206    -2.598573   402.865997    609.32129  1542.074884     0.207775   162.397489    88.522803    73.874686    91.197114    92.135978          0.0   289.208838   283.917176            0     -1.29336    -0.306366
        2207    -1.688262   402.803986   607.045885  1541.924047     0.282357   164.159279    90.892319     73.26696    92.730902    91.377455          0.0    289.23548   284.043336            0      1.79027     -1.20261
        2208    -0.525355    402.73999   606.772259  1540.722091     0.294842   165.460419    92.021464    73.438955    92.705401    91.130251          0.0   289.096839   283.758923            0     1.164839    -0.373195
        2209     1.051933   402.675995   608.397309  1540.086995     0.241458   166.040673    92.090941    73.949731    91.144207    91.538491          0.0   289.041019   283.684488            0      -1.0726     1.029379
        2210     0.493439   402.609985   608.739904  1539.593551     0.303987   166.531147    92.391412    74.139735    92.061412    91.447511          0.0   289.040142   283.801049            0     0.601306    -0.120456
        2211     1.908092   402.544006   610.107887  1539.273503     0.360698   167.507187    93.233581    74.273606    91.545704    91.335521          0.0   288.960954   283.637801            0     0.530078     0.109865
        2212      2.03361    402.47699   612.546354  1539.192415     0.241791   169.407187    94.519861    74.887326     92.58535    92.120283          0.0   289.023473   283.751029            0    -0.038889    -0.383979
        2213     2.127216   402.408997   613.882362  1539.667343     0.342384    166.31703    92.251797    74.065233    90.322196    91.504337          0.0   288.861743   283.345819            0    -0.588548     0.707214
        2214    -0.373018   402.341003   613.065039  1541.093797     0.367328   163.851809    90.008482    73.843327    90.604058    92.397316          0.0   288.994519   283.567725            0    -1.571511     0.366804
        2215    -2.054045   402.272003   610.720112  1541.900721     0.289721   163.520574    89.727627    73.792946    91.924479    91.586916          0.0   289.106297   283.852824            0     0.485639    -1.144486
        2216    -0.355215   402.201996   609.276059  1541.981206     0.364235   163.967605    90.531661    73.435943    91.102053    91.582024          0.0   289.032742   283.726174            0      0.39369     0.399486
        2217     0.171203   402.131989   608.963484   1542.20616     0.430071   164.678867    90.916234    73.762633    91.026043    91.696998          0.0   289.091097   283.914756            0    -0.468189     0.446001
        2218    -0.932886   402.062012   607.906126  1542.074947     0.255196   165.847844    92.055048    73.792796    93.094135    90.998139          0.0   289.008667   283.782209            0     2.114267    -1.964784
        2219     3.861702   401.990997   611.156186  1540.559678     0.378693   169.655196    95.250357    74.404839    91.616146     92.35527          0.0   288.828145   283.415587            0    -0.354973     2.254394
        2220     1.044046   401.920013    612.59225  1541.753704     0.378353    166.73222    91.883408    74.848812    91.066577    92.417144          0.0   289.028183   283.845271            0      -1.9698     0.156541
        2221    -1.346667   401.847992   610.157352   1543.19145     0.358036    162.37613    89.309396    73.066734    90.860751    91.802713          0.0   289.031607   283.784495            0    -0.058419    -0.495784
        2222    -2.733103   401.776001   608.088271   1543.29743     0.225411   162.579036    88.999538    73.579499     91.80477    91.252041          0.0   289.112136   283.873899            0    -0.183423    -0.658709
        2223    -0.510287    401.70401   606.912353  1542.430741     0.122238   165.697769     92.16765     73.53012    92.646893    91.437528          0.0   288.993312   283.617774            0     1.906039    -0.342675
        2224     2.292024   401.631989   608.733447  1541.872422     0.226992   166.953495    93.044217    73.909279    90.825836    91.186772          0.0   288.901224   283.518522            0     0.036351     0.919255
        2225     0.107629    401.55899   609.047445  1542.659032     0.146783    163.32729    90.082538    73.244752    89.966266    91.141505          0.0   288.965878   283.531746            0    -1.372965     0.388629
        2226    -1.223858   401.485992    607.89758  1542.904917     0.046516   164.166405     90.70487    73.461535    91.819818    90.782216          0.0   289.007459   283.703033            0     1.072519    -1.283487
        2227     2.315342   401.412994    609.84379  1542.143835     0.100654   168.481364    94.011311    74.470053    91.641197    91.716439          0.0   288.909315   283.590044            0     0.348661     0.836324
        2228      1.21401   401.339996   611.113327  1542.246102     0.244217   167.268302    93.057483    74.210819    91.932263    91.965055          0.0   288.900047   283.643531            0    -0.177109    -0.069475
        2229    -0.807006   401.266998   610.943608  1543.199283     0.306988   163.065326    89.332512    73.732814     90.29108     91.53837          0.0   289.050466   283.763946            0    -2.036139     0.294109
        2230    -1.138959   401.192993   609.274084  1543.426715     0.346661   164.196583    90.423861    73.772722     91.75191     91.44481          0.0   289.045254   283.632262            0     0.648576    -0.534532
        2231    -0.149279   401.119995   608.808261   1542.42705     0.189375   166.871614     92.89071    73.980904    93.073937    91.592188          0.0   289.012846   283.741841            0     1.764345    -0.482084
        2232     1.320887    401.04599   610.828711  1541.880027     0.230922   168.192398    93.004894    75.187504    91.757359     92.08424          0.0   289.081461   283.867977            0    -1.099796     0.873904
        2233    -0.647774   400.971985   610.140668   1542.47605     0.217876   164.960719    90.932776    74.027942    91.640855    91.651534          0.0     289.0768    283.81306            0    -0.030714    -0.585344
        2234     1.031098    400.89801   610.298729  1542.431119     0.230493   167.135177    92.438933    74.696244    91.480823    91.998572          0.0   289.059382   283.883852            0       0.2823      0.56268
        2235    -0.991271   400.825012   609.440338  1543.127067     0.281203   163.965556    90.048757    73.916798    91.165805    91.479135          0.0   288.992882   283.753653            0    -0.571986    -0.382618
        2236     0.051358   400.751007   608.530635   1543.31099     0.316173   164.349314    91.177606    73.171708    91.284851    91.392018          0.0   288.937144   283.490262            0     0.695291    -0.076756
        2237     1.257456   400.677002   609.842374  1542.924875     0.303084   166.044379     91.97104     74.07334    90.859096    91.253312          0.0   288.918795   283.585374            0    -0.594011      0.78033
        2238     -0.38635   400.602997   609.087292  1543.639273      0.16233   164.260722    90.366216    73.894506    90.757325    91.628226          0.0   288.949659   283.579141            0    -0.506927     0.156503
        2239    -0.096044   400.528992   607.917801  1544.329405       0.2025   164.262394    91.060292    73.202101    91.201267    91.035634          0.0   288.915737   283.681404            0     1.194149    -0.855765
        2240    -0.826648    400.45401   608.593708  1543.328395     0.204863   164.741034    91.367591    73.373443    92.239452    90.341108          0.0   288.908348   283.623557            0     0.350576    -0.897334
        2241     2.317548   400.380005   609.917555  1542.874963     0.261237   167.379451    93.128316    74.251135    90.914434    91.857744          0.0   288.847787   283.557862            0    -0.053275     1.396742
        2242      1.23514      400.306   610.629287  1543.586615     0.387077   165.683866    92.000662    73.683204    90.995027    91.747548          0.0   288.796681   283.513287            0    -0.458617     0.040868
        2243    -1.081466   400.231995   610.225568  1544.193264     0.293922   163.915824    89.622434     74.29339    90.840253    91.801432          0.0   288.998224   283.759565            0    -1.775278      0.35453
        2244    -2.098119    400.15799   607.927986  1544.272809     0.368678   162.362471    89.378687    72.983784    91.687913    90.798306          0.0   289.029104   283.799795            0     0.877962    -0.969151
        2245    -0.398687   400.084015   606.830507  1544.020405     0.287765    163.21438    90.438813    72.775566     90.96776    90.696447          0.0   288.844545   283.412092            0     0.839845    -0.018909
        2246    -0.087817    400.01001   607.075731  1543.488382     0.389111   164.548457    91.390065    73.158392    91.709424    90.786016          0.0    288.90261   283.555003            0     0.358824    -0.391384
        2247     0.273674   399.936005    607.78418  1542.997087     0.319034   163.937429    90.176825    73.760603    90.064615    90.886066          0.0   288.941485   283.565476            0    -1.417689     1.312745
        2248     -2.39253      399.862   604.923906  1544.297653      0.45712   160.019935    87.354884    72.665051    90.046964    90.907142          0.0   288.932906   283.534101            0    -0.691984    -0.440388
        2249    -0.154979   399.787994   603.119919  1544.420836      0.31602   163.063305    90.559194    72.504111    90.872623    90.720039          0.0   288.803876   283.401646            0     1.643142    -0.275767
        2250     0.355813   399.713989   603.503287  1544.556752     0.278038   162.812878     89.80281    73.010068    89.567463    90.354229          0.0   288.750213   283.313022            0    -0.934788     0.650851
        2251    -0.429447   399.640015     602.3243    1545.1595     0.257434   162.219879    89.592262    72.627616    90.121639    89.709862          0.0   288.776388   283.341771            0     1.061387    -1.014526
        2252    -1.485556    399.56601   601.653123  1545.070972     0.186865   162.258981    89.265957    72.993024    90.780809    90.903618          0.0    288.91178     283.7684            0    -0.966484     0.211338
        2253    -0.831252   399.492004    600.52613  1544.600409     0.179731    162.73281    89.930299    72.802511    90.783711    90.136188          0.0   288.868883   283.519305            0     0.921104     -0.17696
        2254     0.519261   399.417999   600.682444  1544.687912      0.12811   163.284307    90.467115    72.817192    89.918394    91.066281          0.0   288.859229   283.636624            0     -0.75548     1.060385
        2255    -0.990644   399.343994   599.640187  1545.042478     0.252107    161.27849    89.100923    72.177567    90.186103    90.186623          0.0   288.764275   283.392271            0    -0.043443    -0.354046
        2256    -0.510695   399.269012     599.1315  1545.021897     0.076749   162.952907    90.524767     72.42814    90.952559    90.157837          0.0   288.817631    283.42479            0     0.875617    -0.774142
        2257    -0.749721      399.194   599.365575  1544.365078     0.132989    162.59035    90.118885    72.471465     90.84188    90.294176          0.0    288.88762     283.5572            0    -0.409366     0.109116
        2258    -0.526471   399.118011   598.835298  1543.910428     0.168089   162.998121     90.30754    72.690581    90.840307    90.147578          0.0   288.966712   283.658449            0     0.690238    -0.238079
        2259     1.241606   399.041992   600.265786  1543.205005     0.226197   165.170366    91.939764    73.230602    90.762495    90.320196          0.0   288.909964   283.560519            0      0.18908     0.263124
        2260    -0.641214   398.966003   600.215449  1543.218242     0.153167   163.364395    90.433952    72.930442    91.066539    90.540221          0.0   288.935484   283.644256            0    -0.055931    -0.539555
        2261     2.166218   398.890015   601.561102  1542.857117     0.221952   165.586942    92.552927    73.034015    90.446867    90.919481          0.0   288.780271   283.384137            0     0.287794     0.833739
        2262     1.036667   398.812988   603.246732  1543.166559     0.295125   165.718148     91.29603    74.422118    90.390485    91.543585          0.0   288.977871   283.767795            0    -1.933186     0.843658
        2263      -2.7019      398.737   600.558585  1543.985561     0.242192   161.623021    88.778009    72.845011    91.560307    90.558537          0.0   289.103798   283.971406            0      0.90762    -1.820773
        2264     1.128808   398.660004   601.161876  1542.749759     0.295194    165.10381    91.857121    73.246689     90.85957    90.225091          0.0   288.903481   283.534026            0      1.02874     0.601323
        2265    -0.223157   398.583008   601.858986  1542.379586     0.384195   164.715339    90.936387    73.778952    91.379801    90.736912          0.0   288.983648   283.752523            0    -0.497635    -0.272716
        2266    -0.082853   398.506012   601.948745  1541.991439     0.187373   164.436616    91.202452    73.234164     91.30874    91.019387          0.0   288.828409   283.449859            0     0.093305     0.098795
        2267     2.526095   398.428986   603.331686  1542.027688     0.191687   165.267887    91.998175    73.269713    89.499764    90.525159          0.0   288.711507   283.371862            0     0.090075     0.989145
        2268     1.202381    398.35199   604.315257  1543.003175     0.096789   165.074235    91.745666    73.328569    90.476137    90.814084          0.0   288.676525   283.196485            0    -0.051988     -0.63754
        2269     0.616496   398.274994   604.555321  1543.633851     0.139226   162.353241    89.545468    72.807773    88.904259    90.587472          0.0   288.726371   283.271221            0    -1.282068     1.052538
        2270    -1.886885   398.197998   602.688701  1544.683542     0.185795   161.271237    88.390881    72.880356    90.299623    90.565526          0.0   288.863322   283.581048            0    -0.308025    -0.783788
        2271    -1.109117   398.122009   601.582309   1544.09095     0.101818   163.657881    90.259623    73.398258    91.308766    90.606381          0.0   288.860613   283.452865            0     0.759633    -0.109793
        2272    -1.035194   398.045013   601.418492  1543.771645     0.287525   163.027981    89.653645    73.374336    90.812425     90.50564          0.0   288.989804   283.742911            0    -0.688178      0.01252
        2273    -1.716036   397.967987   598.886578  1544.079423        0.055   161.326314    89.056801    72.269512    90.663835    89.938215          0.0   288.834948    283.45618            0       1.6505    -1.033398
        2274     1.884903   397.891998   600.103284  1543.426257     0.194889   165.416737    92.457009    72.959728    90.605202    90.338203          0.0   288.719626   283.428516            0       0.9021     0.386167
        2275      2.75194    397.81601    602.40267  1543.957474      0.24509   164.811368     91.59651    73.214857    88.927867    90.667102          0.0    288.57679   282.935335            0    -1.369977     1.208019
        2276     0.812615   397.739014   602.619872  1544.964642     0.226931   164.386592    91.159548    73.227044    90.409927    90.801308          0.0   288.731727    283.33441            0     0.141038    -0.615787
        2277    -1.421602   397.662994   602.663204  1544.898606     0.215602    163.53406    89.885431    73.648629    91.360776    91.028025          0.0   288.927789   283.642199            0    -1.185926    -0.266715
        2278    -0.782221   397.587006   601.413825  1544.495748     0.093894   163.181888    90.183093    72.998795    90.897414    90.165713          0.0   288.892704   283.541209            0     1.266759    -0.328843
        2279     1.477798   397.511993   602.057774  1544.020114     0.256567   164.640619    91.359187    73.281432     89.97824    90.968581          0.0   288.817008   283.451486            0    -0.253343     1.465974
        2280    -0.870349   397.436005   601.911979  1544.728485     0.289487    163.81872     90.27721     73.54151    91.275253    90.751473          0.0   288.934793   283.466514            0    -0.328467    -1.232151
        2281    -0.290479   397.360992   601.705113  1544.570343     0.284787   163.764499    90.130002    73.634496    90.545554    91.221851          0.0   288.925389   283.654031            0    -0.884983     0.834439
        2282     -1.43163   397.285004   599.872896  1544.793962     0.322038   162.164768    89.449692    72.715077    91.041567    90.116747          0.0   289.026207   283.774949            0     1.165162     -1.14844
        2283     1.114879   397.209991   600.501185   1543.99485     0.284423   164.197778    91.255588     72.94219    90.265417    90.323853          0.0   288.866336   283.438345            0     0.303446     0.857549
        2284    -0.143971    397.13501   600.453006  1544.734253     0.316747   163.718907    90.130546    73.588362    90.431612    91.427205          0.0   288.952534   283.701823            0     -1.24848     0.256189
        2285    -0.341937   397.061005   599.461428  1544.746271     0.264935   163.649369    90.797144    72.852224    91.246445    90.162627          0.0   288.928536   283.632542            0     1.626095    -1.095837
        2286     0.388216   396.985992   600.007708  1544.041262     0.239971   162.754619    90.247228    72.507391    89.939269    90.068838          0.0   288.830211   283.358874            0     -0.36789     0.834579
        2287     1.914655   396.911987   601.148355  1544.326647     0.212245   165.661442    92.236313    73.425128    90.376332    90.408509          0.0   288.819717   283.423113            0     0.687156    -0.253208
        2288     0.796698   396.838013   602.755185  1544.629201     0.173895   164.403444    90.464294    73.939149    89.683985    91.422656          0.0   288.871923   283.553366            0    -2.565191     1.436116
        2289    -2.094199   396.764008   600.494137  1545.679239     0.138565   161.425429    88.453765    72.971664    90.528959    90.291096          0.0   288.936613   283.584043            0     0.423718    -1.287901
        2290    -0.055993   396.690002   599.798134  1544.981917     0.201729   164.362437    91.029901    73.332537    91.130052     90.32261          0.0   288.867308    283.60373            0     1.403294     -0.11012
        2291     0.145242   396.615997   600.077013  1545.070044     0.280658   163.079762    90.527725    72.552038    90.505569    90.493028          0.0   288.784616   283.360818            0    -0.244184    -0.100668
        2292     0.786869   396.542999   600.686303  1544.627095     0.236621   164.813188    91.684457     73.12873    90.978784     90.19573          0.0   288.956001   283.679702            0     0.879438    -0.340105
        2293     0.850988   396.468994   602.088865  1544.225804     0.296828   164.855145    90.976433    73.878712    90.264704    90.895758          0.0   288.873422   283.421965            0    -1.321887     1.032345
        2294     0.523508   396.395996   601.905891  1544.856503     0.113738   165.662576    91.706328    73.956248    91.141131    91.175693          0.0   288.959681   283.705788            0     0.713609    -0.596137
        2295     0.660063   396.322998   602.686379   1545.01483     0.218265   165.235052    91.341719    73.893333    90.744496    91.277693          0.0    288.89785   283.576223            0    -0.716462      0.37487
        2296     0.048845   396.251007   602.227209  1545.288384     0.189467   164.643075    91.041106    73.601969    91.028446    90.836653          0.0   288.971951   283.736741            0     0.663623    -0.465347
        2297     0.052036   396.178009   602.548786   1544.73067     0.178108   165.289168    91.767893    73.521275    91.738538    90.385036          0.0   288.815534    283.47251            0      1.06128    -0.795788
        2298     2.246902   396.105988   604.355819  1545.010147     0.262595   165.115323    91.508918    73.606406    89.371262    91.154926          0.0   288.689215   283.093594            0    -1.453041     1.504187
        2299    -0.174962   396.033997   603.890836  1545.948247     0.114164   163.503279    90.197488    73.305791    90.333333    90.399009          0.0   288.865053     283.4748            0     0.263463    -0.872425
        2300     0.706685   395.962006   604.059907  1545.948287     0.150013   164.776344    91.363349    73.412995    90.653394    90.927087          0.0    288.79358   283.321954            0     0.267191     0.273653