        time     emission          CO2         cveg        csoil        fgco2         fgpp         fnpp           ra          frh     fvegsoil         fluc          tas     tas_land        cprod     fcvegout    fcsoilout
        1850    -2.352348   284.316986   512.210035  1507.751707    -0.035546   120.714717    59.968537    60.746181    62.505122    61.054082     0.037839   286.820902   281.013316            0     0.247125     0.694622
        1851     0.402213   284.450989   511.667203  1506.982542    -0.080525    121.61605    61.178611    60.437439    60.941993    61.117391      0.03918   286.565072   280.540851            0     0.604052     0.944563
        1852     1.068447   284.597992   511.914208  1507.589874     0.205487   122.612246    61.748878    60.863368     61.15977    61.680303     0.039128   286.636745   280.645283            0     -0.17843    -0.086798
        1853    -1.832434   284.730988   510.260503  1508.240971     0.084494    119.49553    59.196675    60.298855    61.357606    61.324434     0.039154   286.792308   280.878902            0    -0.474054    -0.684269
        1854    -0.456783   284.846008   508.828524  1507.780325    -0.056389   121.274232    61.214244    60.059989    61.820294    60.820188     0.039229   286.652064   280.506152            0     1.826034    -0.539461
        1855     0.088772    284.94101   508.828538  1507.985599     0.017768   120.785981    60.714636    60.071345    60.806721    60.896166     0.039175   286.602257   280.450347            0    -0.181543    -0.115829
        1856     0.737279   285.049011   508.452743  1508.347203    -0.041193   122.421395    61.853552    60.567843    61.265908    61.560965     0.039114    286.64956   280.515755            0     0.668382    -0.066547
        1857    -0.580012    285.20401   507.522626  1509.253445    -0.035282   119.288035    59.608183    59.679852    60.443915    61.125424        0.039   286.642191   280.416239            0    -0.587124    -0.224733
        1858    -0.034152   285.368988   506.339296  1509.407242    -0.005554   121.482741    61.254615    60.228126    61.595518    61.062419     0.038943   286.619559   280.468634            0     1.375527    -0.686896
        1859    -0.161796   285.545013   506.419761  1509.208828      0.05429   122.455303    61.609018    60.846285    62.160904     61.45039     0.038969   286.747883   280.918739            0     0.078163      -0.5121
        1860    -0.333629   285.739014    506.14039  1508.743396     0.048193   121.902381    61.201735    60.700646    61.968664    61.293781     0.027932   286.709655   280.726724            0     0.187324     -0.20945
        1861     0.105519   285.933014   505.807153  1508.151922    -0.013282   122.263333    61.746833      60.5165      62.0136    61.330789      0.02747   286.673826   280.783764            0     0.749282    -0.091338
        1862     2.561173   286.100006   506.782629  1508.351038     0.146864   124.309665    63.435649    60.874015    61.349335    61.852667     0.027542   286.523484   280.557363            0     0.607506     0.304217
        1863     0.534635   286.270996   507.805612  1508.537606     0.081747    123.00951    61.988656    61.020855    61.872315    61.893346     0.027501   286.663795   280.718696            0    -0.927673    -0.165537
        1864     -0.11342   286.441986   507.325864  1508.686612     0.023184   121.926632    61.597092    60.329541     62.07017    61.307891     0.027573   286.650799   280.622528            0     0.768948    -0.911285
        1865     2.123082   286.614014   508.338181  1508.566281     0.068417   124.258359     63.16411     61.09425    61.448112    61.957182     0.027589   286.527136   280.378104            0      0.19461     0.629402
        1866     0.301223   286.781006   508.462119  1509.142597      0.17047   123.359982    62.184064    61.175917    62.381226    62.075236     0.027621   286.767223   280.874843            0    -0.015109    -0.882307
        1867    -0.930657   286.954987    507.91052  1508.566493     0.106908   122.336352    61.270023    61.066329    62.650308    61.827845     0.027695   286.910443   281.016496            0    -0.006224    -0.246359
        1868     0.495078   287.105011   507.725282  1507.828171     0.094262   123.443219    62.393849     61.04937    62.284772     61.52388     0.027671   286.761016   280.751903            0     1.055208    -0.022571
        1869     1.998476   287.225006   508.894378  1507.690184     0.112783   125.476679     64.02166    61.455019    62.363774    62.220483      0.02767   286.723714   280.661754            0      0.63208    -0.005303
        1870     1.358335   287.355011   510.076856  1508.118934       0.1364   124.641185    63.086173    61.555012    62.090944    62.507382     0.050082   286.778881   280.781317            0    -0.603687    -0.012312
        1871     0.688845   287.493988   509.743453  1508.662406     0.132746   122.993845    62.268745      60.7251    61.957611    61.893032     0.050926   286.703464   280.610308            0     0.709115    -0.608052
        1872     1.934443   287.664001   510.608203  1508.659057     0.117706   125.251482     63.99397    61.257512    62.488093    62.184328     0.051108   286.684791   280.609475            0     0.944893    -0.300416
        1873     1.003983   287.859985   511.163098  1509.197294     0.119365    124.42548    63.146828    61.278653    62.628331    62.571398      0.05114   286.729683   280.657662            0     0.020534     -0.59517
        1874     1.618431   288.061005    511.79265  1509.232745     0.179447   125.750709    64.245654    61.505055    63.183225    62.847101     0.051427   286.652788   280.610833            0        0.769    -0.371575
        1875     2.265437   288.290985   513.057232  1509.601543     0.232421   126.664721    64.455462     62.20926    62.860451    63.693525     0.051638   286.776402    280.84489            0    -0.502646     0.464276
        1876    -0.729548   288.519989   511.733384  1510.502529     0.212558   123.133222    61.789058    61.344165    63.167097    63.115639     0.051631   286.841522   280.898588            0    -0.002734    -0.952443
        1877     1.123015   288.752014   511.339989  1510.475956     0.162298   125.655958    63.939458    61.716501    63.421133    62.982562     0.051603   286.794699   280.900718            0     1.350291    -0.411998
        1878     0.442967   288.993011     511.0291  1511.169453     0.287451   123.544826    62.420578    61.124247    62.726668    63.059458     0.051493   286.826873   280.928185            0    -0.327991    -0.360707
        1879     0.502182   289.221008   510.578812  1510.985053      0.26873   124.080817    63.026082    61.054735    63.226531    62.454824     0.051518   286.791498   280.744051            0     1.021547    -0.587307
        1880     0.277565   289.470001   510.752013  1510.511074     0.310975   124.825738    63.323023    61.502715    63.843923    62.930091     0.042631   286.856371   280.938593            0      0.21973    -0.439853
        1881     0.499422      289.737   510.534266   1510.30967     0.262304   125.189079    63.584282    61.604798    63.873174    63.301298     0.042445   286.839902    281.00103            0     0.500731    -0.370472
        1882     2.177368   290.019012   511.535389  1510.106843     0.389059   126.477179    64.480758    61.996421    63.250493    63.463645     0.042378   286.735588   280.634226            0      0.01599     0.415979
        1883     -0.40392      290.263   510.509572  1510.561961     0.402773   122.984571    61.854702    61.129869    63.138647    63.154171     0.042213   286.898439    281.01705            0    -0.273652    -0.439594
        1884     1.546564   290.511993   509.284971  1511.568715     0.590831   122.990163    62.743685    60.246478    62.275805     62.90125     0.042268   286.499359   280.318662            0     1.067036     -0.38131
        1885     1.170117   290.796997    509.16223   1511.91989     0.458251   124.110845    63.355101    60.755744     63.20771    62.991772     0.042315   286.587142   280.583206            0      0.48607    -0.567112
        1886     2.101284   291.100006   509.643854  1511.733518     0.333457   125.772019    64.683028    61.088991    63.518008    63.138653     0.042318   286.481598   280.353324            0     1.062751    -0.192983
        1887     1.601749   291.414001    510.79008  1511.948073      0.23917   125.372242    63.844175    61.528067    63.107702     63.34185     0.042409   286.628648   280.634447            0    -0.643901     0.019593
        1888    -0.770138      291.763   509.737065  1512.421686     0.240421   123.625794    62.148863    61.476931    63.860065    63.573195     0.042397   286.849085   280.934046            0    -0.371317    -0.760483
        1889     0.875145   292.113007   508.818273  1511.897019     0.181507   125.972056    64.513741    61.458315    64.522936    63.552802     0.042351   286.832323   280.933893            0     1.879731    -0.445467
        1890     1.173619   292.458008   509.371922   1511.84787     0.331881    125.37066    63.832992    61.537667    63.680335    63.895569     0.045448   286.753882   280.774925            0    -0.616227     0.264384
        1891     1.984937    292.81601   509.160795  1512.224256     0.443517   125.174119     64.29779    60.876329    63.473008    63.562097     0.045569   286.570263   280.429725            0     0.946821    -0.287298
        1892     1.907958   293.166992   509.864265  1512.583339     0.372716   126.626887    65.092642    61.534245    64.258947    63.785835     0.045717   286.767182   280.864636            0     0.603337    -0.832195
        1893     1.614422    293.47699   510.211053  1512.795921     0.297245    125.69049    64.398001    61.292489    63.695136    63.861017     0.045692    286.68268   280.589535            0     0.190196      -0.0467
        1894     1.619638   293.790985    510.68216  1513.140098     0.353726   126.773457     64.76197    62.011487    64.118922    64.657076     0.045653   286.768675   280.719533            0    -0.366213     0.193976
        1895     0.163218    294.07901   510.004166  1513.508201     0.365923   126.196935     64.35889    61.838044    65.129156    64.108044     0.045662   286.907321   280.862011            0      0.92884    -1.389214
        1896     1.993091    294.36499   510.610915  1512.833986     0.405909   128.066019    65.814131    62.251888    64.790083    64.307654     0.045736   286.823265   280.853929            0     0.899728     0.191787
        1897      0.79524   294.645996   510.694577  1513.361595     0.260649   126.267888      64.3145    61.953389    64.332516    64.368407     0.045671   286.877535   280.912488            0     -0.13757    -0.491718
        1898     2.039556    294.95401   511.185485  1513.487776     0.399364   127.594506    65.533669    62.060837    64.503568    64.597208     0.045689   286.784334   280.780064            0     0.445553    -0.032541
        1899     1.064611   295.299988   511.362949   1513.45288     0.482021   127.191363    65.176786    62.014577     65.28502    64.814391     0.045784   286.847254   280.858759            0     0.184931    -0.435732
        1900     0.692788   295.674988   511.185871  1513.409151     0.345204   126.068824    64.241578    61.827246    64.636403    64.063376     0.055989   286.874766   280.929062            0     0.355279    -0.529298
        1901     1.641205   296.006989   511.260037  1513.403148     0.289706   127.946516    65.807805     62.13871    65.106789    64.792838     0.056368   286.827379   280.910138            0     0.940801    -0.307948
        1902     0.561602   296.325012   511.282933  1513.632483     0.329794   126.043566     64.47051    61.573055    64.859484    64.599682     0.056309   286.833076    280.87264            0    -0.152068    -0.489137
        1903    -0.281633   296.653992   510.309573  1513.801738     0.443163   124.605289    63.144601    61.460688    64.513594     64.48197      0.05622   286.687355   280.600421            0     -0.36401    -0.200879
        1904     1.358774    296.95401   509.185364  1513.924173     0.444355   126.116479    64.792671    61.323809    64.460718    64.156443     0.056291   286.620399   280.538775            0     1.760437    -0.426709
        1905     2.078734   297.289001   509.519258  1514.513785     0.484897    126.93076     65.44501    61.485749    64.508125    64.795966     0.056265   286.578586   280.405012            0      0.31515    -0.301771
        1906     1.467289   297.661987   509.377855  1514.840318     0.494898   126.765244    65.265438    61.499806    65.030773    64.689158     0.056383   286.676669   280.641792            0     0.717682    -0.668148
        1907     1.714486   298.097992   509.739127  1514.844806     0.561086   126.876278     65.20357    61.672707     64.92205    64.766241     0.056401   286.746121   280.679156            0     0.076057    -0.160298
        1908     1.005326   298.518005   509.236047  1514.963332     0.628981   126.477659    64.859745    61.617914    65.321411    64.587465     0.056224   286.785945   280.756127            0      0.77536    -0.852471
        1909     1.061409   298.936005   509.638174  1514.898778     0.473765   127.328391    65.287679    62.040712    65.533852    65.172348     0.056129   286.824953   280.825176            0    -0.286796    -0.296949
        1910    -0.353241   299.376984   508.505648  1514.594232     0.446456   126.205436    64.018409    62.187027    65.714453    65.215702     0.042523   286.940372   281.027654            0    -0.064767    -0.194206
        1911    -0.472884   299.828979   507.096005  1513.947011       0.5139   125.887382    64.375363    61.512019    66.282475    64.890332     0.041999    286.93558   280.957531            0     0.894674    -0.744922
        1912    -0.676316   300.352997   505.538953  1513.487887     0.504333   124.034186    63.044589    60.989597    65.299005    64.839225     0.041896   286.862551   280.877063            0    -0.237584    -0.000656
        1913      3.67187   300.910004   505.581461  1513.000631     0.582578   129.481103    67.576216    61.904887    65.630897    64.806096     0.041928   286.597942    280.60054            0     2.727612    -0.337545
        1914     3.420302   301.418976   507.319914  1513.753651     0.581252   128.106173    66.566406    61.539767    64.769082    65.585386     0.041907   286.522816   280.344755            0    -0.757433     0.063285
        1915     2.522398   301.936981   507.864746  1514.170973     0.538792   128.948163    66.756826    62.191338    65.834176    65.694844     0.041908   286.666172   280.633349            0     0.517149    -0.556655
        1916     1.166964   302.484985   507.872178   1514.30605     0.586844   127.794704    65.578552    62.216153    66.123157    65.831846      0.04201   286.773759   280.842861            0    -0.260726    -0.426388
        1917     0.842238   303.010986   507.895423   1513.61849     0.567368   128.822215    66.242072    62.580143    67.045051    66.008776     0.042038   286.891949   280.907996            0      0.21005    -0.348716
        1918     1.027868   303.448975   507.328196  1513.261942     0.490298   128.109516    65.945051    62.164466    66.297949    65.661965     0.042036   286.880142   280.939971            0     0.850313    -0.279436
        1919     1.949736   303.813995   508.088514  1512.773728     0.516367    130.10863    67.489646    62.618984    66.791377    66.030112     0.042051    286.86238   281.088493            0     0.699217    -0.273051
        1920     1.991439   304.246002   509.135419  1512.490508     0.489492   130.348232    67.517301    62.830931    66.878651    66.258518     0.056471   286.798289     280.8616            0     0.211878    -0.336913
        1921     1.933858   304.599976   509.512746  1512.509375     0.599269    129.60196    67.078359    62.523601    66.440335    66.143671     0.057065   286.824259   280.974094            0      0.55736    -0.315531
        1922     2.168944   304.944977   510.002243  1512.774719     0.605356   130.019785    67.537594    62.482191    66.651395    66.758299      0.05714   286.749643   280.788728            0     0.289799    -0.158439
        1923     1.123003   305.270996   509.839092  1513.564399     0.576311    128.06031     65.77245     62.28786     65.86281    66.356602     0.057064   286.829801   280.719102            0    -0.421001    -0.295889
        1924    -2.529348   305.629974   507.378741  1513.562494     0.452673   126.952202    64.676557    62.275645    68.365731    66.490154     0.057134   287.028251    281.11443            0     0.646754    -1.873672
        1925     0.286927   305.812988   506.867822  1512.204173     0.438061   129.928375    67.358258    62.570117    67.841981    66.665948     0.057058    287.07476   281.275519            0     1.203229     0.182288
        1926     2.270269   305.953979   507.633423  1511.796408      0.42667   132.254595    69.074461    63.180134    67.473987    66.925877     0.057055   286.880449   280.980578            0     1.382983    -0.140345
        1927     2.400115   306.176971   509.045551  1512.163387      0.45602   131.899066    68.964054    62.935013    67.437645    67.288349     0.057077   286.831224   280.933199            0     0.263576    -0.516274
        1928     1.011274   306.328979   509.949376  1512.537156     0.519906   129.586525    66.755664    62.830862    66.530929    67.525168     0.057001   286.848139   280.800204            0    -1.673329     0.620469
        1929    -0.081886   306.494995   508.244483  1512.840785     0.517413   129.419284    66.976987    62.442296    67.872927    66.642312     0.056817   286.905161   281.011021            0     2.039569    -1.534243
        1930    -0.121327   306.619995   508.076912  1512.724756     0.473097   129.922715    67.060337    62.862378    67.860923    66.990959      0.05997   286.925903   280.956563            0     0.236949    -0.753936
        1931     0.352133   306.821991   507.991171  1511.983112     0.357066   131.307072    68.301725    63.005347      68.6765    67.385775      0.06022   286.863666   280.832252            0     1.001691    -0.549082
        1932      2.06223   307.092987   508.530925  1511.824818      0.46189   130.490879    67.751197    62.739683    66.667594     67.10834      0.06023   286.811241   280.763277            0     0.103102      0.59904
        1933     0.478801   307.401978   508.168562  1512.019418     0.418889   130.397533    67.683301    62.714233    68.221078      67.2013     0.060171   286.878436   280.845409            0     0.844363    -1.214378
        1934     1.331588   307.784973   508.825742  1511.648005     0.370923   131.419343    68.266757    63.152586    68.061347    67.687674     0.060166    286.89356   280.898615            0    -0.078096     -0.00226
        1935     0.966333    308.22699   508.405409  1511.731205     0.361338   131.429733    68.359804    63.069929    68.635919    68.012001      0.05997   286.860639   280.898598            0     0.768136    -0.707118
        1936     3.942925   309.011993   509.479801    1511.3044     0.519323   133.871914    70.504376    63.367538    68.692072    67.971085     0.060023   286.820293    280.83653            0     1.458899    -0.294182
        1937     3.752103   309.763977   510.969168  1511.757942     0.680095   132.833768    69.535639     63.29813    68.004647    68.482498     0.060002   286.925374   281.051335            0    -0.436226     0.024308
        1938     2.432109   310.293976   511.276676    1512.4891     0.678566   132.720695     69.21362    63.507075    68.528562    68.890785     0.059916   286.984195   281.115021            0     0.015327    -0.368935
        1939     0.150184   310.850983   510.218366  1512.614264     0.634843   130.940586    67.829945    63.110641    69.440714    68.331875     0.059792   286.962057   280.870065            0     0.556379    -1.234003
        1940    -0.310619   311.356964   509.204786  1512.062857     0.646152   130.371895    67.118274    63.253621    69.088063    68.425698     0.064247   287.090426   281.186964            0    -0.293844    -0.110957
        1941     0.725013   311.810974   507.673071  1511.460509     0.769767   132.088156    68.853282    63.234874    69.800224    68.443817     0.064427   287.101778   281.346754            0      1.94118     -0.75406
        1942     1.988115   312.171967   507.939936  1511.238563     0.766176    131.28168    68.686874    62.594806    68.169158     68.12683     0.064351   286.872117   280.887668            0      0.29318     0.179618
        1943     0.740407   312.389984   508.072526  1511.455257     0.808499   131.566624    68.450204     63.11642    68.918162    68.426746     0.064308   286.956943   280.982952            0    -0.109132     -0.70811
        1944    -1.251686   312.412964   506.243933  1511.461649     0.670932   130.402163    67.570212    62.831951    69.477332    68.399935     0.064423   287.007894    281.11537            0      0.99887    -1.083789
        1945     1.046663   312.384979   506.186934  1510.868297     0.703595   131.911394    69.020996    62.890398    68.553955    68.426811     0.064391   286.950069   280.980308            0     0.651184     0.466207
        1946    -1.840946   312.389984   504.894917  1511.233676     0.609094   129.687232    67.003149    62.684083    69.399647    68.208103     0.064197   287.024785   281.166583            0     0.087065    -1.556923
        1947    -0.515922   312.485962   504.167978  1510.020786     0.677348    130.90088    68.189056    62.711824    69.522541    68.070793     0.064127   286.976105   281.037833            0     0.845202    -0.238859
        1948    -1.258839   312.520966   503.566254  1509.336159     0.680827   131.390662    68.258648    63.132014    70.208606     68.72651     0.064233   287.112779   281.260688            0     0.133862    -0.797468
        1949     -2.29368   312.631958   501.730953   1508.04028     0.558144   130.321982     67.57405    62.747932    70.598084    68.371512     0.064101   287.234566   281.343133            0     1.037839    -0.930693
        1950     1.176035   312.820984   501.494876  1506.918411     0.661956   133.266253    69.991431    63.274822     69.78526    69.165131      0.09454   287.171369   281.357897            0     1.062378      0.50174
        1951    -0.602147   313.013977   501.265957  1506.921894     0.647974   131.148344    68.074248    63.074095    69.639775    68.937356     0.095489   287.077723    281.13418            0    -0.634188    -0.705901
        1952     0.095563    313.34198   499.165912  1506.635552     0.477801   132.330335     69.32789    63.002445    70.313019    69.203998     0.095446   287.057103   281.248509            0     2.223937     -0.82268
        1953     2.895609    313.72998   500.150291  1506.447228      0.64525   135.011767    71.512702    63.499065    69.993008    69.724032     0.095412   286.871227   280.986344            0     0.804291    -0.080653
        1954     2.066154   314.094971   500.359195  1507.276936     0.720137   134.010639    70.876957    63.133683     70.21257    70.124865     0.095455   286.873136   281.004156            0     0.543187    -0.917411
        1955     0.373937   314.414978   500.103631  1507.570887     0.635205   132.742849    69.638396    63.104453    70.485555    69.754793     0.095424   286.924848   281.020557            0     0.139166    -1.024713
        1956    -0.365627   314.697968   498.618175    1507.2844     0.619553   132.232492    69.254701    62.977791    70.747189    69.596665     0.095193   286.903584   280.853013            0     1.143493    -0.864037
        1957     -0.77844   314.991974   497.029329  1507.069044     0.510195   131.238842    68.658139    62.580703    70.477859    69.755836     0.094871   286.910714   280.795926            0      0.49115    -0.506668
        1958     2.089925   315.344971   496.618939  1506.885473     0.541438   135.865144    72.044997    63.820147    71.153509    70.290934     0.094553   286.952058   280.963493            0     2.164453    -0.679004
        1959     1.327636   315.806976   497.332291  1506.960839     0.648087   134.198854     70.86875    63.330104    71.078574     70.64137     0.094265   287.080784   281.139015            0    -0.485971     -0.51257
        1960    -0.369166   316.624969   495.833258   1506.80817     0.694994   131.465033    68.670836    62.794196    71.423678    69.979467     0.052875   287.139403   281.101386            0     0.190402    -1.291542
        1961    -0.196675    317.29895    494.32315  1505.422879     0.777351   132.685692    69.667521    63.018171     72.02542     69.89068     0.051073    287.25737   281.427805            0     1.286949    -0.749449
        1962     3.477987   318.043976    494.99116  1503.703385      0.74605   137.158111    73.298013    63.860098     72.10102    70.720401     0.051261   286.987798   281.067382            0     1.909603     0.338874
        1963     4.139831   318.649963   497.116199  1503.655487     0.953008   136.021373     72.59888    63.422493    70.650857    70.775626     0.051385   286.785312   280.713893            0    -0.301785     0.172666
        1964     1.976683   319.332947   497.066261  1504.604961     1.050882   132.798952     69.88587    62.913082    70.362687    70.808569     0.051495    286.75188   280.582721            0     -0.87276    -0.503592
        1965    -0.519948   319.815948   495.050782  1504.805213     0.938193   130.930101    68.493069    62.437032     70.92825    70.487769     0.051299    287.01269   281.168258            0     0.020778    -0.640733
        1966     0.748874   320.879974   493.141072  1503.984688     0.917484   133.173186    70.290235    62.882951    72.672955    70.651313     0.051265    287.07446   281.234766            0     1.548633    -1.201117
        1967     1.577823    321.47995   492.812641   1503.13574     0.921421    133.42101    70.842179    62.578831    71.412124    70.442828     0.051038   286.920948   281.044961            0     0.727781    -0.120347
        1968     3.167693   322.388947   493.629653  1502.208131     0.931396   135.897445    72.352106     63.54534    72.000191     71.09883     0.050927   286.988795   281.090366            0     0.436263     0.026248
        1969      3.14159   323.250946   494.381463  1501.492102     1.071871   136.460049    72.785344    63.674705    72.499919    70.924892     0.050954    286.95896   281.098834            0     1.108643    -0.858999
        1970     4.264788   324.782959   495.383944  1500.874582     1.160997   134.745116    71.574368    63.170748    71.693717    70.761638     0.038609   286.867553   280.825571            0    -0.189751    -0.314559
        1971     2.873172   325.399963   496.219951  1500.028099     1.030543   136.094565    72.627471    63.467093    72.060306    71.068827     0.038177    286.84336    280.74267            0     0.722638    -0.144997
        1972     5.822726   327.348969   497.288372  1499.796492     1.268101    136.14399    72.317459    63.826531     71.87416    71.765216     0.038224   286.864873   280.855769            0    -0.516178     0.122663
        1973     4.862368   329.908966   496.533316  1499.441402     1.448398   134.806636    70.818729    63.987907    72.816995    71.982804     0.038155   287.100924   281.204842            0    -0.409018      -0.4791
        1974     0.946146   330.755951   494.843611  1498.465674     1.287051   134.775017    70.956911    63.818106    73.062879     71.91873      0.03822   287.228371   281.413573            0     0.727885    -0.168421
        1975     1.167707   330.826965   494.354589   1497.71855     1.149517   136.158588    72.630532    63.528056    72.725395    71.483284     0.038139   287.180165   281.311325            0     1.636269    -0.494987
        1976     2.471907   331.544952   495.363834  1497.147568     1.291759   136.234557    72.316737    63.917821    72.627072    71.753902     0.038154   287.122212   281.107409            0     -0.44641    -0.302188
        1977     3.325089   333.352936   495.037775  1496.622982      1.23361   135.456283     71.49998    63.956303    73.219674     72.20476     0.038133   287.302122   281.487339            0     -0.37872    -0.490328
        1978     3.832474   335.009949   494.823801  1494.594856     1.197987   138.626165     74.10656    64.519605     74.96182    71.652058     0.038135   287.357938   281.600798            0     2.668476    -1.281635
        1979     7.179204    336.60495   497.633008  1492.940258     1.378768   140.052639    75.257449     64.79519    72.814507    72.225317      0.03836   287.085902   281.134675            0     0.222925     1.065408
        1980      6.71956   338.704956   499.607232  1493.367097     1.538495   139.124686      74.1343    64.990386    73.360832    73.450305     0.063443   287.182993   281.232854            0    -1.290228    -0.337366
        1981     4.172556    340.05896   499.700132  1492.862539     1.523666   139.755702    74.608938    65.146764    74.778194     72.97494     0.064612   287.246753   281.308159            0     1.541099    -1.298697
        1982     0.821746   340.643951    499.82798   1491.79633     1.463077   137.171476    72.112534    65.058942    73.934558    73.267749      0.06479   287.414019   281.528866            0    -1.283063     0.399401
        1983     4.290661   342.265961   498.461326  1491.388538     1.593739   137.976377    73.679785    64.296592    74.371352    73.007716     0.064867   287.324155   281.439177            0     2.038723    -0.955845
        1984     6.676188   344.007935   499.736177  1490.564943     1.709075   142.131991     76.54722    65.584772    75.223642    73.925837     0.065231   287.264533    281.24082            0     1.346532    -0.474211
        1985     6.869274   345.458954   502.184838  1489.896822     1.628606   143.086717    77.442542    65.644175    75.225626    74.311135     0.065555   287.281657   281.413902            0     0.682747    -0.246369
        1986     6.347718   346.902954   504.345712  1490.119757     1.578477   141.514316    75.764403    65.749912    74.003729    74.470149     0.065798   287.297789   281.404368            0    -0.866619     0.243485
        1987      5.82185   348.774933   504.419396  1490.397425     1.694994   141.104847    75.547084    65.557763    75.339877    74.175862     0.065908    287.47662   281.689949            0     1.297538    -1.441683
        1988     7.134406    351.27594   505.489894  1489.765367     1.832358   141.444793    75.472492    65.972301    75.429415    74.898299     0.065826   287.483564   281.744646            0    -0.496305     0.100942
        1989     5.147215   352.893921   505.512614   1489.19468     1.735833   142.114265    76.336997    65.777268    76.304667    74.671843     0.065726   287.397646   281.510617            0     1.642433    -1.062137
        1990     5.619776   354.072937   507.318741  1488.214833     1.694474   144.080132    77.503432    66.576701     76.04825    75.313899     0.040076   287.509853   281.753432            0     0.383406     0.245496
        1991     3.812998   355.352936   508.143668  1488.130017      1.77597   140.550199    74.631913    65.918287    75.281145    74.750475     0.038935   287.537469   281.747462            0    -0.943489    -0.445854
        1992     4.354905   356.228943   507.961507  1487.645216     1.828822   141.342513    75.953335    65.389178    75.253336    74.572445     0.038988     287.3127   281.390527            0     1.563051    -0.196091
        1993     5.192068   356.924957   509.235097  1487.815946     1.787665   142.391019    77.161776    65.229244    75.200014    74.877725     0.039216   287.176591    281.17206            0     1.010461    -0.493019
        1994     5.637919   358.253967   511.377114  1487.744371     1.722507   143.256038    77.121027    66.135011      75.9958    75.512242     0.039358   287.412296   281.668194            0    -0.533232    -0.411983
        1995     7.147344   360.238953   512.637237  1487.314152      1.77609   144.407813     77.65539    66.752423    76.470795    75.844084     0.039495   287.517008   281.841148            0     0.551183    -0.196491
        1996      4.85567   362.004974   513.052105  1487.232306     1.686545   142.197317    75.762328    66.434989    76.313693    76.028314     0.039478   287.608664   281.974734            0    -0.680855    -0.203533
        1997     3.987393   363.251953   513.526278  1486.195017     1.749886   143.888107    77.151489    66.736618    77.529331     75.77722     0.039545   287.703774   281.901927            0     0.900096    -0.714823
        1998     8.174499   365.932953   514.553634  1484.926482     1.868327    146.30889    78.988713    67.320178    78.350879    76.191617     0.039673   287.799833   282.119634            0      1.76974    -0.890726
        1999      7.61253   367.844971   517.318384  1483.626731     1.932599   147.728127    79.710547     68.01758    78.061624    77.233184     0.039794   287.870012   282.197223            0    -0.287389     0.471311
        2000     5.927019   369.124969   518.648504  1483.700819     1.896614   146.013638    78.430091    67.583547    77.022604    77.224261     0.102276   287.869347   282.359188            0     -0.12429      0.12757
        2001     5.699594   370.673004   519.518744  1483.523046     1.900071    146.73718    79.033772    67.703408    78.471315    76.816922     0.058792   287.928687   282.452647            0     1.346608    -1.476621
        2002     6.593729   372.834991   520.242081  1483.527495     2.034957   146.327659    78.481102    67.846557    78.422878    77.680051     0.102455   287.923235   282.264395            0     0.077714    -0.747276
        2003     7.964953    375.41098    520.79594  1483.133159     1.955003   148.848163    80.398409    68.449754    79.718263    77.624029     0.154631   287.950725   282.440301            0     2.220521    -1.699898
        2004     6.402021      376.987   522.285736  1482.499158     1.983616    147.90033     79.81594     68.08439    78.635814    78.199332     0.117161   287.899575   282.247396            0     0.126812     0.197518
        2005     6.207037   378.907013   522.564398  1482.078357     1.997387   147.867224    79.955999    67.911225    79.748875    77.513534       0.0853   287.923817   282.408751            0     2.163804     -1.81454
        2006     9.597257    381.01001   525.485388  1481.283988     2.033887    149.74432    81.365641    68.378679    78.206082    78.433338     0.073596   287.757463   282.152987            0     0.011313     1.021625
        2007     6.718081   382.603027   527.276829  1481.827477     2.230314   148.112578    79.514716    68.597862    78.323204    78.029538     0.095377   287.808318   282.143332            0    -0.306262    -0.837155
        2008     7.623735   384.739014   527.146315  1482.323812     2.160791   149.127044    80.633573    68.493471    79.601575    78.700191     0.116698   287.936503   282.352348            0     2.063895    -1.397719
        2009     6.521784   386.280029   528.311669  1482.620876     2.168743   150.713868    81.530663    69.183204    80.192753    79.591993     0.265786   288.108507   282.545756            0     0.773316    -0.897823
        2010     3.415198   388.717041    526.60572  1482.842229      2.15724   147.198726    78.004844    69.193882    81.797347    78.637608     0.138085    288.40489   283.019624            0     1.073185    -3.381091
        2011     6.125583      390.944   525.955459  1480.373586     2.103062   150.293923    81.608575    68.685348    82.203048    78.935822     0.124337   288.256338   282.674331            0     3.323014    -0.798583
        2012     9.586377   393.015991   528.294295  1479.622968      2.42975   153.379238    83.801233    69.578005    80.889671    80.132653      0.16633   288.103367   282.525442            0     1.329744    -0.006401
        2013     8.936167   395.724976   529.912746  1479.868025     2.366897   153.534986    83.075961    70.459025    82.103822     80.76228     0.170461   288.322018   282.848821            0      0.69523    -1.586599
        2014     5.464958   397.546967   530.817508  1479.266819     2.135465   153.861039    83.311442    70.549598    83.749012    80.897564     0.112065     288.3899   283.071178            0     1.509116    -2.250243
        2015      9.86295    399.94873   533.803878  1478.748118     2.510832   155.508397    84.903775    70.604622    82.658503    81.397872     0.006655   288.352199   283.021846            0     0.519533    -0.741931
        2016    11.510128   403.116974   536.545866    1478.0461     2.538868   155.992168    85.029553    70.962614    82.684907    81.681228      0.11877   288.399586   282.973018            0     0.606338     -0.30166
        2017       8.7781   405.799957   538.340199  1478.259334     2.533649   154.992296    83.568883    71.423413    82.923033     82.62372     0.113636   288.608063   283.225952            0     -0.84917    -0.512547
        2018      7.21757   408.782959   537.143002  1478.164383     2.529011   153.161844    82.446198    70.715646    83.994241    81.853736     0.114389   288.572211   283.229869            0      1.78966    -2.045554
        2019    10.716543   411.840973   538.147734  1477.357289     2.667694   156.968178    85.870741    71.097438    84.217269    82.852586      0.11532   288.558577   283.194665            0     2.013423    -0.557589
        2020    11.755504   414.981964   540.579109  1476.873542     2.590772   159.011041    87.328001    71.683041    84.734222    83.757472     0.116407   288.629043   283.355512            0     1.139153    -0.493002
        2021    12.884847   418.204956    544.02133  1476.232364     2.691754   162.473829    89.730998    72.742831    86.312983    84.357413     0.086868   288.563642   283.236621            0     1.931363    -1.314393
        2022    12.614374   421.529968    547.64941  1476.311669     2.779186   159.918409     87.03869    72.879719    84.196279    85.010846     0.086377   288.607759   283.227091            0    -1.600236     0.735263
        2023     8.766172   424.968964   547.432158  1476.851679     2.574858   157.931713     85.55342    72.378294    86.596906    84.949753     0.087031   288.861926   283.696666            0     0.820918    -2.187162
        2024     11.79004   428.519958   548.945258  1475.450612      2.71238   162.240299    89.585179     72.65512    87.980112    85.322811     0.087691   288.724888   283.427814            0     2.749268    -1.256234
        2025    15.502996   432.181946   553.437903  1474.453607      2.86678   166.049868    92.268069    73.781798    87.339985    87.036432     0.088462    288.68429   283.380531            0     0.738992     0.693452
        2026    14.573431   435.953949   557.879093  1474.787063     2.942474   164.843157    90.315341    74.527816    86.625361    86.961716     0.089846   288.910203   283.608226            0    -1.087565     0.002899
        2027    13.754674   439.834961   559.841196  1475.136481     2.850213   165.798703    91.731693    74.067009    88.999546    87.713165     0.090596   288.855877   283.440775            0     2.056425      -1.6358
        2028    15.686172   443.823944   563.243157  1475.123327     3.045521   166.695658    92.221392    74.474265    87.982353     88.37258     0.091175   288.958084   283.656773            0     0.446851     0.403382
        2029    14.649543    447.92395   566.180029  1475.491415     3.119924   168.807619    93.471137    75.336482    90.579023    88.712353     0.091656   289.084674   284.042198            0     1.821911    -2.234757
        2030    16.309128   452.131958   570.497898  1475.101628     3.237819   169.668767    94.039528    75.629239    89.834909    89.266295     0.092413    289.03058   283.753733            0     0.455364    -0.178827
        2031    15.344102   456.451935   573.832236  1475.363291       3.2584    169.59863    93.284957    76.313673    90.303191    90.326639     0.093556   289.255094    284.26908            0    -0.376019    -0.238216
        2032    15.551094   460.893951   575.661262  1476.147695     3.374393   169.922852      93.9969    75.925952    91.183784    91.021792     0.093738   289.278681   284.176032            0     1.146082    -0.946396
        2033    13.421064    465.46994   576.849598  1476.515039     3.366276   168.755735    92.409998    76.345738     92.00401    91.410844     0.093756   289.429571   284.435791            0    -0.189182     -0.96051
        2034    16.103683   470.178955   578.564807  1475.775216     3.476143   172.295839    96.425285    75.870553    93.729653    90.597579     0.093868   289.285048   284.062618            0     4.112497     -2.39225
        2035    21.046793   475.020935   584.433737  1475.327697     3.532176   176.664891    99.117095    77.547796    91.816597    93.435491     0.094751   289.312858   284.277096            0    -0.187325     2.066413
        2036    17.006767   479.994934   587.746947  1477.180714     3.634166   173.834796    96.309746     77.52505    93.432203    93.210274     0.094887   289.463438   284.474161            0    -0.213738    -2.074945
        2037    17.234821   485.101929   589.990026  1476.967576     3.614191   175.479588    97.554155    77.925433    94.711148    93.722588     0.095479   289.474629   284.482528            0     1.588488    -0.775421
        2038    20.538546   490.343933   594.038123  1477.042275      3.89733    177.57766    99.785541    77.792119    94.209082    94.209975     0.095788   289.364265    284.17149            0     1.527469    -0.073806
        2039     19.09256    495.71994   597.990827  1478.337946      3.68983   177.248878    98.804691    78.444187    94.751757    94.898816      0.09605   289.578256   284.486093            0    -0.046829    -1.148612
        2040    17.495102   501.232941   602.562102  1482.394907     4.118203   189.877193   104.797358    85.079835   103.043465    103.47966      0.00817   289.645856   284.460288            0    -3.253576    -3.620767
        2041    18.449282   506.882935   605.156992  1483.155968     3.827287   179.092565    99.890506    79.202058     97.24295    95.516374          0.0    289.93958   285.098583            0     1.779242    -2.487637
        2042    20.087014   512.472961   609.560608  1481.806533     3.938563   182.448913    102.29611    80.152803     97.99673    96.581365          0.0   289.906721   285.088329            0     1.311129     -0.06593
        2043    21.713118   517.817932   615.239261   1481.98109     4.036249   184.919954   103.991249    80.928705    97.641605    98.426425          0.0   289.847626   284.911674            0     -0.11383     0.610263
        2044    19.252662   522.936951   619.697617  1482.881877     3.948197   183.598266   102.408287     81.18998    97.950573     98.64065          0.0    290.01645    285.23607            0     -0.69072    -0.210709
        2045    16.517137   527.838928   621.884655  1483.377583     3.840656   182.380829   101.368432    81.012397    99.076749    98.186223          0.0   290.142545   285.459735            0     0.995171    -1.386232
        2046    21.623275   532.531921    627.45402  1483.076979     3.998209   188.635904   106.950684     81.68522    99.265762   100.021529          0.0   289.919723   285.047359            0     1.359789     1.056371
        2047    19.442525   537.022949   632.663578  1485.182931     3.937459   186.617926   104.802223    81.815703     98.80658   100.540243          0.0   290.064325   285.243607            0    -0.947577    -0.372289
        2048    16.386058   541.315918   636.213082  1486.143787     3.756921   185.693894   103.846781    81.847113   100.305305    99.563502          0.0   290.101935   285.241371            0     0.733776    -1.702659
        2049    19.720622    545.41394   641.372125  1485.944103     3.875269   191.217462   108.462566    82.754895   101.290311     101.6137          0.0   290.112904   285.269393            0     1.689824     0.523073
        2050    18.546888    549.31897   647.417531  1487.070768     3.794308   190.935747   107.559377     83.37637   101.069111   102.437113          0.0    290.24044   285.452465            0    -0.923142     0.241338
        2051     12.53621   553.034973   647.990606  1490.101387     3.649733   187.389843   104.286331    83.103511   102.802478   102.360844          0.0   290.497409   285.938808            0     1.352412    -3.472253
        2052    14.966705   556.465942   647.260943  1492.565862     3.662091   192.892935   110.072894    82.820041   105.552189   103.313143          0.0   290.322264   285.526784            0     7.489414    -4.703522
        2053    16.728535   559.523987    651.00518  1494.740447     3.568148   197.207848   112.991125    84.216723   105.825314   105.277611          0.0   290.213705   285.380356            0     3.969277    -2.722288
        2054     14.24407    562.21698   653.894651  1498.130415     3.425198    196.92727   112.208762    84.718508   106.613212   106.714041          0.0   290.245124   285.373853            0      2.60525    -3.289139
        2055     9.216522   564.550964   653.137474   1501.84391     3.291203   193.966958    109.99932    83.967637   108.539187   106.734601          0.0   290.463371   285.792274            0     4.021896     -5.51808
        2056    11.139065   566.529968   653.979001  1503.160215     3.227261   196.964919   112.504084    84.460836   108.307382   107.257549          0.0   290.345747   285.487988            0     4.405007    -2.366138
        2057     9.211158   568.159973   653.446696  1506.882562     3.072255   196.209757    112.26631    83.943447   109.108006   109.005707          0.0   290.483294   285.681537            0     3.792908    -3.824647
        2058     7.684129   569.442993   653.961442  1508.280234     3.086938   198.933709   114.049197    84.884511   111.700645   109.253401          0.0   290.579736   285.870632            0     4.281051    -3.844915
        2059     4.233459   570.383972   652.105206  1510.768935     2.913499   195.889159   111.604452    84.284708   111.810811   110.364207          0.0    290.66969   286.089381            0     3.096481    -3.935304
        2060     6.696655   570.985962   652.520003   1511.67388       2.8719   201.576291   116.858865    84.717427   113.844668   110.970543          0.0    290.50178   285.693584            0     5.473524     -3.77907
        2061     7.234873   571.252014   655.293302   1512.31763     2.691849   204.687782   118.675965    86.011818   114.394771   113.296777          0.0   290.657429   286.023462            0     2.605889    -1.741744
        2062      4.76326   571.255981    656.91898  1513.965449     2.611772   199.673793   114.645806    85.027987   112.204943    112.16817          0.0   290.692152   285.989073            0     0.851958    -1.684593
        2063     2.181779   571.065002   656.009382    1515.2893     2.479093   199.145208   114.013839    85.131369   113.606036   112.390051          0.0   290.864146   286.335766            0     2.533386    -2.539835
        2064     2.017036   570.677002   656.552675  1515.118363     2.461608   201.264572   116.456182     84.80839   115.776536   113.086962          0.0   290.763155   286.124929            0     2.825927    -2.518637
        2065     0.333629   570.088013   656.115523  1515.389067     2.213355   200.846968   116.158676    84.688292   116.486808   113.440298          0.0    290.84786   286.348898            0      3.15553    -3.317214
        2066     6.032706   569.299011   659.156956  1514.469145      2.29052   206.667714   121.481707    85.186007   115.765648   114.102665          0.0   290.648784   286.006899            0     4.337609    -0.743062
        2067     4.346547   568.309021   663.420651  1515.848615     2.141103   205.087214   119.500046    85.587169   114.901512   114.919817          0.0   290.569133   285.713849            0     0.316534    -1.361166
        2068      1.49806   567.117004   664.083027  1518.003211     1.950625   201.606534   117.102709    84.503826   114.737464     114.7111          0.0   290.565955   285.797376            0     1.729232     -2.18096
        2069    -0.392697   565.723999   663.745304  1519.894533     1.996557   199.702636   115.436358    84.266277   114.580468   114.792682          0.0   290.702194   286.063931            0       0.9814    -1.679108
        2070    -3.849712   564.130005   661.806865  1520.911038     1.760977     199.0282   114.670439    84.357762   116.605254   114.997501          0.0    290.75436   286.308741            0     1.611377    -2.624257
        2071    -2.819955   562.337036   661.191351  1519.994946     1.660131   200.661249   116.505221    84.156028   117.138802   114.772041          0.0   290.710788   286.039127            0     2.348694     -1.45067
        2072    -1.449409    560.42804   662.590822  1518.952125     1.535646   199.733319   115.829667    83.903653   114.731224   114.900282          0.0   290.750506    286.10512            0    -0.470086     1.211879
        2073     -1.43667   558.483032   662.984702  1519.111848     1.592665    199.53401   116.050554    83.483456   114.919799   115.027767          0.0   290.608464   285.947523            0     0.628906    -0.051755
        2074    -2.038978   556.494995   663.349751  1519.883324     1.454483   196.670188   113.698731    82.971456   112.940583   114.009502          0.0   290.653174   285.928823            0    -0.675818     0.297444
        2075    -3.242681   554.462036   663.746843  1520.151121     1.381836   199.442404   115.856387    83.586016   116.133782   114.430634          0.0    290.71771   286.037489            0     1.028662    -1.970946
        2076    -3.967702   552.380005   664.110018   1518.51441     1.169332   198.448169   114.894656    83.553513   115.580005   115.128549          0.0   290.704541   286.099158            0    -0.597068     1.185255
        2077    -4.173165   550.247009   663.972142  1518.416757     1.187593   197.298729   114.316998    82.981731   115.117653   114.232997          0.0   290.666548   286.092477            0     0.221876    -0.787003
        2078     0.829761   548.062012   665.881401  1517.785436     1.194413   201.507188    118.62004    82.887149   114.313954   113.868431          0.0   290.372532   285.539446            0      2.84235     0.185799
        2079     0.196797   545.822998   670.098487  1518.839727      1.11541   201.133792   117.488327    83.645465   113.621335   115.113491          0.0   290.334205   285.550692            0     -1.84225     0.437865
        2080    -5.534892   543.528015   669.663812  1520.084081     0.850784   196.051776   113.282183    82.769593   114.763171   114.627231          0.0   290.463274   285.733038            0    -0.910373    -1.380294
        2081    -4.401943    541.17804   669.209021  1519.376387     0.915628   196.799315   114.201829    82.597487   114.475146   113.961548          0.0    290.45444   285.752743            0     0.695072     0.194095
        2082    -5.091586   538.804016   668.312261  1519.817959     0.956441   196.144918   113.280974    82.863944    114.23331   115.312648          0.0   290.580829    285.81723            0    -1.134914     0.637767
        2083    -6.691849   536.439026   665.754714  1520.345632     0.806725   195.564946   113.010898    82.554048   115.433536   113.937271          0.0   290.701362   286.073553            0     1.631174    -2.023937
        2084    -2.315873   534.078003   666.956921   1518.21269     0.950005   199.893611   117.590975    82.302636   115.789552   113.585731          0.0   290.378226   285.535813            0     2.803037    -0.070879
        2085    -0.428166   531.718994   670.207807  1518.811007     0.859081   199.414152   116.471505    82.942647   112.696048   115.024099          0.0   290.263824    285.31855            0    -1.803481     1.729734
        2086    -5.618104   529.361023   668.558242  1521.413668     0.713677   193.946426   111.689462    82.256963   112.961258   114.804471          0.0    290.46906   285.691201            0    -1.465443    -0.759448
        2087    -8.435468   527.002991    664.89292  1521.981053     0.566021   191.972847    110.40913    81.563717   114.351006   113.710636          0.0   290.662148    286.09208            0     0.363815    -1.207755
        2088    -6.856801   524.642029   663.014533  1520.340134     0.529435   195.154444   113.995212    81.159232   116.315944   113.588903          0.0   290.474095   285.682684            0     2.284696    -1.086122
        2089    -1.309895   522.277039   665.050787  1519.292729     0.621229   198.383137   116.645377     81.73776   113.502814   113.910784          0.0   290.279416   285.343513            0     0.698339     1.455375
        2090    -3.139796   519.907043   666.390209  1519.658275      0.60435   197.195824   115.161669    82.034155   113.821649   114.014868          0.0   290.242459   285.375156            0    -0.192619    -0.172327
        2091    -3.950711   517.531006   666.745129  1520.793189     0.320942   195.902488   114.247291    81.655196   113.454741   114.092785          0.0    290.34605   285.564224            0    -0.200414     -0.49687
        2092    -4.719529   515.160034   666.806937  1521.082767     0.223165   194.610503   113.300079    81.310424   113.190725   113.094754          0.0   290.245106   285.313165            0     0.143517    -0.385549
        2093    -3.139863   512.804993   667.303891  1520.834566      0.38783   195.875547   114.782122    81.093425   113.291634   113.069788          0.0   290.139253   285.206761            0     1.215379     0.026355
        2094    -3.432218    510.46402   668.710224  1521.576073     0.253663   195.363637   113.644978     81.71866   112.342666   113.538986          0.0   290.257187   285.397611            0    -1.300342     0.454813
        2095    -5.687616    508.13501   667.432721  1522.551595     0.294377   191.506331   110.757343    80.748988   111.776658   113.307416          0.0   290.199974   285.314974            0     -1.27257     0.555236
        2096    -4.394545   505.818024   666.408455  1522.945053     0.198459   193.674571   113.540279    80.134291    113.19618   111.444462          0.0   290.024209   285.107828            0     3.120083    -2.145176
        2097    -3.834262   503.511017   667.726983   1523.12616     0.270949   192.809188   111.823389    80.985798    111.01274    113.63894          0.0    289.98315    284.99077            0    -3.134079     2.445094
        2098    -6.398015    501.21402   665.035784  1525.161496     0.136497   189.321657   109.185963    80.135694   110.825936   112.474969          0.0   290.061212   285.110291            0    -0.597807    -0.386304
        2099    -7.145248   498.925018   661.772822  1526.201455    -0.005696   189.862801   110.247302    79.615499    112.50935    111.62685          0.0   290.126004    285.28765            0     1.883413    -1.922458
        2100    -4.650349   496.644012   661.241506  1525.462995     0.203072   190.831237   111.112662    79.718574   111.105769   112.295197          0.0   289.925208   284.915739            0    -0.651219     1.927887
        2101    -5.792124   494.370026   660.271645  1526.261339     0.091481   190.303772   110.520491    79.783281   111.562631   112.252504          0.0   290.021854   285.025446            0    -0.762153     -0.10847
        2102    -7.469094   492.115021   658.523263  1526.743902     0.050082   189.627308   109.726824    79.900485   112.444946   110.801133          0.0   290.200676   285.395301            0     0.674073    -2.126376
        2103     -7.82249   489.890015   656.505436  1524.644935    -0.013066   190.359088   109.933125    80.425963   113.005368    111.97541          0.0   290.302459   285.518512            0    -0.024458     1.069009
        2104    -4.834078   487.693024   655.415916  1523.760251    -0.018089    191.56002    111.83314     79.72688   111.971593   111.995599          0.0   290.121732   285.198635            0      0.92706     0.908691
        2105    -5.170354   485.524017   655.173343  1524.094667     -0.00103   189.708647   110.471577     79.23707   111.022943   110.353498          0.0   289.986032   284.966519            0     0.360652    -1.003861
        2106    -3.474405   483.380005   655.798851  1524.172778     0.117742   191.530528   111.608555    79.921974   110.635961   111.317267          0.0   289.998166   285.035842            0    -0.334221     0.603196
        2107    -6.051104   481.262024   654.865764  1524.905658     -0.11146   189.057177   109.848317     79.20886   111.278643   111.073543          0.0   289.953444   284.861284            0    -0.292139     -0.93798
        2108    -4.456418   479.169006    654.16636  1524.224322    -0.215508   189.443997   110.539288    78.904708   110.324025    110.69641          0.0   289.868878   284.710602            0     0.542282     1.053721
        2109     -4.21678    477.09903   654.619449  1524.766935    -0.161189   188.986001   109.955775    79.030225   109.604253   110.142083          0.0   289.825536   284.672368            0    -0.639396    -0.004783
        2110    -4.258132   475.052032   654.012953  1525.905298    -0.153733   188.305176   109.428536    78.876639   109.174743   109.760658          0.0   289.837188   284.687667            0     0.274374    -0.552448
        2111    -6.246993   473.027008   652.950543  1525.950427    -0.189086   187.369304   108.449084     78.92022    110.19558   109.789822          0.0   289.860929   284.781991            0    -0.278327    -0.450887
        2112    -6.031832   471.024017    651.49208  1525.932417     0.015079   185.881546   107.394803    78.486743   109.177215   109.903641          0.0   289.847557   284.764859            0    -1.050374     0.744435
        2113    -8.114456   469.041016   647.185419  1526.607925    -0.185957   182.665958   104.856675    77.809283   108.563234   109.688733          0.0   289.898852    284.90521            0    -0.525397     0.449991
        2114    -5.770295    467.07901   645.181553  1526.522833    -0.268563   186.492032   108.794825    77.697208   110.119318   108.616935          0.0   289.799704   284.798154            0     2.181755    -1.417291
        2115    -4.206187   465.136017   645.266697  1525.841859    -0.269371   187.028806   108.962019    78.066787   108.762075    109.07866          0.0   289.642539   284.535069            0    -0.201785      0.99756
        2116    -5.679852   463.212006   644.713218  1526.199145    -0.282018   185.261604   107.277228    77.984376   108.578716   108.644263          0.0   289.680283   284.462654            0    -0.813555    -0.291741
        2117    -7.411165   461.307007   641.970714  1526.498998    -0.384379   182.115957   104.592122    77.523835    107.56304   108.517658          0.0   289.704096   284.521753            0    -1.183032     0.654765
        2118    -6.496741   459.420013   639.277191    1526.6897    -0.358939   184.345909   106.746962    77.598947    108.86723   107.940743          0.0   289.752499     284.6848            0     1.499742    -1.117188
        2119    -6.295136   457.550018   637.483844  1526.529014    -0.275147    182.55718   105.482564    77.074615    107.52121   108.020207          0.0   289.644142   284.443259            0    -0.744296     0.659681
        2120    -8.443349   455.697021    633.77654  1527.260367     -0.23577   179.583032   102.973728    76.609305   107.236155   107.745355          0.0   289.812567    284.83572            0    -1.064324    -0.222152
        2121    -6.378322   453.861023   631.234283  1525.647135    -0.323765   184.273454   107.600368    76.673086   109.745965   106.761409          0.0   289.634508   284.519007            0     3.381217    -1.371325
        2122    -1.448233   452.041016   633.246283  1524.878474    -0.297209   186.589753   109.088801    77.500952   106.364909   107.925908          0.0   289.499552   284.325114            0    -0.849107     2.329661
        2123    -4.784579   450.236023   633.068718  1525.907294    -0.437699   184.687925   107.088305     77.59962   107.592236   108.171887          0.0   289.537247    284.30626            0    -0.906017    -0.449169
        2124    -6.031116   448.447021   631.373167   1526.34761    -0.511081   182.913263   105.767877    77.145386   107.479011   107.639802          0.0   289.665211   284.531839            0    -0.176374    -0.279525
        2125    -6.284492   446.672028   629.491055  1526.072724    -0.420198   183.016757   105.939378     77.07738   108.024592   107.760383          0.0   289.636118   284.454452            0     0.061107     0.010676
        2126    -6.028996   444.912018   627.466441  1526.592171    -0.302508   180.921881   104.460493    76.461387   106.439805   107.541332          0.0   289.599332   284.315979            0    -1.056224      0.58208
        2127    -8.198107   443.167023   624.291378  1526.684539      -0.6275   180.259041   103.997875    76.261166   107.853272   106.559872          0.0   289.677472   284.491572            0     0.613065    -1.385768
        2128    -5.773731   441.437012   622.226296  1525.791607    -0.434475   180.068832   104.360523    75.708308   106.016471   105.506377          0.0   289.535231   284.358422            0     0.919229     0.382838
        2129    -4.932247   439.721008    621.52742  1525.997553     -0.65508   182.797566   106.301244    76.496322   106.924929   106.231249          0.0   289.631926   284.585193            0      0.76887    -0.899626
        2130    -5.393277   438.019012   621.317286  1525.258983    -0.550605   182.574759   105.377645    77.197114   106.596654   107.469164          0.0   289.525049   284.378293            0    -1.881385     1.611079
        2131    -6.273419   436.331024   619.414312  1524.926485    -0.594019   181.540388   105.168428     76.37196    107.25399   105.788114          0.0   289.628936   284.467872            0     1.283288    -1.133378
        2132    -5.600692   434.657013   618.726007  1523.662799    -0.636824   181.810276   105.562771    76.247505   106.962558   105.751171          0.0    289.51244    284.19831            0     0.499906     0.052299
        2133    -2.796162   432.996033   619.251673  1523.558688    -0.582771    183.02918   106.491965    76.537215   105.169018   105.867315          0.0   289.459107   284.248766            0     0.098984     0.802408
        2134    -6.189859   431.348022   618.790752  1523.425729    -0.521697   181.706386   104.835398    76.870989   106.994835   106.437458          0.0   289.470757   284.342296            0     -1.14114    -0.424417
        2135    -5.356231   429.713013   617.227242  1523.834509    -0.513872   179.371684   103.312284      76.0594   104.673599    106.17074          0.0   289.426775   284.235151            0    -1.294947     1.088361
        2136    -7.070969   428.090027   614.081051  1524.333815    -0.659162   179.521146   103.293024    76.228122   106.249387   105.858575          0.0   289.544642   284.417186            0      0.58064    -0.890118
        2137    -8.128142   426.480011   611.282737  1523.616816    -0.660345   177.244357   101.887714    75.356643   105.927681   104.915462          0.0   289.533527   284.384485            0    -0.229434     -0.29522
        2138     -7.90962   424.882019   608.052871  1522.641949    -0.573323   176.654984   101.405713     75.24927    105.33978   104.632172          0.0   289.604477   284.398219            0     0.003407     0.267259
        2139    -7.611658   423.295013   605.542321  1521.740705    -0.543221   177.056628   102.197499    74.859129   105.887096    103.85662          0.0   289.559542   284.457282            0     0.851429    -1.129231
        2140    -6.112235   421.721008   604.159153    1520.2213    -0.482839   177.898466   102.578533    75.319934   104.856766   104.655569          0.0   289.524699    284.44039            0    -0.693868     1.318207
        2141    -5.485375   420.157013   602.531251  1519.289556    -0.714557   178.111343   103.580029    74.531314   105.020996   103.203274          0.0   289.411882   284.188583            0     2.004656    -0.885978
        2142     -4.88499   418.646027    602.58907  1518.794958    -0.600456   177.970948   102.581473    75.389475   103.649018   104.534728          0.0   289.480517   284.345734            0    -2.011074     1.380308
        2143    -6.336332   417.222015   600.071689  1518.811608    -0.696264   176.772062   101.804429    74.967633   104.412683   103.956403          0.0   289.468589   284.299485            0     0.365408    -0.472929
        2144    -5.949974   415.880005   597.694644  1518.590834    -0.567573   176.658883   102.219305    74.439578   104.744476   103.667115          0.0    289.41409   284.196459            0     0.929234    -0.856586
        2145    -6.245355   414.619019   595.900712  1518.105814    -0.658194   175.396051   100.913626    74.482425   103.816061   103.894364          0.0   289.447207   284.330626            0    -1.186807     0.563322
        2146    -4.082175   413.433014   594.287821   1517.40197    -0.637338   178.436204   103.669462    74.766742   104.589214   103.762239          0.0   289.355904   284.086829            0     1.520113     -0.12313
        2147    -5.321444   412.321014   593.413556  1517.103745    -0.616744   175.933031    101.57732    74.355711   103.914496   103.315073          0.0   289.358802   284.078547            0    -0.863487    -0.301198
        2148     -5.16479   411.281006   591.729063  1515.829326    -0.666757   176.149566   101.851483    74.298084   104.135263   102.898202          0.0   289.337746   284.175853            0     0.637774     0.037358
        2149    -3.762438   410.309021   590.963021  1515.431578    -0.479207   176.337253   101.890254    74.446999   103.104061   103.783381          0.0   289.411561   284.319918            0    -1.127085     1.077068
        2150    -5.845013   409.404022   588.105043  1515.778753    -0.704395   175.399275   100.882772    74.516503   104.096584   103.161263          0.0   289.403592   284.344164            0     0.579487    -1.282496
        2151    -4.917569   408.563019   585.988336  1515.166164     -0.60059   173.858992     100.5833    73.275693   103.109723   102.723069          0.0   289.222831   283.862055            0    -0.023063     0.225935
        2152    -4.285301   407.785004   584.188401  1514.937819    -0.544122   173.592412   100.045214    73.547198   102.129943   102.278794          0.0   289.328647   284.089304            0    -0.433645     0.377196
        2153     -5.74873   407.067017   581.574525  1514.274295    -0.572948   172.424293    99.420516    73.003778    103.06765    101.18213          0.0   289.307705   283.999002            0     0.852262    -1.221997
        2154    -2.261438    406.40802   581.004142  1512.932176    -0.472011   174.676528   101.477693    73.198834   101.864068   101.589865          0.0   289.087978   283.789826            0     0.458211     1.067916
        2155    -3.648197   405.808014   580.363063  1512.906285    -0.575938   173.351346    99.770171    73.581176    101.56497   102.233632          0.0     289.1857   283.984059            0    -1.822382     0.694553
        2156      -4.6882   405.264008   577.881676  1512.647484    -0.489461   172.446719    99.338451    73.108268    102.37896   101.479104          0.0   289.073812   283.776244            0     0.340734    -0.641056
        2157    -5.006034   404.777008   574.862787  1512.272527    -0.509816   171.537517    98.954684    72.582833   102.414043   101.478292          0.0   289.227602   283.942361            0     0.495281    -0.560794
        2158    -4.031555   404.346008   573.233143  1510.718044    -0.374364   173.169023   100.043284    73.125739   102.782842   101.599906          0.0   289.262455   284.071799            0     0.073023     0.371547
        2159    -3.922064   403.968018   571.638061  1509.412247    -0.333389   173.054822   100.473699    72.581123     103.2576    101.43717          0.0   289.217425   283.937846            0      0.63161    -0.514633
        2160    -1.290997    403.64502   571.934445  1508.185645    -0.316576    174.66937   101.269769    73.399601   101.556499   101.322851          0.0    289.30967   284.145185            0    -0.349466     0.992955
        2161    -3.522517   403.373993   569.875713  1508.613622    -0.412365   170.983969    98.508396    72.475573   101.041505   101.215196          0.0   289.228402     283.8994            0    -0.648068    -0.254286
        2162    -3.628917   403.154999   567.280604  1508.193735    -0.541475   170.260125     98.59932    71.660805   101.220503   100.079436          0.0    289.18181   283.838643            0     1.114993    -0.721181
        2163    -0.934368   402.988007   567.896917  1506.103476    -0.378966   175.958027    102.91297    73.045058   103.112827   100.780899          0.0   289.037029   283.704067            0     1.515758    -0.241669
        2164    -0.073353   402.871002   569.333408  1506.037655    -0.201691   174.121354   100.428273    73.693081   100.050817   101.319025          0.0   289.139567   283.748581            0    -2.327243     1.334029
        2165    -2.281366   402.804993   567.109815  1506.985993    -0.172955   171.193341    98.374235    72.819106   100.342099   101.270237          0.0   289.234436   283.986533            0     -0.67241    -0.020199
        2166    -2.680203   402.787994   565.686495  1505.935758    -0.149671    174.15726   100.900137    73.257123   103.394471    100.73266          0.0   289.301321   284.198026            0     1.590797    -1.611576
        2167    -2.192012   402.820007   564.897811  1504.600324    -0.169061   172.031088     99.45089    72.580198   101.541991   100.766761          0.0   289.136711   283.739854            0    -0.527187     0.560205
        2168    -0.249683   402.901001   564.046778   1503.48536     0.067085   172.809561   100.085858    72.723703   100.575056   100.500191          0.0    289.14698   283.827144            0       0.4367     1.040098
        2169    -3.083039   403.029999   562.158432  1504.086852    -0.036806   169.166983    96.621605    72.545378    99.942473   100.546485          0.0   289.342371    284.18134            0    -2.036534      0.00252
        2170     -4.43619   403.207001   557.890277  1503.773537    -0.035894   168.354308    96.450101    71.904207   101.227235    99.892884          0.0   289.334042   284.189387            0     0.825372    -1.021035
        2171    -0.459239      403.431   556.837968  1501.474154     0.006941   173.289959   101.381589     71.90837   102.324666    99.690922          0.0   289.081487   283.765263            0     2.742976    -0.334361
        2172     1.746403   403.661987   558.445454  1501.168336    -0.074228   173.449279   100.911279       72.538    99.582425   100.266759          0.0   289.073304   283.805866            0    -0.962966     0.990152
        2173     0.301726   403.863007   559.214315  1501.096271     0.091627   173.900539   100.851303    73.049236   101.069178   100.726783          0.0   289.083755   283.760022            0    -0.644341    -0.270331
        2174    -0.771412   404.039001   558.710353  1500.416492    -0.139144   172.667715    99.834132    72.833582   100.841096   100.678984          0.0   289.101123    283.81026            0     -0.34089     0.517668
        2175     0.726752   404.191986   558.800443  1499.883909     0.144028   172.456841   100.356275    72.100565   100.099258    99.908803          0.0   288.992423   283.734654            0     0.357383     0.342128
        2176    -2.019723   404.325012    557.36365  1500.540407     0.142548   169.502563     97.39167    72.110893    99.837153   100.137086          0.0   289.107337   283.842049            0    -1.308623    -0.356565
        2177    -2.400813   404.440002   555.024252   1500.01278     0.105424   170.592823    98.746619    71.846203   101.497669    99.537289          0.0   289.212031   283.964604            0     1.548729    -1.432753
        2178    -0.617788   404.540009   554.911938  1498.394489     0.040007   173.553603   100.991893    72.561711   101.862597   100.660911          0.0   289.245765   284.096719            0     0.443295     0.416606
        2179     1.303484      404.625   556.438642   1497.00819     0.208687   175.344118   102.318476    73.025641   101.404624   100.369492          0.0   289.090536   283.891318            0      0.42228     0.351167
        2180     0.601157   404.697998   557.416694  1496.698123     0.179095   172.473829    99.807315    72.666514    99.540664   100.229026          0.0   289.098997   283.734927            0    -1.399763     0.998429
        2181     0.076358   404.759003   556.950481  1496.704531     0.184488   172.188884   100.168018    72.020866   100.406023    99.327488          0.0   289.006638   283.588898            0     1.306743    -1.084943
        2182     0.402628    404.80899   557.783565  1496.190734     0.168272   174.371266   101.387345    72.983921   101.259404   101.125143          0.0   289.146654   283.837474            0    -0.570882     0.379535
        2183    -0.108879   404.850006    557.84987  1496.214536     0.149546   171.729356    98.975546     72.75381    99.321288   100.351436          0.0   289.118295    283.84934            0    -1.442194     1.006346
        2184    -1.169976   404.881989   556.047564  1496.696167     0.148975   172.663946   100.329443    72.334503   101.716479   100.885275          0.0   289.086056   283.899613            0     1.246475    -1.312836
        2185     0.754033   404.906006   556.459294  1495.855086     0.226391    174.01325   101.174082    72.839169   100.697565    100.49337          0.0   289.134531   283.953556            0     0.268981     0.636887
        2186     0.081576   404.921997   556.559079  1495.843115     0.181598   171.668417    99.398423    72.269994    99.532484   100.107529          0.0    289.10349    283.82076            0     -0.80889     0.587015
        2187    -0.773707   404.932007   555.724669   1496.80799      0.05902   172.080289    99.609548    72.470741   100.463578   100.205564          0.0   289.205264   284.035598            0     0.238395    -1.222889
        2188     -1.03782   404.934998   555.415812  1495.550613     0.231678   172.227575    100.09617    72.131405   101.372028   100.010487          0.0   289.117578   283.876858            0     0.394541    -0.104164
        2189    -0.475744   404.933014   555.958326  1494.427785     0.193903   173.148685    99.871633    73.277053   100.537048   100.801236          0.0   289.217526    284.11166            0    -1.472117     1.387015
        2190    -1.857565   404.925995   554.683634  1494.097761     0.190589   172.242299    99.731214    72.511085   101.764415    99.831719          0.0   289.176565   284.007932            0     1.174186    -1.602672
        2191     0.038963   404.915985   554.406603  1493.141714     0.158121    171.39948    99.537426    71.862054    99.635264    99.306346          0.0    289.02949   283.690973            0     0.508112     0.627129
        2192    -0.109205   404.901001   554.220945  1493.160952     0.120094   170.953087    99.149467     71.80362    99.346855    99.314225          0.0   289.017257   283.607584            0     0.020901    -0.051868
        2193    -0.941705   404.882996   553.751967  1492.924945      0.17186   171.540226    99.383551    72.156676   100.458773   100.006637          0.0   289.152931   283.942002            0    -0.154109    -0.216129
        2194      0.50664   404.860992   554.014077  1492.722527     0.155104   172.385599   100.195811    72.189788    99.797419    99.996953          0.0   289.179999   283.897225            0    -0.063252     0.401951
        2195    -0.329719   404.835999    553.94612  1492.577745     0.022524   172.503587   100.405491    72.098096   100.704511    99.833214          0.0   289.052258   283.727141            0     0.640234    -0.726515
        2196     0.239263    404.80899   554.981938  1491.891843      0.03974   173.071994   100.499153    72.572841    100.24212   100.085455          0.0   289.018805    283.59271            0    -0.622119     0.529237
        2197    -1.331185   404.778992   554.157048  1491.755002    -0.025561   169.965875    98.204078    71.761797    99.445824    99.357552          0.0    289.04014   283.637512            0    -0.328584     0.048569
        2198       -0.085   404.747009    553.81128   1491.77447     0.112944    171.52098    99.396374    72.124606    99.526218    99.898986          0.0   289.121798   283.774861            0    -0.156844     0.353301
        2199    -0.596895   404.712006   553.356253  1492.085873     0.026014   172.618125   100.154319    72.463806   100.702695   100.498883          0.0   289.172974   283.880519            0     0.110463    -0.515214
        2200     1.528417   404.675995   553.702843  1491.740759     0.308961   173.952823   101.333626    72.619197   100.037493    100.26439          0.0   289.087071   283.647484            0     0.722646     0.572012
        2201    -0.191734   404.636993   554.695868  1491.460154     0.182741    172.88339   100.376729    72.506661   100.668158    99.788381          0.0    289.08176   283.710762            0    -0.404677    -0.599173
        2202     1.756478   404.596985   555.285101  1491.398128     0.222796   172.595441   100.317419    72.278022    98.698547   100.264715          0.0   288.987415   283.553641            0     -0.53653     1.628194
        2203    -2.847001   404.554993   553.474855  1492.603569     0.106037    169.75175    97.506754    72.244996    100.37038   100.198072          0.0   289.172216   284.023764            0    -0.881072    -1.377749
        2204    -0.932056   404.511993   552.254409    1491.8192     0.197099   170.885666    99.014307    71.871359   100.051907    99.786892          0.0   289.077599   283.567851            0     0.447862     0.519354
        2205    -2.264246    404.46701   550.774205   1491.19895     0.207598   170.965117    98.653999    72.311118   101.030062    99.262921          0.0   289.250996   283.957446            0     0.871282    -1.146892
        2206    -0.249932    404.42099   551.177263  1489.258871      0.12194   174.146477   101.460299    72.686178   101.734182    99.716389          0.0   289.151475   283.872067            0     1.340853    -0.077714
        2207     2.294912   404.373993   553.402534  1488.860205     0.293845   174.687128    101.43129    73.255839    99.330154   100.634128          0.0   289.107749   283.822029            0     -1.42811     1.702639
        2208    -0.047407   404.325989    553.31774  1488.854362     0.170423   174.529333   101.467722     73.06161   101.583339   100.468746          0.0   289.082108   283.896437            0      1.08377     -1.10875
        2209     1.010662   404.276001   554.113968  1489.074174     0.293567   172.183781    99.597251     72.58653    98.773719   100.429818          0.0   288.995191   283.547419            0    -1.628795     1.436287
        2210    -1.849063   404.226013   552.675272  1489.847073     0.222475   170.527545    98.635724     71.89182   100.600826    99.532742          0.0    289.04383   283.787231            0     0.541678    -1.840983
        2211     0.498872   404.174988   552.152443  1489.577511     0.220711   170.172023    98.790962     71.38106    98.404158    99.091086          0.0   288.891822   283.375164            0     0.222705      0.95649
        2212    -0.346799   404.122986   552.373402  1489.622635      0.23228   172.979257   100.155482    72.823775   100.623837   100.243479          0.0   289.139808   283.932984            0    -0.308956    -0.425482
        2213    -1.116233   404.070007   551.443798  1489.195148     0.285866   171.215395    99.197485    72.017909   100.486781    99.629849          0.0   289.104733    283.87642            0      0.49724    -0.429444
        2214     0.316027   404.015991   551.700112  1489.251106     0.240622   172.255972     99.71755    72.538422    99.527132   100.389605          0.0   289.042231   283.635269            0     -0.92837     0.806516
        2215    -1.332096   403.962006   551.175228   1488.50651     0.239677   173.492857   100.762675    72.730181   102.219502    99.965606          0.0    289.12605   283.758444            0     1.321954      -1.5093
        2216    -0.190835   403.907013   552.158246  1487.227938     0.123387   172.497472     99.98896    72.508512    100.18609    100.16069          0.0   289.153968   283.904822            0    -1.154748     1.253172
        2217     0.038474   403.851013   551.613477  1487.004175     0.342186   172.121354    99.619885    72.501469    99.804361   100.416041          0.0   289.200523   283.911295            0    -0.251387     0.835445
        2218    -2.634955   403.795013   549.952097   1487.67845     0.194802   169.667637    97.735133    71.932505   100.445654    99.862474          0.0    289.27811   284.074226            0    -0.465963    -1.257455
        2219    -0.953188   403.739014   548.622978  1486.718062     0.254865   169.832818    98.174025    71.658793    99.262841    99.166216          0.0   289.208611   283.953003            0     0.336929     0.863764
        2220      0.48478      403.681   548.142353  1487.098305     0.264069   172.501188   100.316654    72.184534    99.972418   100.111997          0.0   289.160651   283.909529            0     0.685282    -0.240664
        2221    -2.161006   403.623993   547.292194  1486.956024     0.217478   169.296632     97.70483    71.591802    99.961933    99.399465          0.0   289.208455   283.872064            0    -0.844476    -0.420187
        2222    -1.595161   403.565002   545.547825  1486.813549     0.249873   169.837661    98.144551    71.693109    99.863981    99.687203          0.0   289.391018   284.342427            0     0.201717    -0.034304
        2223     -1.39644   403.506989   545.643533  1484.712356     0.260897    174.46238   101.782919    72.679461   103.316733    99.988762          0.0   289.349367   284.230225            0     1.698449    -1.226778
        2224     1.798954   403.447998   547.165742  1483.209227     0.005827   174.288903   102.138379    72.150524   100.219646    99.721828          0.0   288.999325   283.652044            0     0.894342     1.005311
        2225     3.723492   403.389008   550.066832  1483.565452     0.265933   175.853901   103.015916    72.837984    99.432755   100.439024          0.0   288.913773   283.482876            0    -0.324198     0.650044
        2226     1.910734    403.32901   551.245135  1484.891073     0.167373   172.917963   100.285902    72.632061    98.414794   100.432617          0.0   288.989855   283.662428            0    -1.325017     0.692203
        2227     0.250969   403.269012    551.35418  1485.968329     0.238283   173.511208    100.62443    72.886778   100.483997   100.444967          0.0   289.100135   283.783734            0     0.070418    -1.116286
        2228     -2.07305   403.208008   550.739502  1485.897151     0.118396   170.882424     98.48559    72.396835   100.547146   100.583667          0.0   289.090593    283.84917            0    -1.483399     0.107699
        2229     1.404923   403.147003    550.49391  1485.260355     0.145888    173.63481   101.396711    72.238099   100.007785    99.835663          0.0   288.989908   283.736008            0      1.80664     0.464675
        2230     0.241844   403.085999   550.989509  1485.799234     0.203714   172.172065    99.632178    72.539886    99.464159   100.058035          0.0   289.081671   283.789773            0    -0.921456     0.054997
        2231    -2.285218   403.024994   550.023248  1486.029741     0.242007   171.571857    98.845903    72.725954   101.243237   100.519882          0.0   289.253656   284.171085            0    -0.707718    -0.953862
        2232    -0.730964   402.963013   549.552469  1484.069925     0.300346   173.944225   101.350016    72.594209   102.249356   100.155154          0.0   289.180769    284.03153            0     1.665641    -0.134386
        2233     1.267253   402.901001   551.029166  1483.124683     0.155103   173.848906   101.082713    72.766194    99.838528    99.580439          0.0   289.142029   283.844048            0     0.025576     0.687152
        2234     0.733443   402.838013   551.896363  1483.484788     0.182035   172.793544    99.619248    73.174296    98.933724    100.54245          0.0    289.16692   283.993354            0    -1.790398     1.248621
        2235    -2.631089   402.774994   549.770024  1483.956378     0.247243     169.5583    97.719493    71.838807   100.463645    98.935444          0.0   289.136726   283.893105            0     0.910388     -1.99979
        2236      0.84689   402.712006   550.115597  1482.648251     0.262582   172.800201   100.525023    72.275178    99.806602    99.392823          0.0   289.048913   283.793568            0     0.786627     0.894348
        2237    -0.817622   402.648987   550.140384  1483.101986     0.274054   169.989275    98.104809    71.884466    99.062305    99.097045          0.0   289.096211    283.86265            0    -1.017023    -0.418995
        2238    -0.185917   402.584991   549.483282  1482.965421     0.038419   172.660343   100.354405    72.305937   100.442482    99.967342          0.0   289.010203   283.743709            0     1.044166    -0.338575
        2239     0.723096   402.520996   550.419044  1482.538208     0.136117   172.476359   100.237275    72.239084     99.51404    99.709781          0.0    288.96438   283.732711            0    -0.408266     0.622953
        2240     0.156119   402.455994    550.62883  1482.613416     0.221159   172.193629    99.643109     72.55052    99.569748    99.969552          0.0   289.115561   283.873275            0    -0.536229     0.324597
        2241    -1.380608   402.391998    549.33826  1483.216875     0.229838   170.812321    98.487478    72.324843    99.961667   100.180293          0.0    289.22074   283.993762            0    -0.402244    -0.384833
        2242     0.445872   402.326996   548.946964  1482.373857      0.20821   173.461271   101.066179    72.395092   100.690115    99.700052          0.0   289.132311   283.970695            0     1.757423    -0.147045
        2243    -0.198691   402.260986   550.438777  1481.690073     0.251535   173.881276    100.43781    73.443466   100.747487   100.561382          0.0    289.25976   284.125757            0    -1.615385     0.497679
        2244    -1.081207   402.195007   549.108181  1481.654566     0.231323   171.455158    99.053278     72.40188   100.225326   100.342062          0.0    289.25718   283.979943            0     0.041812     0.152243
        2245    -0.052729   402.128998   548.563046  1481.592613      0.27559   172.078588   100.000332    72.078256   100.188104    99.507178          0.0   289.175045   284.042571            0     1.038289    -0.618973
        2246     0.774668   402.062988   548.722898  1481.516376      0.07564   172.318006   100.285627    72.032379    99.446051   100.005845          0.0   289.098769   283.754408            0      0.11993     0.636031
        2247     1.034496   401.996002    550.05197  1481.686505     0.204402   173.309656   101.168077    72.141579   100.195359    99.044134          0.0   288.976635   283.569547            0      0.79487    -1.321354
        2248       2.7388   401.928986   551.680701  1481.872007     0.299855   173.474355   101.062892    72.411463    98.481258   100.188808          0.0   288.947646   283.499123            0    -0.754646     1.522048
        2249    -0.032546      401.862   551.578243  1483.254202     0.217192   171.920715     99.29665    72.624066    99.403762   100.636145          0.0   289.092248   283.880354            0    -1.237038    -0.149812
        2250    -0.863327   401.795013   550.283282  1483.680056     0.207071   171.929204    99.401881    72.527323   100.329653   100.098606          0.0   289.056047   283.875372            0     0.598236      -0.6569
        2251     0.455246   401.729004   550.474759  1483.347964     0.262052   172.591197   100.183312    72.407884    99.849573    99.794073          0.0   289.035426   283.814886            0     0.197763     0.276592
        2252     0.394204   401.661987    550.67965  1483.295271     0.271555   172.749111   100.310248    72.438863   100.044909   100.452305          0.0   288.987258   283.733592            0    -0.346948     0.460089
        2253    -0.816412   401.596008   550.029256  1483.834944     0.287319   171.039872    98.918578    72.121294    99.881828   100.233411          0.0   289.027832   283.667562            0    -0.664439    -0.188089
        2254    -1.781683   401.528992   548.846922  1483.466657     0.122835   170.626612    98.480606    72.146005   100.242435    99.465107          0.0   289.080875   283.761703            0     0.197835    -0.409041
        2255     0.567133   401.463013   548.187161   1483.13788     0.104357   171.248084    99.859761    71.388324    99.256502    99.066555          0.0   288.909328   283.606414            0     1.452967      0.13883
        2256     1.385741   401.395996   550.087058  1483.029809     0.225605   174.330195   101.252079    73.078116    99.949251   100.253085          0.0   288.983463   283.713926            0    -0.900903     0.411905
        2257    -2.569349    401.32901   548.630246  1483.752297     0.143627   169.422162    97.506376    71.915787   100.076727    99.764722          0.0   289.225644   284.147492            0    -0.801535    -1.034493
        2258     1.147427   401.260986   549.027865  1482.256291     0.114032   174.118627   101.615765    72.502863   100.437536    99.186181          0.0   289.070577   283.779175            0     2.031965      0.24465
        2259     2.596743      401.194   551.597938  1481.821219     0.170313   175.201139   102.095025    73.106114     99.52597   100.209408          0.0   288.962064   283.517822            0    -0.684456     1.118511
        2260     0.000936   401.127014   551.271924  1483.796057     0.190936   171.842593    99.063128    72.779465    99.110503   100.511331          0.0   289.128225    283.82918            0    -1.122189     -0.57401
        2261     0.528114    401.05899   550.820152  1483.879225     0.165634   172.762891    100.64743    72.115461   100.140115    99.864298          0.0   288.998921   283.553529            0     1.234904    -0.358985
        2262     1.099907   400.990997   552.022809  1483.524322     0.126338   173.673926   101.309488    72.364438   100.191148    98.872779          0.0   288.783131   283.320061            0     1.234051    -0.963466
        2263     2.226243   400.923004    553.91145  1483.951344     0.268098   173.093607    100.15838    72.935227    98.055466   100.592611          0.0   288.922727   283.640083            0    -2.322871     2.110122
        2264    -1.505021   400.855011   552.590195  1485.119391     0.162029   171.573776    98.898661    72.675116    100.42094   100.540238          0.0   289.038879   283.703071            0    -0.320322    -1.048749
        2265    -1.556551   400.787994   551.055213   1484.70201     0.087542   171.279513    99.063447    72.216066    100.56485    99.898923          0.0   289.109015   283.832045            0     0.699505    -0.248546
        2266     0.477701   400.720001   551.255829  1483.881065     0.092552   173.129523   100.979443    72.150079   100.449524    99.643724          0.0    288.96647   283.703981            0     1.135104     0.015144
        2267     2.716031   400.652008   553.077081  1484.131478     0.320247   173.980981   101.288259    72.692721    98.747705    99.987071          0.0   288.898098   283.498794            0    -0.520064     0.988953
        2268    -0.504042   400.584015   553.075958  1485.485937     0.162678    170.83293    98.806012    72.026917    99.327962    99.884728          0.0   288.959171   283.682247            0    -1.077593    -0.797693
        2269    -0.320406   400.515991   552.555615  1485.015248     0.207008   172.582707   100.006139    72.576568   100.388717     99.98386          0.0   289.004908   283.693417            0     0.542622     0.065833
        2270     -0.67565   400.447998    552.34769  1485.152945     0.158293   171.929791    99.399429    72.530362   100.088601   100.179361          0.0   289.071129   283.768384            0    -0.572007    -0.046938
        2271      0.58175   400.380005   551.687136  1485.801139     0.181749   173.180917   100.123511    73.057405    99.578741   100.560136          0.0   289.059436   283.821014            0      0.22393     0.333201
        2272    -2.213582   400.312012   550.927481   1485.07281     0.236332   171.983041    99.492251     72.49079   101.797396    99.860332          0.0   289.236851   284.052883            0     0.391573    -1.208734
        2273    -0.904744   400.244995   550.088914  1483.631751     0.218926    170.97093    99.017089    71.953841    99.998071    99.722642          0.0   289.125563   283.751729            0     0.133015     1.165631
        2274     0.335312   400.177002   550.236845  1483.978863     0.143585   171.643357    99.629083    72.014273    99.292585    99.184123          0.0   289.057873   283.605592            0     0.297029    -0.455574
        2275     1.808845   400.109985    550.95352  1483.764286     0.250864   173.226397   100.807778    72.418619    99.107106    99.599579          0.0   289.012963   283.635824            0     0.491523      0.70705
        2276    -0.326481   400.041992   551.331364  1484.787917     0.262652   171.585539    99.132814    72.452724    99.577174   100.150222          0.0   289.070365   283.754049            0    -1.395252    -0.450583
        2277    -0.285321   399.975006   551.173867  1484.500297     0.119068   172.725548    99.886567     72.83898   100.148331   100.199063          0.0    289.08556   283.826691            0    -0.154998     0.338352
        2278    -0.690156    399.90799   550.484573  1484.061922     0.264378   172.477862    99.719883    72.757978   100.531726     99.91181          0.0   289.126578   283.919217            0     0.497367    -0.181541
        2279      0.63988   399.841003   550.516204  1484.264809     0.120861   172.188133   100.250341    71.937792    99.588696    99.495195          0.0   288.994327   283.627453            0     0.723515    -0.296388
        2280      2.36156    399.77301   552.422095  1483.860851     0.100271   175.422333   102.607206    72.815127   100.201147    99.580883          0.0   288.901829   283.414608            0     1.120432    -0.216306
        2281     1.954305   399.707001   554.411005  1484.265159     0.162597   174.274987   100.902745    73.372242    98.970489   100.357468          0.0   289.019825   283.691755            0    -1.443633     0.982672
        2282    -1.925184   399.640015   554.062164  1484.989916     0.175009   172.214167    99.040054    73.174113   100.997622   100.871797          0.0   289.220549   284.052008            0    -1.482902    -0.850582
        2283    -1.402043   399.572998   552.388628  1483.943898     0.220334   173.773427   101.028653    72.744774   102.508338    99.849862          0.0   289.163013   284.042589            0     2.852327    -1.612459
        2284     3.148851   399.506012   554.668472  1483.430398       0.2295   174.751379   101.926475    72.824905    98.864498   100.216285          0.0   288.952035    283.61317            0    -0.569654     1.865287
        2285     1.016231   399.440002   555.789293  1484.034571     0.230958   173.702528   100.343641    73.358887     99.41782   100.623096          0.0   288.955731   283.594927            0    -1.400276     0.601102
        2286      0.24627   399.373993   555.020923  1485.094181       0.0583   171.956628     99.48156    72.475068    99.153044    99.976812          0.0   289.029887   283.791702            0     0.273119    -0.235842
        2287     0.263574   399.307007   555.606445  1484.976741     0.096488   173.711949   100.630362    73.081588    100.32065   100.270752          0.0   289.032622   283.752758            0    -0.225913     0.067542
        2288    -0.677333   399.240997   554.809978  1485.691092     0.143149   172.415384    99.645678    72.769706   100.325614   100.397183          0.0   289.060056   283.805784            0     0.044963    -0.642783
        2289     1.686753   399.174988   555.478664  1485.294125     0.233584   175.431052   102.400932     73.03012   100.807217   100.345554          0.0   288.919784   283.434054            0     1.386691    -0.064694
        2290    -1.025722   399.109985   555.122533   1486.48725     0.229621   170.770371    98.160975    72.609395    99.277914   101.119303          0.0   289.010714   283.636439            0    -2.602196     0.648264
        2291      0.45224   399.044006   553.472661  1487.005247     0.341637   171.398784    99.475508    71.923275    99.224423    99.777719          0.0   288.984002   283.502257            0     1.347662     0.035298
        2292    -1.975632   398.977997   552.309282  1487.447692     0.173147   170.939809    98.433384    72.506424   100.441616   100.016793          0.0   289.184192   283.865608            0    -0.420029    -0.867268
        2293      -0.8344   398.912994   551.146627  1487.442191     0.320537    169.78738    97.760441    72.026938    98.776977    99.372362          0.0   289.057923   283.749967            0    -0.449265     0.600886
        2294     -1.28584   398.846985   549.400048  1487.960699      0.31733   170.086697    98.116804    71.969893    99.579428     99.26381          0.0   289.077006   283.818835            0     0.599574    -0.834127
        2295    -0.857768   398.782013   548.655833  1486.825294     0.165682   170.582144     99.15755    71.424595   100.042662    99.064043          0.0   288.962629   283.691362            0     0.837722     0.156785
        2296     2.461538    398.71701   550.552467  1486.292542     0.140377   174.004063   101.822878    72.181185    99.363314    98.968616          0.0   288.793245   283.317079            0     0.957627     0.138054
        2297     2.187762   398.652008   552.400389   1486.46935     0.151314   173.933124   101.495517    72.437606    99.320666      99.9355          0.0   288.807657   283.400083            0    -0.287904     0.438025
        2298     0.990882   398.587006   553.896387    1487.1718     0.106497   173.405034   100.315599    73.089435     99.29281    99.931839          0.0    289.01514   283.684924            0    -1.112237     -0.06342
        2299    -1.224336    398.52301   553.556504  1486.900205     0.007546    172.67942    99.845213    72.834208   100.940835   100.128849          0.0   289.033312   283.806717            0     0.056246    -0.540391
        2300     0.319695   398.458008   553.873329  1486.745509     0.258376   172.552372    99.475359    73.077013    99.275638    100.15153          0.0   289.143624   283.900994            0    -0.992995     1.030588