        time     emission          CO2         cveg        csoil        fgco2         fgpp         fnpp           ra          frh     fvegsoil         fluc          tas     tas_land        cprod     fcvegout    fcsoilout
      1850.0     0.153335   283.154364   583.433866  1749.064552     0.057186   116.738835    58.696169    58.042667    57.064188    57.594504     0.000527   286.314074   280.345619     0.007387     1.209878     0.000402
      1851.0    -1.176382   283.276799   583.192140  1748.999166     0.058009   113.521716    56.845394    56.676322    57.436403    56.770032     0.001148   286.456306   280.664688     0.015818     0.317088    -0.600985
      1852.0     0.931467   283.837323   582.816901  1748.338479    -0.212555   117.506583    59.212792    58.293791    58.366997    58.029361     0.001191   286.304815   280.394297     0.017522     1.558670     0.323051
      1853.0     0.535008   283.427950   583.460486  1748.778881    -0.225765   121.344764    60.567221    60.777543    58.020820    58.925252     0.001267   286.256416   280.279073     0.019680     0.998383     0.464031
      1854.0    -0.607552   283.173855   583.572401  1749.532268    -0.239409   116.005986    58.019390    57.986596    56.971002    57.460446     0.001215   286.346896   280.438230     0.020239     0.447028    -0.263942
      1855.0    -0.118777   283.465959   583.300795  1749.525109    -0.252488   115.569979    57.998352    57.571627    57.595702    57.139721     0.001230   286.408569   280.493281     0.021526     1.130237    -0.448822
      1856.0     0.440023   283.799705   583.165341  1749.229126    -0.194682   116.935695    59.033328    57.902367    58.152050    58.150164     0.001256   286.411631   280.521690     0.023013     1.018618     0.294098
      1857.0    -0.013727   283.738618   583.196508  1749.543497    -0.152061   117.264622    59.326402    57.938221    58.098154    58.283484     0.001230   286.303357   280.233177     0.023498     1.011752    -0.129042
      1858.0     0.167041   283.682952   583.492307  1749.553440    -0.072669   118.660500    59.757408    58.903092    58.453612    58.418320     0.001231   286.289754   280.228531     0.024518     1.043289    -0.045235
      1859.0     0.020143   283.668395   583.724531  1749.493289     0.049766   115.745798    58.135256    57.610542    57.209416    57.350507     0.001236   286.378082   280.427073     0.025385     0.552525     0.201243
      1860.0    -0.437242   284.184905   583.226930  1748.833004     0.110392   115.114987    57.402267    57.712721    58.112254    57.008953     0.001101   286.491526   280.549177     0.024152     0.890915    -0.443017
      1861.0     0.718823   284.146463   583.225029  1748.947414    -0.011350   117.674444    59.176619    58.497824    57.411906    57.988593     0.000967   286.281746   280.427287     0.022593     1.189928     0.462277
      1862.0     0.014590   283.784561   583.440599  1749.650905    -0.121189   117.656368    59.306752    58.349617    57.381537    58.282103     0.000884   286.181816   280.299533     0.021779     0.809078     0.197075
      1863.0    -0.026371   283.731989   583.181056  1750.236709    -0.034782   114.238859    57.709018    56.529841    56.609204    57.062398     0.000875   286.246040   280.304036     0.021943     0.906163    -0.132610
      1864.0    -0.520207   284.231249   582.437014  1749.967614     0.088802   111.897461    56.428401    55.469060    57.189328    56.114981     0.000884   286.406789   280.583191     0.022294     1.057461    -0.805251
      1865.0     0.078310   284.868208   582.031917  1748.961171     0.236543   112.309915    56.464803    55.845112    57.074864    56.228817     0.000882   286.500148   280.662605     0.022460     0.641082     0.160397
      1866.0     1.212837   285.119797   581.768722  1748.586223     0.231288   116.005300    58.224113    57.781187    56.903977    57.091557     0.000881   286.464849   280.494415     0.022553     1.395752     0.562528
      1867.0    -0.914515   285.637018   581.450413  1747.764631     0.051157   115.035401    57.590408    57.444994    58.711732    57.026356     0.000881   286.495720   280.528620     0.022589     0.882360    -0.863784
      1868.0     0.890083   285.716987   582.034355  1747.114402     0.032296   119.634340    60.092883    59.541457    58.426544    58.520993     0.000911   286.538704   280.652781     0.022980     0.987947     0.744678
      1869.0    -0.095497   285.796655   582.048817  1746.939696     0.186059   114.435685    57.517653    56.918032    56.997103    56.763372     0.000890   286.697411   280.847234     0.022825     0.739819    -0.059024
      1870.0    -0.370120   286.273228   581.477531  1746.343724     0.391656   111.026679    55.935699    55.090979    56.709694    55.659430     0.001443   286.722239   280.831256     0.030335     0.847556    -0.454293
      1871.0     0.123839   286.957741   581.037151  1745.017172     0.426605   113.783246    56.705296    57.077950    57.448355    56.191153     0.002426   286.808619   281.009023     0.045021     0.954523     0.069350
      1872.0     0.471271   287.718191   580.460636  1743.676717     0.407390   115.122500    57.575245    57.547256    58.151780    56.714809     0.004478   286.689377   280.780835     0.090869     1.436951    -0.096516
      1873.0     0.716616   287.761737   580.656543  1743.282374     0.260734   116.882391    58.993005    57.889385    57.610507    57.902644     0.006819   286.473409   280.523824     0.157073     0.894454     0.686480
      1874.0     0.823315   287.572953   580.547950  1743.651261     0.324849   117.511756    59.467196    58.044560    57.529379    58.195814     0.009350   286.463765   280.534734     0.240083     1.379975     0.297548
      1875.0    -1.481677   287.369041   580.493950  1743.907672     0.361371   113.310441    56.751248    56.559193    57.162216    56.309304     0.011690   286.655078   280.796562     0.331022     0.495945    -1.109324
      1876.0     0.514942   288.095281   580.233176  1742.447708     0.326363   116.589811    58.303585    58.286226    58.657717    57.176186     0.014055   286.622167   280.793154     0.430866     1.388173    -0.021566
      1877.0     0.628920   288.263106   580.524993  1741.820598     0.008643   118.283477    59.895748    58.387729    58.573264    58.456504     0.016843   286.397001   280.436061     0.548968     1.147427     0.510350
      1878.0     0.923460   287.964499   581.102040  1742.077233     0.010261   119.039031    60.339577    58.699454    57.687812    58.608962     0.020657   286.315587   280.379842     0.700633     1.153569     0.664514
      1879.0    -0.087057   287.623047   581.487183  1742.537992     0.098414   115.630293    58.419985    57.210308    56.825464    57.157378     0.026445   286.489148   280.558495     0.909235     0.877464    -0.128844
      1880.0    -0.507751   287.785943   581.025676  1742.679591     0.198481   113.199830    56.720782    56.479048    56.727422    56.504292     0.020968   286.511991   280.583504     0.893995     0.677997    -0.364729
      1881.0     0.238562   287.963710   580.648871  1742.611330     0.421235   114.772707    57.592144    57.180563    57.133904    56.818986     0.011693   286.587847   280.692734     0.754258     1.149963    -0.246657
      1882.0    -0.482098   288.712424   579.993497  1741.490266     0.336295   113.560488    56.527439    57.033049    57.858526    56.163743     0.008842   286.710627   281.058551     0.698569     1.019070    -0.573719
      1883.0     1.872512   288.839192   580.056881  1741.134712     0.316636   117.742074    59.824192    57.917882    57.406664    58.325567     0.008361   286.380821   280.413897     0.680240     1.435240     1.274457
      1884.0     0.417428   288.265439   580.027431  1742.301981     0.335392   114.650622    58.330414    56.320208    55.918338    57.416236     0.009224   286.229965   280.080752     0.689873     0.943628     0.330629
      1885.0    -0.544540   288.013600   579.738762  1743.144264     0.092966   115.334109    58.096235    57.237874    57.088843    57.214889     0.010361   286.299967   280.243100     0.711154     1.170015    -0.716238
      1886.0    -0.364641   288.038460   579.708049  1743.174665     0.247072   113.578177    57.148515    56.429662    56.726845    56.378378     0.011246   286.464958   280.566269     0.734090     0.800850    -0.378867
      1887.0     0.630691   288.813363   579.021369  1742.232859     0.265539   113.983644    57.508517    56.475127    57.655433    56.761113     0.011847   286.456352   280.536179     0.755923     1.434085     0.047486
      1888.0     0.930733   288.605895   579.139290  1742.652189     0.153548   116.914321    59.324083    57.590238    56.964075    58.109302     0.012431   286.292076   280.294866     0.780426     1.096860     0.725897
      1889.0    -0.250577   288.447278   578.983447  1743.226708     0.215749   115.135072    57.978805    57.156267    56.986078    57.111981     0.013163   286.445923   280.603238     0.810041     1.022668    -0.448617
      1890.0     0.025179   288.610807   578.715570  1743.240935     0.177841   114.872603    57.887182    56.985421    57.237854    56.975907     0.015087   286.420698   280.459407     0.867978     1.179152    -0.276175
      1891.0     0.570096   288.937381   578.289183  1743.085667     0.227219   112.441788    56.782537    55.659252    56.036141    56.206962     0.018116   286.340085   280.536034     0.959128     1.001961     0.326089
      1892.0     0.497517   289.156715   577.934887  1743.123002     0.193646   114.741794    58.003580    56.738214    57.067122    57.106476     0.021274   286.248395   280.238772     1.069276     1.251400     0.002018
      1893.0     0.595463   289.243180   577.883734  1743.188366     0.042231   116.921785    59.243311    57.678474    57.713205    57.917348     0.023666   286.231303   280.304212     1.176462     1.377117     0.138779
      1894.0     0.202563   289.036819   577.887827  1743.823876     0.170258   115.580137    58.515671    57.064466    56.836244    57.519373     0.026487   286.135417   280.062693     1.301712     0.992204     0.047620
      1895.0     0.092141   288.962450   577.582599  1744.453715     0.186738   114.677692    57.965559    56.712133    56.660347    57.082070     0.029588   286.173635   280.118815     1.442245     1.188717    -0.208117
      1896.0    -0.241803   289.557687   576.804204  1744.105599     0.330400   110.428641    55.735004    54.693637    56.339011    55.484411     0.032144   286.354947   280.448469     1.580821     1.028989    -0.506485
      1897.0     0.457142   290.465054   576.343691  1742.665924     0.306943   115.646837    57.980777    57.666060    58.461436    56.887948     0.037128   286.390195   280.680641     1.777665     1.553341    -0.133813
      1898.0     1.783744   290.546526   576.119665  1742.870684     0.205106   117.744987    59.779877    57.965109    57.108428    58.517119     0.041400   286.076691   280.007607     1.978848     1.486785     1.203931
      1899.0    -0.747477   290.668637   575.814997  1743.287956    -0.060706   113.492537    56.961294    56.531244    56.680753    56.276948     0.044226   286.193420   280.287682     2.162337     0.989015    -0.821077
      1900.0     0.755756   291.103702   575.217459  1743.397242     0.168680   113.304578    57.288947    56.015631    56.406515    56.766699     0.034193   286.221967   280.245420     2.065380     1.119785     0.250898
      1901.0     0.601493   291.488330   574.752289  1743.319933     0.318124   113.567419    57.489904    56.077515    56.850452    56.573520     0.023036   286.321487   280.305333     1.877262     1.381554    -0.199622
      1902.0     0.758636   291.927521   574.475537  1742.820330     0.400203   114.511879    57.615432    56.896447    56.972584    56.757581     0.019935   286.356107   280.233210     1.798960     1.134602     0.284600
      1903.0    -0.432958   292.325824   573.789629  1742.782458     0.338028   110.304191    55.737623    54.566567    56.116561    55.532139     0.019354   286.245908   280.072225     1.760149     0.891393    -0.546550
      1904.0     2.174619   292.671043   573.308962  1742.835608     0.223611   115.104413    58.717626    56.386787    56.243754    57.275212     0.020385   286.114845   279.982193     1.758053     1.923081     0.978308
      1905.0     0.342526   292.091647   574.021087  1743.748736     0.164488   119.794875    60.758551    59.036325    57.974831    58.496659     0.022437   286.130478   280.065793     1.788681     1.549766    -0.391300
      1906.0    -0.368503   292.536763   573.888368  1743.367256     0.218705   113.508120    57.145654    56.362466    57.350895    56.513068     0.026118   286.387151   280.500562     1.868737     0.765305    -0.456347
      1907.0     0.969797   293.160307   573.519208  1742.744284     0.479204   114.455376    57.924777    56.530600    57.439794    56.795065     0.029518   286.413834   280.448825     1.962743     1.498872    -0.021758
      1908.0     1.126482   293.454164   573.525567  1742.372781     0.413918   116.262011    58.989456    57.272555    57.551264    57.630915     0.034686   286.361885   280.372131     2.111672     1.352182     0.451154
      1909.0     0.913592   293.608041   573.427666  1742.385476     0.427054   117.565786    59.558480    58.007307    57.998094    57.904691     0.038582   286.276021   280.100311     2.257823     1.751689    -0.106097
      1910.0    -0.339023   293.906161   573.427957  1742.149476     0.293592   115.177845    58.257569    56.920276    58.054729    57.150463     0.031324   286.424238   280.442454     2.174017     1.106815    -0.668267
      1911.0     0.993799   294.619718   573.339826  1741.171644     0.416701   116.544543    58.892697    57.651846    58.390970    57.609631     0.020144   286.398748   280.529139     1.958444     1.371196     0.196493
      1912.0     1.010667   295.102573   572.914233  1740.830932     0.663756   113.301459    57.459562    55.841897    56.685474    56.876081     0.015500   286.323461   280.269287     1.825723     1.009074     0.531319
      1913.0     0.836467   295.607184   572.239699  1740.566781     0.784812   114.357389    57.853954    56.503435    57.460846    56.662872     0.013434   286.371035   280.288338     1.730104     1.865615    -0.533822
      1914.0     1.098079   296.194698   571.974658  1739.699846     0.730731   114.154362    57.819681    56.334682    57.298144    56.779193     0.012703   286.418190   280.392326     1.659851     1.305528     0.347984
      1915.0     0.994993   296.554011   571.661702  1739.324651     0.654764   115.803767    58.574007    57.229760    57.548960    57.401700     0.011635   286.397575   280.339096     1.586241     1.485264     0.227935
      1916.0     0.301153   296.971180   571.076993  1739.256704     0.551483   113.398154    57.319558    56.078595    57.011070    56.481030     0.010811   286.439395   280.545207     1.520624     1.423237    -0.462093
      1917.0     1.102720   297.476052   570.476789  1739.152103     0.570491   113.551947    57.705918    55.846029    56.803337    57.094232     0.010434   286.353917   280.436384     1.468017     1.211891     0.395495
      1918.0     0.907521   297.864428   569.908041  1739.122766     0.712451   114.331667    57.819741    56.511926    57.020610    56.697588     0.010585   286.313728   280.280067     1.430982     1.690901    -0.293685
      1919.0     0.860044   298.535889   569.384502  1738.412295     0.551228   112.729004    56.928349    55.800655    56.675843    56.253768     0.010687   286.440946   280.559980     1.397810     1.198120     0.288395
      1920.0     1.296251   298.890216   568.963277  1738.362075     0.534069   116.803835    59.206317    57.597517    57.746178    57.683971     0.011434   286.230949   280.176895     1.381962     1.943571    -0.011986
      1921.0     0.470638   298.951065   569.205545  1738.384042     0.377671   118.169450    59.709994    58.459456    58.227848    58.018971     0.012656   286.345764   280.514481     1.382900     1.448755    -0.230844
      1922.0     0.583831   299.083711   569.406430  1738.320457     0.479921   117.091208    58.906119    58.185088    57.659875    57.568437     0.014058   286.292941   280.378840     1.398051     1.136797    -0.027852
      1923.0     1.015934   299.597312   569.218704  1737.753051     0.573627   115.238854    58.398339    56.840516    57.597660    57.061869     0.015994   286.354187   280.382996     1.435707     1.524195     0.031615
      1924.0     1.763854   300.122337   569.240761  1737.018623     0.626184   118.241795    60.164489    58.077306    58.606447    58.236391     0.017522   286.323893   280.282280     1.475247     1.906042     0.364372
      1925.0    -0.393046   300.486611   569.113550  1736.624593     0.689936   115.490895    57.858541    57.632354    58.193779    56.952354     0.019965   286.412145   280.490260     1.540165     1.033397    -0.847396
      1926.0     2.204160   300.846486   568.931305  1736.262865     0.837922   117.580594    59.810259    57.770335    57.635850    58.271131     0.022207   286.358828   280.427111     1.613529     1.721373     0.997009
      1927.0     1.210565   300.776656   568.822840  1736.758196     0.767284   116.591342    59.191931    57.399412    57.034779    57.566377     0.025199   286.391083   280.486870     1.713146     1.734018     0.036267
      1928.0     0.465221   301.049461   568.468483  1736.837071     0.658199   113.887636    57.754702    56.132934    56.958960    56.682700     0.028880   286.340530   280.312709     1.839826     1.426359    -0.355135
      1929.0     1.548455   301.241953   568.332163  1737.015849     0.644323   117.233032    59.261588    57.971443    57.119530    57.709726     0.033658   286.349480   280.408839     2.005494     1.688183     0.411418
      1930.0     0.361963   301.693908   567.748864  1737.180993     0.500049   114.982479    58.029785    56.952694    57.483239    57.103505     0.032003   286.345685   280.316668     2.050729     1.509580    -0.544878
      1931.0     1.396258   302.221866   567.209532  1737.176161     0.422897   115.608220    58.872857    56.735363    57.370413    57.749141     0.026510   286.234121   280.128443     1.996833     1.663047     0.383561
      1932.0     1.100006   302.384206   567.121189  1737.436846     0.330004   119.084434    60.441392    58.643042    58.377399    58.560595     0.026010   286.119303   280.057190     2.017039     1.969140    -0.077488
      1933.0     0.942865   302.430376   567.043398  1738.001377     0.308878   118.347993    60.119660    58.228333    57.952891    58.604693     0.026373   286.105286   280.060529     2.051675     1.592758     0.087271
      1934.0     0.887187   302.226563   567.071752  1738.997071     0.457846   115.685577    58.806176    56.879401    56.314065    57.384494     0.027769   286.208659   280.266909     2.111418     1.393328     0.074735
      1935.0     0.377154   302.684892   566.806610  1738.887829     0.358235   118.420429    59.776129    58.644300    59.065547    58.070070     0.030930   286.230891   280.328804     2.216588     1.971200    -0.886235
      1936.0     1.692680   303.086370   566.786975  1738.688448     0.515086   118.086337    59.829307    58.257030    57.819512    58.424689     0.035225   286.205661   280.250554     2.359828     1.424254     0.804557
      1937.0     0.924695   303.401870   566.412346  1739.030480     0.578558   117.866034    59.351301    58.514733    57.904709    57.980694     0.039528   286.389353   280.542114     2.521710     1.745237    -0.266046
      1938.0     0.404153   304.003880   565.804200  1738.888377     0.660370   115.590201    58.077932    57.512269    57.875162    57.195056     0.043812   286.482089   280.475291     2.700023     1.491022    -0.538003
      1939.0     1.111857   305.314746   564.866527  1737.484918     0.803646   115.363600    57.878800    57.484801    58.556818    57.075439     0.047330   286.475975   280.545280     2.875207     1.741034    -0.077920
      1940.0     2.113478   306.394074   564.064928  1736.448377     0.871926   116.811103    59.219011    57.592092    58.453468    57.866143     0.046129   286.343259   280.344884     2.955659     2.154467     0.449217
      1941.0     1.040268   306.803285   563.685014  1736.383371     0.904625   115.305595    58.437920    56.867676    57.439512    57.273621     0.043881   286.302343   280.343547     2.997734     1.544213    -0.100884
      1942.0     1.902228   307.449242   562.981587  1736.150413     0.881038   115.784081    58.835460    56.948621    57.407142    57.534019     0.044962   286.217036   280.354767     3.092268     2.004867     0.359834
      1943.0     1.779654   307.502529   562.933942  1736.591643     0.897682   120.680619    61.405077    59.275542    58.781846    59.327472     0.047926   286.101000   280.013123     3.227806     2.125250     0.104396
      1944.0     1.271163   307.769402   562.874084  1736.630275     0.759916   118.802753    60.115093    58.687660    58.298905    58.278684     0.049913   286.306814   280.458885     3.352264     1.896266    -0.058853
      1945.0     1.229367   307.791591   562.996535  1737.104869     0.547476   120.119489    61.097107    59.022382    58.565258    59.013286     0.051875   286.217603   280.183212     3.481454     1.961370    -0.026566
      1946.0     0.812476   307.962367   562.792894  1737.481786     0.779496   116.070195    58.842315    57.227880    57.315512    57.640992     0.054701   286.269539   280.144997     3.633478     1.404964    -0.051437
      1947.0     0.644695   308.960512   562.152583  1736.538414     0.864058   116.705853    58.685800    58.020053    59.134841    57.349367     0.058001   286.496839   280.552144     3.803396     1.976744    -0.842102
      1948.0     2.070602   310.118066   561.823464  1734.966579     0.902921   120.679429    60.981639    59.697790    60.284325    58.959355     0.061841   286.425540   280.466482     3.993780     2.351403     0.246865
      1949.0     2.359161   310.487759   562.009042  1734.692932     0.787883   120.715678    61.337469    59.378209    58.549642    59.317713     0.066710   286.387194   280.479797     4.218069     1.834177     1.041719
      1950.0     0.871692   310.726390   561.371570  1735.614460     0.724796   115.146584    58.250852    56.895732    56.703131    57.299178     0.069842   286.396596   280.499377     4.420079     1.589147    -0.325481
      1951.0     2.115570   311.303956   560.798222  1736.001476     0.773935   116.509427    59.219826    57.289601    57.133646    57.564366     0.074013   286.316844   280.387688     4.647478     2.228807     0.043703
      1952.0     1.111709   311.946261   560.017439  1736.393079     0.767914   116.068177    58.823906    57.244272    57.855764    57.842290     0.080231   286.266774   280.171679     4.927917     1.762399    -0.405076
      1953.0     2.797146   312.906497   559.302092  1736.215386     0.746008   117.926669    60.041399    57.885270    57.961030    58.292327     0.087254   286.223012   280.326342     5.244493     2.464419     0.508991
      1954.0     2.207375   313.089801   558.986213  1737.199918     0.840035   119.469071    60.782274    58.686797    57.715267    58.924623     0.097558   286.165337   280.036252     5.660881     2.173530     0.224824
      1955.0     0.811036   313.479338   558.700679  1737.917725     0.632562   117.138758    59.410233    57.728525    58.015399    57.753349     0.110403   286.367772   280.460409     6.175563     1.942418    -0.979857
      1956.0     2.714200   314.444328   558.429375  1737.614818     0.844288   117.217942    59.581636    57.636305    57.681072    57.807386     0.123589   286.390409   280.398712     6.748973     2.045555     0.429221
      1957.0     2.193177   316.005172   557.487717  1736.567182     0.996251   116.812218    58.999314    57.812904    58.962475    57.663708     0.134804   286.478264   280.589404     7.324176     2.277264    -0.251130
      1958.0     3.853058   316.359997   557.425594  1737.290403     0.981176   122.290491    62.271748    60.018744    57.886504    59.858405     0.146231   286.276787   280.232435     7.933921     2.475466     1.248681
      1959.0     1.060087   316.916115   556.758104  1738.184919     1.074272   117.119632    59.058028    58.061604    58.081178    57.814406     0.158221   286.435519   280.536967     8.585998     1.911112    -1.161288
      1960.0     2.389528   318.242303   555.752413  1737.974924     1.138926   114.607589    57.667893    56.939696    57.124538    56.902520     0.126959   286.453046   280.472466     8.314418     1.771064    -0.012023
      1961.0     3.741174   319.579871   554.816999  1737.668595     1.274392   117.287106    59.869277    57.417829    58.126652    58.208438     0.085128   286.275780   280.183388     7.604396     2.596253     0.388115
      1962.0     2.786356   319.841075   554.833066  1738.673293     1.212464   118.924510    60.600388    58.324121    57.471346    58.589922     0.071924   286.366529   280.359398     7.280818     1.994399     0.113878
      1963.0     2.835855   320.664217   554.405868  1739.079447     1.258355   118.875909    60.419776    58.456133    58.403949    58.589514     0.069275   286.271894   280.258680     7.130352     2.257460    -0.220589
      1964.0     3.541366   321.640434   553.961974  1739.239994     1.368279   117.978919    60.200827    57.778092    57.909124    58.595692     0.070556   286.121910   279.978867     7.069721     2.049029     0.526022
      1965.0     2.557734   322.777912   553.238563  1739.492737     1.267090   116.199533    59.406422    56.793110    58.302220    57.894500     0.071595   286.256498   280.378263     7.029120     2.235333    -0.660463
      1966.0     4.226273   323.824484   552.854264  1739.771820     1.347623   118.169650    60.752926    57.416724    57.848147    58.686666     0.073493   286.199326   280.129499     7.025855     2.450559     0.559435
      1967.0     2.988319   324.898306   552.240796  1740.379446     1.192322   115.158204    58.930379    56.227825    57.185604    57.301650     0.077999   286.201599   280.103465     7.101706     2.242196    -0.491580
      1968.0     4.471406   325.712358   552.170120  1741.241426     1.189815   120.732091    62.086336    58.645755    58.150506    59.664653     0.086159   286.112661   280.077698     7.293524     2.492360     0.652167
      1969.0     3.361588   326.359325   552.303524  1742.379514     1.348947   120.281107    61.159990    59.121116    58.249069    58.968953     0.094067   286.273455   280.282214     7.529343     2.057633    -0.418204
      1970.0     3.288680   328.311959   551.616536  1741.736443     1.375223   115.873898    58.745971    57.127927    58.733318    57.193885     0.083746   286.511225   280.780622     7.412530     2.239074    -0.896362
      1971.0     5.742894   330.114427   551.378215  1741.141736     1.570827   121.029552    62.103427    58.926125    59.369596    59.699514     0.067771   286.338661   280.377876     7.113842     2.642233     0.924626
      1972.0     4.154348   331.395365   551.224595  1741.607203     1.563210   119.209495    61.033138    58.176357    58.795868    58.951078     0.062978   286.311279   280.358134     6.973990     2.235680    -0.310257
      1973.0     4.666289   333.240564   550.604920  1741.425450     1.871828   115.580285    59.217767    56.362518    57.952421    57.968736     0.063981   286.247579   280.150424     6.946079     1.868707     0.198068
      1974.0     4.765935   335.509235   549.406426  1740.895938     1.808790   115.997412    59.411032    56.586380    58.831128    57.878326     0.066232   286.245588   280.119560     6.962821     2.731200    -0.423290
      1975.0     6.476568   337.099586   548.984442  1741.164586     1.687260   120.830202    62.651889    58.178313    58.722265    60.097849     0.069937   286.095853   280.027802     7.032866     2.976024     1.106935
      1976.0     4.413717   338.054347   549.074024  1742.325514     1.730185   120.130521    61.794026    58.336495    58.633228    59.300873     0.074922   286.269737   280.367073     7.158643     2.403571    -0.493283
      1977.0     5.254649   339.253306   548.845902  1743.536974     1.779611   118.541409    60.735412    57.805997    57.410167    58.677923     0.079003   286.280802   280.240117     7.296137     2.285612     0.056295
      1978.0     4.670459   341.034269   548.436261  1743.859466     1.730218   118.426046    60.093924    58.332122    58.595832    58.292256     0.082138   286.437108   280.527957     7.435033     2.211309    -0.626068
      1979.0     6.428231   343.075227   547.977082  1743.799001     1.810599   122.943311    62.537970    60.405341    59.745384    60.015305     0.086905   286.353142   280.385173     7.624185     2.981843     0.330386
      1980.0     5.920884   344.407514   548.315101  1744.601712     1.667703   123.916394    63.341229    60.575165    59.352259    60.620730     0.079212   286.430374   280.557821     7.556080     2.382480     0.465759
      1981.0     5.040231   345.941351   548.110942  1745.508140     1.758140   119.886421    60.981751    58.904669    58.619850    58.849791     0.066651   286.521009   280.692116     7.330589     2.336120    -0.676488
      1982.0     5.919078   347.660058   548.189980  1745.391763     1.924776   122.655984    62.873712    59.782272    59.970452    60.218208     0.063243   286.539289   280.749603     7.237405     2.576466     0.364134
      1983.0     5.855497   348.994369   548.195393  1746.011994     1.970532   124.604848    64.201827    60.403021    60.420046    61.201138     0.064119   286.278437   280.163635     7.226000     2.995275     0.160861
      1984.0     5.821763   349.775370   548.675607  1747.572767     1.711158   126.994330    65.425786    61.568544    60.262040    62.139690     0.067536   286.240903   280.112223     7.282292     2.805882     0.316876
      1985.0     4.717981   350.899159   549.019140  1748.792974     1.724721   122.809555    63.037127    59.772427    59.828990    60.466973     0.072354   286.367249   280.428500     7.396346     2.226621    -0.582224
      1986.0     6.497160   352.654272   548.798145  1749.285106     1.691479   124.192926    63.849119    60.343807    60.140170    60.941510     0.076850   286.358154   280.368551     7.536427     3.128603     0.309209
      1987.0     5.552415   353.677074   549.411696  1750.594086     1.764036   126.010725    64.697568    61.313156    60.306968    61.694192     0.080874   286.402420   280.473239     7.690753     2.389825     0.078243
      1988.0     5.816374   355.152930   549.604271  1751.493144     1.738801   125.205265    64.342176    60.863089    60.590001    61.247462     0.086086   286.480204   280.513959     7.890469     2.902140    -0.241596
      1989.0     5.739360   356.952453   549.512972  1752.140510     1.845842   124.212107    63.205433    61.006674    60.378283    60.726994     0.092407   286.549349   280.625590     8.136701     2.569738    -0.298655
      1990.0     6.406043   359.134490   549.220145  1752.159266     1.842129   124.553128    63.324842    61.228287    60.690183    60.844445     0.080482   286.580671   280.626877     8.007555     2.773224     0.135504
      1991.0     6.719061   361.024259   549.270980  1752.376297     2.056172   124.782358    63.788820    60.993538    60.454549    60.846642     0.064959   286.568654   280.699132     7.725991     2.891343     0.175063
      1992.0     7.089999   362.138978   549.484129  1753.832335     2.132228   124.734181    64.111056    60.623125    58.864773    61.199388     0.060895   286.280543   280.280090     7.611241     2.698519     0.878577
      1993.0     5.734532   363.032360   549.851637  1755.743249     1.863313   126.984560    65.203012    61.781548    60.515504    62.051396     0.061567   286.281771   280.356672     7.585887     2.784108    -0.375021
      1994.0     5.701398   364.065747   550.226876  1757.381499     2.039032   125.753372    64.319223    61.434149    60.110773    61.313589     0.064208   286.356471   280.326154     7.616469     2.630395    -0.435434
      1995.0     6.511063   365.516297   550.584989  1758.210506     2.039191   126.519062    64.758155    61.760908    60.623562    61.434445     0.066915   286.609113   280.723366     7.669883     2.965597    -0.018124
      1996.0     4.906472   367.725911   550.535848  1757.933604     2.017488   123.227858    62.584756    60.643102    61.645092    60.231702     0.072558   286.810209   281.140058     7.806472     2.402194    -1.136487
      1997.0     7.549196   369.821959   550.820591  1757.803748     1.860062   127.814618    65.423182    62.391435    61.424490    62.095694     0.077567   286.614830   280.824679     7.965939     3.042746     0.801059
      1998.0     6.836747   371.508991   551.388187  1758.433263     1.760872   130.381123    66.257353    64.123770    61.978155    62.821345     0.081213   286.680097   280.899567     8.121228     2.868412     0.213675
      1999.0     6.543324   372.946751   552.384107  1759.080047     1.946842   133.409744    67.244289    66.165455    62.905500    63.259410     0.085110   286.760661   280.903582     8.298136     2.988958    -0.292874
      2000.0     7.334798   374.580677   553.286903  1759.555234     1.991688   131.781948    66.973077    64.808871    62.260463    63.210045     0.084227   286.866684   281.093638     8.377176     2.860237     0.474395
      2001.0     6.096118   376.232688   553.925615  1760.275737     2.098956   128.676753    65.109972    63.566781    61.803884    62.103530     0.071292   287.061465   281.294009     8.169680     2.367730    -0.420857
      2002.0     7.259794   378.341643   554.226704  1760.286620     2.367890   129.512703    65.528120    63.984582    62.360279    62.398609     0.058961   287.110741   281.317795     7.903004     2.828422     0.027447
      2003.0     6.766910   380.564290   554.251179  1760.478238     2.231003   127.785424    64.443630    63.341793    61.925450    61.783677     0.057483   287.132891   281.331963     7.804497     2.635478    -0.333391
      2004.0     8.685508   382.882308   554.708476  1760.531153     2.127929   135.181380    68.332450    66.848930    63.855975    64.621575     0.059430   287.122559   281.455327     7.779560     3.253578     0.712685
      2005.0     8.434449   384.451169   555.682732  1762.069915     2.092526   136.083694    68.990854    67.092840    62.978207    64.871052     0.058596   286.927605   281.042788     7.709450     3.145546     0.354083
      2006.0     7.408104   386.127064   556.846864  1763.420570     2.215969   136.387307    68.909075    67.478232    64.253255    64.874214     0.051312   287.188639   281.475787     7.503383     2.870729    -0.729696
      2007.0     8.276954   388.762721   557.558970  1763.383381     2.270174   133.033198    67.284287    65.748911    63.937348    63.853714     0.049039   287.261576   281.701426     7.382377     2.718467    -0.046444
      2008.0     9.370404   391.291116   558.468527  1763.504210     2.331379   137.064665    69.585046    67.479619    64.985496    65.370451     0.050894   287.164909   281.351514     7.368150     3.305038     0.264125
      2009.0     8.334420   393.105923   559.435348  1764.864708     2.367553   135.035019    68.418827    66.616191    63.217646    64.775148     0.104377   287.138921   281.520261     8.482305     2.676858     0.197004
      2010.0     8.259341   395.167374   559.772119  1766.341752     2.512896   131.763254    66.197978    65.565276    61.860315    63.023308     0.165575   287.391383   281.734881    10.062116     2.837898    -0.314051
      2011.0     8.819369   398.566343   559.709621  1765.836120     2.526569   132.247243    66.580932    65.666311    64.571479    63.379643     0.110580   287.551542   282.038391     9.419591     3.263788    -0.686205
      2012.0    11.022843   401.274242   560.556561  1765.920398     2.550403   141.513839    71.918238    69.595601    65.923500    67.199531     0.147253   287.409424   281.754176    10.425767     3.871768     1.191753
      2013.0     8.480793   403.398212   561.339522  1767.364077     2.509036   137.866585    69.508955    68.357629    64.730649    65.632745     0.251571   287.518857   281.982763    13.104789     3.093249    -0.541584
      2014.0    10.091337   406.003683   561.951049  1768.226829     2.660401   139.190858    70.217421    68.973437    64.896715    66.063878     0.258050   287.596497   282.098582    14.166935     3.542017     0.304412
      2015.0     9.385421   408.851784   562.640003  1768.537666     2.754670   140.727701    70.367892    70.359809    66.398142    66.098750     0.174436   287.800130   282.284536    13.196313     3.580189    -0.610229
      2016.0     9.452104   411.890614   563.243714  1768.564442     2.728823   137.486251    69.128321    68.357930    65.491872    65.607358     0.171552   287.696520   282.165044    13.451331     2.917252     0.088709
      2017.0    11.052847   414.565273   563.808035  1769.504872     2.793241   140.823828    71.132023    69.691829    65.128761    66.701219     0.201602   287.614070   282.056519    14.385488     3.866459     0.632028
      2018.0     9.809507   417.170664   564.380287  1770.821447     2.626058   141.257519    70.991759    70.265761    65.793076    66.789030     0.246596   287.599429   281.902972    15.790036     3.630478    -0.320621
      2019.0    10.359017   420.112700   564.892956  1771.706938     2.796517   139.156305    70.102253    69.054052    65.289600    65.931347     0.299727   287.711581   282.277443    17.590864     3.658236    -0.243743
      2020.0    10.952850   423.124159   565.340103  1772.629271     2.900856   138.047586    69.933104    68.114628    64.686907    65.774444     0.326709   287.734014   282.249079    19.056620     3.711368     0.165204
      2021.0    10.826363   426.073057   566.028114  1773.776251     2.886738   139.542165    70.771620    68.770554    65.325767    66.545907     0.270445   287.769569   282.270999    18.755013     3.537694     0.073160
      2022.0    11.292165   429.025964   566.693325  1775.210177     2.882240   142.552864    71.704031    70.848834    65.864178    67.293454     0.255698   287.849940   282.375969    18.972631     3.745366    -0.004651
      2023.0    11.840016   432.370002   567.263432  1776.161579     2.952023   143.455588    72.062757    71.392831    66.456204    67.415634     0.264842   287.967771   282.427813    19.593016     4.077017     0.008027
      2024.0    11.850228   436.059303   567.879743  1776.427118     3.200562   144.473505    72.459746    72.013787    67.778203    67.593391     0.281733   288.205920   282.868930    20.402271     4.250016    -0.450351
      2025.0    11.203813   439.992467   568.563168  1776.334116     3.085887   144.819599    72.098349    72.721250    68.339280    67.823841     0.310034   288.280192   282.867879    21.524784     3.591082    -0.422437
      2026.0    13.587133   444.173386   568.904210  1776.382468     3.167359   144.631675    72.938829    71.692854    67.376049    68.362317     0.351009   288.223752   282.801501    23.047642     4.235462     0.937916
      2027.0    12.158386   448.261420   568.822438  1777.168347     3.253258   142.143016    71.407463    70.735553    67.087736    67.356240     0.393124   288.194293   282.712242    24.778198     4.132996    -0.517375
      2028.0    13.797189   452.253621   569.276602  1777.875931     3.341000   146.460336    73.627436    72.832900    67.550170    68.657384     0.437049   288.276365   282.834602    26.718691     4.515887     0.399629
      2029.0    13.977380   455.957319   569.916569  1779.203512     3.382331   147.364072    74.025993    73.338079    67.166478    68.926957     0.475440   288.465037   283.145309    28.699369     4.459069     0.432898
      2030.0    12.568875   460.125853   570.230365  1780.160664     3.414538   145.721217    72.625794    73.095423    68.109998    68.369369     0.478336   288.554975   283.246485    30.005301     3.942629    -0.697780
      2031.0    15.225625   464.146830   571.002363  1781.680735     3.260874   151.745743    76.344059    75.401684    68.480784    70.843957     0.362882   288.413233   282.929520    28.602678     4.728105     0.843101
      2032.0    13.556721   468.121803   571.653900  1783.736884     3.350044   148.312800    73.925421    74.387400    67.932688    69.197887     0.325767   288.499199   283.191676    28.202162     4.075976    -0.790949
      2033.0    14.952281   472.810980   572.528430  1784.283430     3.450564   152.666094    75.945099    76.721077    70.118396    70.628356     0.325224   288.642548   283.283274    28.389050     4.442132    -0.036586
      2034.0    15.795855   477.524061   573.428303  1785.130858     3.521322   151.257840    75.585223    75.672636    69.032546    70.568721     0.334746   288.774277   283.653295    28.803745     4.116609     0.688747
      2035.0    15.242038   482.137275   574.001872  1786.731695     3.561800   151.090772    75.351026    75.739745    69.092967    70.399616     0.350149   288.718129   283.552048    29.405397     4.377842    -0.294188
      2036.0    15.612871   487.304026   574.411504  1787.615754     3.867084   150.429457    74.495556    75.933900    69.498221    69.736358     0.368861   288.906891   283.667061    30.164034     4.349566    -0.645921
      2037.0    16.935244   492.939386   574.863208  1787.733888     3.816785   152.535472    75.863663    76.671809    70.235057    70.658599     0.384317   288.995717   283.809283    30.944073     4.753361     0.305408
      2038.0    15.770832   498.460818   575.516088  1788.130020     4.016117   152.698987    75.321178    77.377809    70.874845    70.332561     0.403198   289.124832   283.918884    31.867472     4.335738    -0.938417
      2039.0    17.148921   505.395425   575.560844  1786.296371     4.243465   153.476995    75.350667    78.126328    72.527031    70.429335     0.425734   289.407804   284.680079    32.950737     4.876576    -0.264047
      2040.0    19.548458   511.764962   575.133210  1785.736996     4.011422   158.992370    79.037025    79.955390    71.886005    72.913842     0.926465   289.113154   284.008667    44.592262     6.550772     1.587212
      2041.0    18.263586   516.543965   577.388716  1787.587602     3.970140   160.688291    80.205360    80.482931    71.398919    73.727831     0.452810   289.125692   283.999997    37.177181     4.222022     0.478306
      2042.0    14.985689   521.739623   578.794602  1788.449962     4.171986   152.502191    75.337997    77.164194    71.351252    70.448366     0.250250   289.253329   284.214816    33.199085     3.483745    -1.765246
      2043.0    16.940415   527.837817   579.511633  1787.462723     4.037554   150.684433    74.448614    76.235820    70.309251    69.828236     0.170299   289.332659   284.324621    30.797106     3.903348     0.506223
      2044.0    16.843553   532.800506   580.584301  1788.133197     3.887071   157.198562    78.367676    78.830886    71.504137    72.731052     0.136088   289.294533   284.342781    29.064690     4.563956     0.556442
      2045.0    16.288039   536.764263   582.385419  1789.795081     3.854733   164.426647    81.344130    83.082523    72.719778    74.789956     0.124507   289.271179   284.172066    27.780264     4.753050     0.408294
      2046.0    13.758640   540.796919   583.806667  1791.189771     3.819613   157.682069    77.792679    79.889418    72.047703    72.489849     0.133350   289.528163   284.627619    27.020115     3.881554    -0.952545
      2047.0    14.157284   545.979763   584.117336  1790.726764     3.926404   152.635339    75.353548    77.281818    71.866341    70.871497     0.145629   289.690786   284.810791    26.511185     4.171354    -0.531837
      2048.0    14.460595   550.462856   585.206860  1790.311718     3.939155   158.564233    78.015187    80.549049    72.707944    72.439376     0.161180   289.756851   284.812370    26.243160     4.486285     0.146478
      2049.0    14.375237   554.550179   586.313737  1790.312043     3.846269   161.073835    79.289177    81.784708    72.837457    73.586391     0.179261   289.761869   284.788762    26.201250     4.595860     0.748609
      2050.0    13.045361   558.235849   586.996776  1791.295355     3.731172   156.726363    77.355445    79.370936    71.299524    72.305895     0.180744   289.818006   284.996531    25.946449     4.366492     0.023058
      2051.0    12.140019   561.750417   587.690084  1791.986878     3.672746   158.461383    78.239876    80.221565    72.700889    73.009519     0.147684   289.802556   284.804433    24.929697     4.536992    -0.382893
      2052.0    11.320630   564.756284   588.667854  1792.408177     3.629518   161.253642    79.147405    82.106427    73.225642    73.659387     0.202840   289.866511   284.944239    25.703857     4.510057     0.012447
      2053.0    11.035814   567.601260   589.154080  1792.609716     3.538103   164.201554    80.975631    83.226142    74.360052    74.617249     0.287426   289.836988   284.800339    27.485395     5.871937     0.055658
      2054.0    10.159462   569.001298   590.787834  1793.999786     3.258396   169.645085    83.808317    85.836978    74.457141    76.715462     0.376267   289.771367   284.835424    29.835531     5.458891     0.868250
      2055.0     7.554707   570.478786   591.317055  1795.412954     3.242823   164.086821    80.798102    83.288877    74.219762    74.851706     0.453943   289.878029   284.960574    32.384605     5.417017    -0.781223
      2056.0     6.576494   572.182636   591.452682  1795.836780     3.153389   162.091555    79.365766    82.726076    73.956610    73.732582     0.527462   290.073631   285.316030    35.183624     5.497270    -0.647855
      2057.0     6.795498   574.118315   591.155177  1795.247363     3.130405   162.754831    80.025672    82.729329    74.601478    74.278192     0.608569   290.114764   285.355494    38.430473     6.044815     0.266131
      2058.0     6.857734   575.283396   591.189341  1795.054648     2.948578   167.944592    83.235419    84.709526    75.692566    76.267094     0.691533   290.038526   285.197439    42.017723     6.933808     0.767243
      2059.0     4.115038   575.236107   591.494563  1796.353708     2.760814   167.582822    82.947983    84.635408    75.223837    76.346471     0.759397   289.976822   285.029129    45.545906     6.295721    -0.176426
      2060.0     4.437529   574.913458   591.952553  1797.611776     2.357015   172.304336    85.301204    87.003309    76.129995    77.913170     0.754655   289.931941   285.178464    47.646065     6.929867     0.525108
      2061.0     2.590235   573.813298   593.194436  1799.683471     2.378994   166.029922    82.246278    83.783733    73.781085    75.707933     0.465503   289.971937   285.015984    43.281891     5.296373    -0.144848
      2062.0     0.874338   573.235195   593.792153  1800.432193     2.441599   163.011371    80.178503    82.832998    74.651453    74.369771     0.344417   290.175222   285.315580    40.854435     5.210885    -1.030404
      2063.0     2.433077   573.265591   593.829633  1799.852843     2.340400   163.871924    81.110383    82.761573    75.018467    74.876203     0.320577   290.258736   285.605629    39.920116     6.196667     0.437087
      2064.0     2.710741   572.018590   594.386251  1801.050535     2.187234   168.308316    83.824972    84.483493    74.476985    76.739470     0.327681   290.031286   285.068387    39.616169     6.528734     1.064793
      2065.0    -0.989919   570.257105   595.081169  1802.715807     2.063721   166.186032    81.146937    85.039131    74.505565    75.012043     0.343158   290.173581   285.380948    39.622112     5.439939    -1.158795
      2066.0     0.020400   569.804669   594.512723  1802.420182     1.961278   163.865510    80.466130    83.399562    74.972902    74.611325     0.359874   290.230225   285.497765    39.801788     6.423069    -0.065951
      2067.0    -0.100063   568.844665   594.294038  1802.355399     1.913591   164.733990    81.400592    83.333653    75.155026    75.105741     0.391195   290.153509   285.357541    40.444893     6.513282     0.015498
      2068.0    -1.429298   567.440357   594.070671  1802.729934     1.744841   164.315325    81.369952    82.945624    74.884304    75.212566     0.453210   290.148193   285.393618    41.969273     6.380501    -0.046273
      2069.0    -1.626826   566.178236   593.343116  1802.645388     1.904160   160.390493    79.125054    81.265669    73.664679    73.348282     0.549086   290.257106   285.590495    44.593380     6.504096    -0.231850
      2070.0    -2.109198   565.047459   592.503489  1801.860002     1.786935   162.268976    80.021868    82.247248    74.852478    74.019157     0.591466   290.264158   285.570989    46.535736     6.842198    -0.047934
      2071.0    -2.263684   563.550172   591.978038  1801.963875     1.516356   160.091493    79.363528    80.727965    73.280914    73.826200     0.343594   290.105708   285.348175    42.263088     6.062779     0.441413
      2072.0    -2.215279   561.566473   591.647616  1802.558515     1.712112   161.027239    79.792413    81.234826    73.145328    73.800558     0.210875   290.180766   285.507711    39.081970     6.322276     0.060590
      2073.0    -3.455541   559.968925   591.051024  1802.292652     1.659996   156.313083    77.446184    78.866899    73.131268    72.348851     0.155591   290.186473   285.519145    36.939869     5.693925    -0.516554
      2074.0    -2.628596   558.185817   590.447514  1802.212860     1.541450   158.685417    78.839581    79.845836    72.930555    73.140474     0.129081   290.038503   285.135816    35.256390     6.302617     0.289711
      2075.0    -3.066406   556.340305   589.911023  1802.161690     1.495222   160.307350    79.495138    80.812212    73.792938    73.669326     0.113619   290.097232   285.273455    33.813148     6.362302    -0.072441
      2076.0    -3.048235   554.223212   590.051147  1801.935063     1.145578   165.712305    82.334041    83.378298    75.511277    75.478829     0.102736   290.136121   285.350985    32.524323     6.715055     0.194179
      2077.0    -3.942673   551.588661   590.346252  1802.586925     1.148369   162.488078    80.417828    82.070250    73.661646    74.553194     0.093963   290.141525   285.361137    31.351589     5.569529     0.239686
      2078.0    -3.356171   549.689165   589.568287  1802.594363     1.053650   159.699282    79.604678    80.094604    73.762671    73.622996     0.086368   290.055367   285.252551    30.275614     6.759647    -0.147113
      2079.0    -4.199102   546.463481   590.000955  1804.130295     0.941046   162.514075    80.974698    81.539377    72.930937    74.703355     0.079660   289.978536   285.065112    29.285324     5.838676     0.236486
      2080.0    -4.027902   544.199547   589.413825  1804.474798     0.857526   162.362850    80.998987    81.363863    74.611112    74.874859     0.073621   290.004448   285.124260    28.370968     6.711258    -0.080756
      2081.0    -5.131110   541.202302   589.576122  1805.544714     0.875492   159.346243    79.585013    79.761229    72.977269    73.731644     0.068111   289.999723   285.170044    27.524332     5.691072    -0.315541
      2082.0    -4.472114   538.800303   589.095818  1805.915334     0.868239   157.812496    78.567254    79.245242    72.736732    73.161383     0.063227   289.984357   285.087329    26.741308     5.886174     0.054031
      2083.0    -5.466986   536.891410   588.295691  1805.345580     1.054190   154.557172    76.472796    78.084623    72.968244    71.576035     0.059152   290.111890   285.377177    26.019037     5.696642    -0.822455
      2084.0    -3.914317   535.462332   587.416688  1803.771206     0.873495   157.069749    78.066064    79.003870    73.644442    72.454592     0.055455   290.149885   285.617208    25.347511     6.490290     0.384523
      2085.0    -3.599778   532.660200   587.296328  1804.541504     0.659548   161.028603    81.080235    79.948609    73.060149    74.745244     0.051955   289.900195   285.049408    24.720524     6.455110     0.914797
      2086.0    -4.252739   529.492868   587.101858  1806.176846     0.506344   159.545667    80.352072    79.193661    72.017358    74.164421     0.048533   289.741104   284.806541    24.132965     6.382055     0.511720
      2087.0    -5.829281   526.167870   587.114893  1808.004713     0.450368   160.536079    80.299504    80.236580    73.191332    74.170787     0.045513   289.751961   284.787674    23.587458     6.115677    -0.848412
      2088.0    -4.284708   523.254735   587.062470  1808.911600     0.479235   163.941877    82.483735    81.458192    74.417882    75.771812     0.042750   289.741460   284.731125    23.076962     6.764296     0.447043
      2089.0    -6.352079   520.385603   586.890627  1809.721481     0.496118   157.128117    78.146165    78.982124    72.746437    72.829386     0.040328   289.983093   285.134000    22.599283     5.488450    -0.726932
      2090.0    -4.606266   518.429869   585.921457  1809.239852     0.639473   157.870505    78.418213    79.452319    73.287614    72.825210     0.038268   289.898293   284.976359    22.153748     6.562145     0.019225
      2091.0    -4.533042   515.788015   585.532360  1809.767786     0.334179   160.876895    80.877960    79.998935    73.648715    74.719212     0.035435   289.835706   284.993589    21.717798     6.547845     0.542563
      2092.0    -4.974742   512.481685   585.514090  1811.374036     0.448003   161.036088    80.767130    80.268958    72.765659    74.468049     0.033068   289.761808   284.852168    21.307991     6.317352     0.096139
      2093.0    -5.728763   509.744932   585.355595  1811.882901     0.205514   162.679444    81.108020    81.571424    74.657930    74.723676     0.031154   289.828506   285.014313    20.923502     6.542838    -0.443118
      2094.0    -4.260986   506.828388   585.342364  1812.957750    -0.052253   162.719248    82.108846    80.610402    73.647562    75.583290     0.029499   289.638443   284.629382    20.560289     6.538787     0.860879
      2095.0    -5.461175   503.520243   585.371226  1814.812135    -0.003192   160.652009    80.786663    79.865347    72.758015    74.570998     0.028016   289.684034   284.777570    20.215799     6.186802    -0.041403
      2096.0    -6.446422   500.731261   584.549473  1816.338873     0.114101   153.751905    77.144815    76.607090    71.552767    72.273692     0.026672   289.668058   284.718722    19.888186     5.692876    -0.805813
      2097.0    -4.975955   498.685403   583.647423  1816.164983     0.185105   156.141819    78.281532    77.860287    72.988694    72.486508     0.025448   289.680875   284.709544    19.575945     6.697073    -0.328296
      2098.0    -5.347508   496.606669   583.123555  1815.828947    -0.075276   156.608293    78.492718    78.115576    73.118361    72.908797     0.024330   289.749349   284.871559    19.277735     6.107790     0.126472
      2099.0    -5.035070   494.146043   582.701076  1816.350505    -0.093143   157.170703    79.111825    78.058878    72.516484    73.452880     0.023305   289.709658   284.888229    18.992342     6.081423     0.414837
      2100.0    -6.067447   491.886058   581.538315  1817.025554     0.089755   149.280984    75.006405    74.274579    70.376116    70.548004     0.022365   289.683688   284.618886    18.718693     5.621163    -0.503159