        time     emission          CO2         cveg        csoil        fgco2         fgpp         fnpp           ra          frh     fvegsoil         fluc          tas     tas_land        cprod     fcvegout    fcsoilout
      1850.0   129.484555  1135.194247   449.288451   969.279104    85.858976   223.733753   111.565456   112.168297    64.559047    77.154813          0.0   287.901245   283.088680    34.456207     0.770322          0.0
      1851.0    59.875794  1135.194286   471.525280   982.096450    33.077883   237.832676   101.210443   136.622234    70.618991    83.436337          0.0   288.636057   283.814343    35.931805    -4.462723          0.0
      1852.0    45.258826  1135.194284   482.358617   995.135377    23.973793   239.693369    98.432052   141.261317    73.058035    86.096961          0.0   289.061518   284.514416    36.452202     1.501753          0.0
      1853.0    36.147784  1135.194215   490.939473  1005.556652    19.652103   239.794815    98.540272   141.254543    77.301976    87.723252          0.0   289.420794   284.993035    36.788902     2.236164          0.0
      1854.0    34.980387  1135.194205   500.350521  1012.701796    17.743952   247.662183    99.770526   147.891658    78.201046    85.346189          0.0   289.557295   285.042632    36.920330     5.013288          0.0
      1855.0    30.979958  1135.194274   508.671474  1020.605621    15.692992   245.556037    99.872045   145.683991    80.128455    88.032281          0.0   289.819709   285.330442    37.023243     3.518812          0.0
      1856.0    28.682979  1135.194262   516.593036  1027.512639    14.469203   248.259164    98.772183   149.486981    79.824603    86.731620          0.0   289.872184   285.458799    37.217335     4.119001          0.0
      1857.0    24.395824  1135.194126   522.925275  1034.279301    13.159770   243.808726    97.595022   146.213703    81.307707    88.074369          0.0   290.078109   285.841328    37.217033     3.188414          0.0
      1858.0    24.875315  1135.194302   528.924776  1039.751970    12.374884   244.455852    98.270297   146.185555    80.961042    86.433711          0.0   290.077107   285.730580    37.113457     5.837085          0.0
      1859.0    22.800911  1135.194255   534.891287  1045.858352    11.700535   245.718341    97.111961   148.606380    81.013501    87.119884          0.0   290.209306   285.989071    37.134521     4.025566          0.0
      1860.0    20.474439  1135.194257   539.780076  1051.221449    10.739984   244.271620    97.343688   146.927933    82.385570    87.748667          0.0   290.472420   286.416490    37.307697     4.706231          0.0
      1861.0    20.425081  1135.194248   545.583392  1054.950001    10.031035   251.214172    99.492776   151.721397    84.177376    87.905928          0.0   290.537956   286.386307    37.468613     5.783532          0.0
      1862.0    19.602179  1135.194178   551.205816  1059.975340     9.691782   252.690993    98.264993   154.425999    83.301492    88.326832          0.0   290.519032   286.449692    37.526157     4.315737          0.0
      1863.0    18.551846  1135.194147   555.896410  1064.723998     9.289195   251.668365    98.251870   153.416495    83.910751    88.659408          0.0   290.426400   286.278963    37.562294     4.901869          0.0
      1864.0    17.424719  1135.194286   560.393077  1069.102386     8.788709   249.956954    98.022877   151.934078    84.745520    89.123908          0.0   290.371881   286.057578    37.546558     4.402301          0.0
      1865.0    16.123333  1135.194311   565.127810  1072.386431     8.317488   249.833408    98.297983   151.535425    85.569211    88.853256          0.0   290.468870   286.211419    37.593475     4.709994          0.0
      1866.0    15.163135  1135.194286   569.610077  1075.805802     7.798869   249.909313    97.234759   152.674553    84.866918    88.286290          0.0   290.529036   286.361447    37.499107     4.466202          0.0
      1867.0    15.724488  1135.194274   574.323618  1078.456392     7.736590   250.208647    99.601800   150.606847    86.749751    89.400341          0.0   290.620384   286.521114    37.558044     5.487918          0.0
      1868.0    14.883672  1135.194233   577.880613  1082.757671     7.447511   248.798453    97.905990   150.892463    85.411307    89.712585          0.0   290.553840   286.382883    37.686375     4.636410          0.0
      1869.0    14.173423  1135.194331   581.664605  1085.918400     7.143061   248.544692    99.078296   149.466397    87.013040    90.173769          0.0   290.619142   286.352793    37.567776     5.120535          0.0
      1870.0    12.787669  1135.194159   585.446657  1088.840193     7.116639   244.470760    98.336223   146.134537    87.568470    90.490263          0.0   290.772817   286.772636    37.442913     4.063908          0.0
      1871.0    14.134780  1135.194270   589.601256  1091.058218     7.045830   251.277467   100.198127   151.079339    88.193519    90.411545          0.0   290.606915   286.323847    37.380638     5.631983          0.0
      1872.0    13.776983  1135.194207   593.842390  1093.820471     6.689285   253.294152   100.366324   152.927827    88.401504    91.163757          0.0   290.597169   286.382282    37.550571     4.961433          0.0
      1873.0    12.674512  1135.194221   597.769934  1096.774869     6.316830   249.701336    98.771056   150.930281    87.515823    90.470221          0.0   290.618407   286.286686    37.625744     4.373290          0.0
      1874.0    11.906593  1135.194244   600.859985  1099.357137     6.434311   247.525270    98.735000   148.790270    88.070777    90.653046          0.0   290.817802   286.678485    37.468040     4.991904          0.0
      1875.0    11.988578  1135.194277   604.660207  1101.514916     6.006358   251.442510   101.056597   150.385913    89.950411    92.108189          0.0   290.841791   286.715415    37.726337     5.148186          0.0
      1876.0    11.910274  1135.194359   607.529385  1104.200868     6.101788   247.211372   100.197458   147.013914    89.407296    92.093249          0.0   290.744925   286.462498    37.774452     5.235031          0.0
      1877.0    11.435495  1135.194307   611.663598  1105.906943     5.742043   249.333402   100.428220   148.905182    90.026239    91.732313          0.0   290.892015   286.841756    37.539612     4.561695          0.0
      1878.0    12.353300  1135.194233   614.964099  1108.700905     5.691378   250.159695   101.626414   148.533280    90.260160    93.054122          0.0   290.839745   286.572396    37.237339     5.271791          0.0
      1879.0    11.302433  1135.194160   618.294211  1111.914092     5.829363   253.747071   101.417059   152.330013    90.662246    93.875433          0.0   290.877917   286.750500    37.471130     4.211514          0.0
      1880.0    11.080369  1135.194302   620.664516  1114.919255     5.390363   249.869769   100.578895   149.290873    89.891675    92.896838          0.0   290.866993   286.578888    37.684143     5.311752          0.0
      1881.0     9.306440  1135.194234   622.498304  1118.401035     5.253069   245.244431    99.419952   145.824479    90.635265    94.117044          0.0   291.034207   286.940724    37.829735     3.469121          0.0
      1882.0     8.665980  1135.194283   624.436695  1119.341228     5.239046   246.795465   102.356766   144.438699    94.038317    94.978511          0.0   291.075857   287.135511    37.833736     5.439864          0.0
      1883.0    12.814410  1135.194251   629.536678  1119.794975     5.686526   256.867085   103.227851   153.639234    91.060246    91.513992          0.0   290.702901   286.415671    37.908657     6.613875          0.0
      1884.0    10.717327  1135.194215   631.389218  1124.382368     5.265756   253.788267   100.682957   153.105310    89.920760    94.508154          0.0   290.794798   286.516023    37.932487     4.322263          0.0
      1885.0    10.284685  1135.194273   634.307626  1127.000556     4.869091   252.463540   103.067842   149.395698    92.702218    95.320406          0.0   290.935755   286.707808    37.902386     4.829028          0.0
      1886.0     8.743181  1135.194335   636.685148  1129.660656     4.808313   251.096990   101.600558   149.496432    92.627535    95.287635          0.0   291.256741   287.212066    37.995560     3.935400          0.0
      1887.0     6.102045  1135.194210   637.236422  1130.966277     5.089603   236.364929    99.589663   136.775266    93.664096    94.969717          0.0   291.157357   287.095742    37.728283     4.068673          0.0
      1888.0    10.886714  1135.194308   641.391725  1130.848269     5.128121   252.290936   104.895624   147.395313    94.099054    93.981046          0.0   291.085144   286.966697    37.680218     6.759275          0.0
      1889.0     9.625596  1135.194238   644.559534  1132.153450     5.067126   250.596380   102.867588   147.728792    93.257957    94.563138          0.0   291.138265   287.158013    37.856731     5.136641          0.0
      1890.0     9.662403  1135.194165   647.184388  1134.368716     4.954216   254.569236   103.987698   150.581538    94.343021    96.558288          0.0   290.986072   286.821907    37.976143     4.804556          0.0
      1891.0    10.900905  1135.194268   650.125364  1136.816452     5.068666   257.411914   103.646974   153.764940    92.547859    94.995594          0.0   290.900111   286.683339    38.218021     5.710404          0.0
      1892.0     8.348512  1135.194256   651.350782  1140.190755     4.646469   250.626720   102.436818   148.189901    93.599355    96.973658          0.0   290.921591   286.662977    38.243881     4.237742          0.0
      1893.0    10.107895  1135.194331   654.172850  1142.412744     4.722112   255.375397   103.615272   151.760125    92.884757    95.106746          0.0   291.055672   286.870614    38.171154     5.686458          0.0
      1894.0     8.097278  1135.194319   656.017820  1144.330152     4.501520   251.129149   103.862418   147.266731    95.184837    97.102246          0.0   291.104109   286.974188    38.152145     4.915202          0.0
      1895.0     7.770474  1135.194320   658.320898  1145.940260     4.636784   246.475608   101.086261   145.389347    92.533706    94.143814          0.0   291.231738   287.268473    38.159821     4.639369          0.0
      1896.0     8.718746  1135.194176   659.800839  1147.898019     4.451926   248.545974   103.963535   144.582439    94.461619    96.419377          0.0   291.212268   287.060884    37.881275     6.064217          0.0
      1897.0     6.589838  1135.194276   662.246386  1148.910974     4.260980   245.689504   102.769505   142.919999    95.520009    96.532964          0.0   291.241887   287.156500    37.882511     3.790994          0.0
      1898.0     9.564943  1135.194306   665.834255  1148.787241     4.213176   252.677518   105.520412   147.157107    95.217096    95.093363          0.0   291.095197   286.959508    37.888035     6.839180          0.0
      1899.0     8.082863  1135.194137   668.492836  1151.022403     4.317645   254.935314   103.470393   151.464921    94.704970    96.940131          0.0   291.105537   286.940799    38.072998     3.871681          0.0
      1900.0     8.483279  1135.194289   670.969042  1152.318916     4.280054   251.082933   104.520639   146.562294    95.249304    96.545817          0.0   291.044655   286.885636    38.109585     5.498616          0.0
      1901.0     8.353353  1135.194291   673.857108  1153.738528     4.392692   253.623241   104.260013   149.363228    95.478254    96.897867          0.0   291.095618   286.878294    38.148159     4.474081          0.0
      1902.0     7.105991  1135.194382   675.396712  1155.592292     4.091494   251.070250   103.093917   147.976333    94.857406    96.711170          0.0   291.351904   287.418050    38.134304     4.843143          0.0
      1903.0     7.634847  1135.194382   676.248128  1157.776062     4.170273   245.386757   103.249527   142.137230    94.591322    96.775092          0.0   291.268956   287.374015    38.151958     5.623019          0.0
      1904.0     8.202762  1135.194309   677.819113  1160.210871     4.006055   248.821583   104.252619   144.568964    94.925862    97.360672          0.0   291.166662   287.074875    38.164803     5.320962          0.0
      1905.0     7.656034  1135.194280   679.396767  1162.627901     3.908686   247.773365   104.573416   143.199948    95.817538    98.234567          0.0   291.086681   286.880857    38.154907     4.761196          0.0
      1906.0     7.452283  1135.194232   681.696710  1163.898341     4.036268   255.321803   105.578819   149.742984    96.937665    98.208106          0.0   291.030755   286.971957    38.293961     5.070770          0.0
      1907.0     8.290491  1135.194221   684.046763  1165.510078     3.972476   257.344756   105.387235   151.957521    96.055866    97.667602          0.0   290.906514   286.651309    38.340954     5.369580          0.0
      1908.0     8.139667  1135.194199   686.241622  1167.535012     3.798372   256.707484   104.664811   152.042673    95.233133    97.258067          0.0   290.952447   286.563271    38.330502     5.211885          0.0
      1909.0     6.016966  1135.194341   686.904540  1170.202451     3.806263   249.450415   103.712063   145.738351    96.421420    99.088858          0.0   291.194751   287.044569    38.305698     3.960287          0.0
      1910.0     5.395845  1135.194301   687.934120  1171.294480     3.691747   243.939156   102.648136   141.291021    96.159884    97.251913          0.0   291.316769   287.231396    38.033596     4.366642          0.0
      1911.0     6.601343  1135.194295   690.854116  1170.465669     3.926757   250.458133   105.427687   145.030446    98.161409    97.332598          0.0   291.280085   287.058840    37.754959     5.175094          0.0
      1912.0     6.557805  1135.194256   693.237922  1170.904249     3.672556   253.679048   105.619847   148.059202    97.827468    98.266049          0.0   291.352100   287.328774    37.961319     4.969992          0.0
      1913.0     8.313922  1135.194284   695.045428  1173.028047     3.736703   255.632136   106.285974   149.346162    96.499386    98.623183          0.0   291.183541   287.090331    38.116623     5.855284          0.0
      1914.0     8.565091  1135.194206   697.927999  1174.590128     3.700466   260.503070   107.333707   153.169362    97.479851    99.041932          0.0   291.101520   286.970700    38.327862     5.409205          0.0
      1915.0     6.836484  1135.194300   699.422736  1177.129401     3.797911   253.034689   104.678729   148.355960    96.605666    99.144938          0.0   291.126307   286.975598    38.395767     4.039054          0.0
      1916.0     5.978157  1135.194233   701.203338  1177.886694     3.449258   251.646959   105.047599   146.599360    97.445064    98.202357          0.0   291.257509   287.286378    38.290447     5.064640          0.0
      1917.0     7.984413  1135.194222   703.330905  1179.381176     3.538924   254.173747   105.976146   148.197601    96.156511    97.650992          0.0   291.194742   287.199746    38.374779     6.197586          0.0
      1918.0     7.208733  1135.194199   705.247095  1181.448956     3.551568   252.944870   106.598688   146.346182    97.721131    99.788911          0.0   291.133464   286.990345    38.332726     4.893587          0.0
      1919.0     6.301385  1135.194348   707.372594  1182.769123     3.340449   249.619695   105.203122   144.416573    97.415421    98.735588          0.0   291.262136   287.160200    38.300045     4.342034          0.0
      1920.0     6.404680  1135.194228   709.413239  1183.783384     3.520855   252.793437   106.012608   146.780829    98.222941    99.237203          0.0   291.267227   287.278168    38.112297     4.734761          0.0
      1921.0     7.276439  1135.194218   711.013375  1185.297209     3.584611   250.092599   105.355273   144.737326    96.729024    98.242848          0.0   291.128600   286.960239    37.905258     5.512289          0.0
      1922.0     7.191457  1135.194219   713.444290  1186.636182     3.388394   256.660468   107.867069   148.793399    99.323362   100.662335          0.0   291.093985   286.888846    38.089626     4.773819          0.0
      1923.0     8.038091  1135.194221   715.566390  1188.876254     3.524486   254.903223   105.475655   149.427567    95.714921    97.954993          0.0   291.167587   287.173901    38.186008     5.398562          0.0
      1924.0     4.260114  1135.194320   714.737788  1192.559224     3.169967   245.881249   103.754708   142.126540    97.885605   101.568575          0.0   291.430406   287.563548    37.964516     3.014736          0.0
      1925.0     5.262156  1135.194257   715.592826  1192.718805     3.414001   243.440071   104.240461   139.199610    97.670531    97.830112          0.0   291.278703   287.302468    37.459782     5.555310          0.0
      1926.0     6.449240  1135.194337   717.882380  1193.323844     3.182421   248.006700   106.280564   141.726136    98.073704    98.678742          0.0   291.135763   287.109837    37.415142     5.312268          0.0
      1927.0     8.922674  1135.194302   720.357625  1195.146654     3.391949   256.633879   108.339458   148.294421    97.588368    99.411178          0.0   291.060717   286.823923    37.847542     6.453034          0.0
      1928.0     6.547113  1135.194273   722.302200  1197.234589     3.385450   253.185793   106.620415   146.565377    98.472269   100.560204          0.0   290.982779   286.681616    37.804665     4.115636          0.0
      1929.0     4.836875  1135.194285   723.139292  1199.162384     3.306950   252.178423   104.966621   147.211802    98.306532   100.234327          0.0   291.230525   287.285471    38.043858     3.895202          0.0
      1930.0     6.026309  1135.194312   723.742690  1200.560755     3.216212   249.093187   105.012537   144.080650    97.108812    98.507183          0.0   291.292548   287.254452    37.928520     5.901956          0.0
      1931.0     6.792292  1135.194286   725.122424  1202.373296     3.269138   248.749018   106.209615   142.539403    97.620950    99.433491          0.0   291.277774   287.212495    38.165257     5.396391          0.0
      1932.0     3.997223  1135.194298   726.303919  1203.613047     3.098823   248.803092   105.905912   142.897180   100.247207   101.486958          0.0   291.418030   287.319392    37.924957     3.237459          0.0
      1933.0     5.729040  1135.194233   729.283566  1202.275696     3.150561   253.330038   107.176777   146.153260    99.739236    98.401884          0.0   291.438509   287.501054    37.984943     5.795246          0.0
      1934.0     5.826319  1135.194260   730.377217  1203.659212     3.460669   249.670364   106.140559   143.529806    98.737774   100.121290          0.0   291.325335   287.136838    37.966583     4.925618          0.0
      1935.0     7.283552  1135.194232   732.777969  1204.068077     3.218099   255.989090   109.038905   146.950184    99.766557   100.175422          0.0   291.285525   287.125574    38.221840     6.462731          0.0
      1936.0     6.629357  1135.194143   734.840814  1206.373826     3.394867   254.219918   107.261939   146.957979    98.878514   101.184262          0.0   291.228297   287.106074    38.517231     4.014832          0.0
      1937.0     4.218335  1135.194171   735.093165  1207.760405     3.224086   250.118787   105.488131   144.630657    99.673808   101.060387          0.0   291.398991   287.376717    38.289219     4.175393          0.0
      1938.0     6.904662  1135.194232   736.836950  1208.412155     3.230286   254.078108   108.320788   145.757320    99.551849   100.203598          0.0   291.238661   287.085985    38.496395     6.373405          0.0
      1939.0     6.175748  1135.194291   737.731096  1211.476886     3.010152   253.741242   107.186861   146.554380    98.958703   102.023434          0.0   291.358208   287.253391    38.552738     4.269282          0.0
      1940.0     5.729914  1135.194297   738.419147  1213.372258     3.100566   251.998603   107.541242   144.457361    99.705742   101.601114          0.0   291.409424   287.325103    38.331669     5.252077          0.0
      1941.0     5.066853  1135.194330   739.473423  1214.547097     3.116554   250.023113   106.627209   143.395904    99.842709   101.017549          0.0   291.328629   287.174355    38.104271     4.555385          0.0
      1942.0     5.182776  1135.194234   742.002452  1213.487574     3.243229   253.697062   107.721097   145.975965   100.574754    99.515230          0.0   291.356591   287.370006    38.145885     5.676838          0.0
      1943.0     7.252744  1135.194235   744.216344  1214.625959     3.256425   258.464485   108.899856   149.564630   100.016126   101.154510          0.0   291.271107   287.117074    38.036163     5.531453          0.0
      1944.0     7.149934  1135.194221   747.014298  1215.776506     3.148196   260.952066   109.792674   151.159393   100.690356   101.840904          0.0   291.262099   287.065800    38.033474     5.153816          0.0
      1945.0     5.560072  1135.194268   748.375062  1218.123486     3.023597   254.917966   107.955566   146.962400   100.615047   102.962027          0.0   291.388564   287.175137    38.144920     3.632775          0.0
      1946.0     4.914426  1135.194279   749.588331  1219.396435     3.032891   253.584728   106.586903   146.997825    99.759790   101.032739          0.0   291.527928   287.437567    38.138580     4.340895          0.0
      1947.0     2.933050  1135.194267   749.224097  1220.680973     2.949062   246.165961   106.236405   139.929556   101.257881   102.542419          0.0   291.616057   287.644221    38.060658     4.058220          0.0
      1948.0     7.915581  1135.194245   751.468011  1220.403242     3.192784   258.529431   111.276606   147.252824   101.666573   101.388841          0.0   291.426000   287.194814    37.768265     7.643851          0.0
      1949.0     6.614496  1135.194188   753.289139  1222.537537     3.135279   258.210596   109.658556   148.552039   101.271372   103.405668          0.0   291.338879   287.175810    37.955856     4.431761          0.0
      1950.0     6.340808  1135.194322   755.426526  1224.263277     3.021375   260.353470   110.276650   150.076820   102.048350   103.774090          0.0   291.323845   287.089811    38.169140     4.365173          0.0
      1951.0     6.361469  1135.194255   757.110324  1225.882898     2.914172   260.707125   109.938706   150.768419   101.289260   102.908881          0.0   291.411482   287.285389    38.276791     5.346027          0.0
      1952.0     5.591434  1135.194241   757.364047  1228.505296     3.159371   255.525800   108.902930   146.622870   101.292890   103.915287          0.0   291.474449   287.474849    38.168602     4.733921          0.0
      1953.0     6.691434  1135.194148   759.452058  1228.984293     3.014587   261.204621   111.749099   149.455522   102.950821   103.429818          0.0   291.352735   287.131292    38.147068     6.231269          0.0
      1954.0     6.485620  1135.194287   761.252088  1231.291595     2.990721   262.762420   110.151545   152.610874   101.531228   103.838529          0.0   291.470828   287.386178    38.414936     4.512986          0.0
      1955.0     4.336100  1135.194256   761.268977  1233.937758     2.948429   257.088076   109.254953   147.833124   102.847659   105.493822          0.0   291.569747   287.572892    38.367874     3.744241          0.0
      1956.0     3.963012  1135.194230   762.245090  1233.819598     2.833959   250.639173   107.463235   143.175937   101.391116   101.272956          0.0   291.639371   287.570375    37.925800     5.214167          0.0
      1957.0     2.003340  1135.194358   762.554653  1233.538266     2.830178   247.452259   105.536947   141.915313   101.267952   100.986620          0.0   291.820532   287.977462    37.658306     4.240764          0.0
      1958.0     8.392610  1135.194192   765.378055  1232.852131     3.078409   260.879668   112.804740   148.074928   102.295894   101.609759          0.0   291.594947   287.549208    37.836388     8.371578          0.0
      1959.0     5.654016  1135.194370   767.059454  1235.425118     2.878477   257.348300   109.193063   148.155236   101.309395   103.882382          0.0   291.509292   287.486451    37.946430     3.629282          0.0
      1960.0     6.141354  1135.194274   767.919638  1237.184179     2.931135   255.312391   110.438355   144.874036   102.455973   104.215034          0.0   291.376997   287.136174    38.089664     5.363137          0.0
      1961.0     5.431920  1135.194386   770.088237  1238.096962     2.761773   256.377597   109.636263   146.741334   102.178933   103.091716          0.0   291.398472   287.255619    38.109501     4.375948          0.0
      1962.0     4.660585  1135.194251   771.786503  1239.022446     2.697437   255.644354   108.845670   146.798685   102.019464   102.944948          0.0   291.412131   287.246807    38.009705     4.202456          0.0
      1963.0     4.101111  1135.194179   772.077748  1240.295025     2.797788   254.142056   108.394384   145.747672   102.319794   103.592373          0.0   291.568524   287.596523    37.891930     4.510766          0.0
      1964.0     6.490756  1135.194274   774.167426  1240.858770     2.813159   261.049695   111.985100   149.064596   103.295600   103.859345          0.0   291.486245   287.413253    38.052849     6.036076          0.0
      1965.0     6.391577  1135.194360   776.086356  1242.281748     2.718597   261.564512   111.899458   149.665054   103.354715   104.777693          0.0   291.559465   287.535801    38.017952     5.202835          0.0
      1966.0     5.584910  1135.194221   777.183556  1244.313066     2.927322   258.219430   111.606819   146.612611   103.983500   106.014818          0.0   291.335491   287.073050    38.129745     4.494800          0.0
      1967.0     4.674270  1135.194268   778.631500  1245.733935     2.874709   256.699585   109.408739   147.290846   102.372537   103.793406          0.0   291.436539   287.444208    38.125828     4.167388          0.0
      1968.0     4.306728  1135.194273   778.649090  1247.423812     2.736587   253.056197   108.217880   144.838316   101.601896   103.291773          0.0   291.546241   287.460742    37.869961     4.908518          0.0
      1969.0     4.755004  1135.194291   779.566733  1247.739418     2.868285   252.516664   109.120092   143.396572   101.935546   102.251153          0.0   291.529652   287.507361    37.817673     5.951297          0.0
      1970.0     6.815848  1135.194278   781.750827  1248.517943     3.077877   261.289997   111.770970   149.519027   102.948315   103.726840          0.0   291.503172   287.456675    37.883244     5.860036          0.0
      1971.0     4.434583  1135.194263   782.953553  1250.083627     2.728938   256.160016   110.293514   145.866501   103.686615   105.252299          0.0   291.576784   287.506829    38.182804     3.838489          0.0
      1972.0     5.178105  1135.194249   784.994570  1249.534708     2.816483   256.024495   110.701603   145.322892   103.458252   102.909333          0.0   291.574081   287.515911    38.047741     5.751254          0.0
      1973.0     4.387075  1135.194250   787.323780  1249.560903     2.906373   258.934071   111.909503   147.024568   105.627684   105.653879          0.0   291.498172   287.374852    38.118111     3.926414          0.0
      1974.0     6.918507  1135.194317   790.342395  1249.620731     2.587355   265.625427   112.656562   152.968865   103.434274   103.494102          0.0   291.628317   287.482477    37.967377     6.143845          0.0
      1975.0     4.973717  1135.194285   790.730535  1252.477147     2.708930   261.734517   111.433255   150.301263   104.032480   106.888897          0.0   291.604949   287.532829    38.110424     4.156218          0.0
      1976.0     7.745103  1135.194309   792.601678  1253.992105     2.778075   265.684952   115.198526   150.486426   105.241486   106.756444          0.0   291.387130   287.140695    38.135326     6.570939          0.0
      1977.0     5.300735  1135.194279   794.095187  1256.482035     2.830172   259.333363   109.243037   150.090326   101.736586   104.226516          0.0   291.423793   287.131788    38.357677     3.523013          0.0
      1978.0     3.941680  1135.194253   793.253002  1259.081786     2.755735   253.613265   108.056834   145.556432   101.896497   104.496248          0.0   291.656075   287.568307    38.128086     4.402771          0.0
      1979.0     5.307482  1135.194316   794.280280  1259.365233     2.659822   258.478069   112.295681   146.182388   104.673921   104.957368          0.0   291.621837   287.559023    38.017960     6.311035          0.0
      1980.0     5.189070  1135.194166   796.777807  1260.028096     2.779308   263.025195   112.650508   150.374687   105.142129   105.804992          0.0   291.617207   287.553423    38.112049     4.347989          0.0
      1981.0     3.919325  1135.194251   799.159471  1259.819065     2.411378   261.727571   112.116216   149.611355   105.678241   105.469210          0.0   291.651906   287.606627    38.109451     4.265342          0.0
      1982.0     6.749764  1135.194160   801.532613  1259.852612     2.694427   264.155578   112.314802   151.840777   103.156231   103.189777          0.0   291.540449   287.311117    38.022640     6.751883          0.0
      1983.0     3.851676  1135.194342   801.148626  1262.671450     2.865836   255.623576   108.994871   146.628705   102.847108   105.665946          0.0   291.737863   287.684833    37.761726     3.712912          0.0
      1984.0     4.396283  1135.194275   801.269462  1264.114917     2.585658   254.926456   110.351347   144.575109   103.545600   104.989067          0.0   291.774675   287.846927    37.586418     5.241444          0.0
      1985.0     5.978478  1135.194191   802.986642  1264.382516     2.581452   260.498470   113.315113   147.183357   105.027240   105.294840          0.0   291.487506   287.307480    37.777370     6.303093          0.0
      1986.0     6.795200  1135.194215   805.047680  1266.400686     2.737085   261.704977   113.533495   148.171481   104.361446   106.379616          0.0   291.371665   287.134952    38.078743     5.092842          0.0
      1987.0     3.585332  1135.194317   806.277611  1268.222459     2.414750   260.686988   110.412769   150.274219   104.227156   106.048929          0.0   291.696812   287.681058    38.233528     3.133909          0.0
      1988.0     4.970232  1135.194261   806.404931  1269.641994     2.501808   262.693610   113.346721   149.346889   105.707268   107.126802          0.0   291.696855   287.616849    38.140728     6.092599          0.0
      1989.0     4.483780  1135.194267   808.149270  1270.058325     2.734036   261.666545   112.109068   149.557477   105.260756   105.677087          0.0   291.568108   287.529674    37.963753     4.687642          0.0
      1990.0     4.244082  1135.194296   809.204618  1270.769844     2.595588   259.857371   111.604368   148.253003   104.997888   105.709408          0.0   291.647987   287.573058    37.973289     4.839614          0.0
      1991.0     6.149493  1135.194341   810.602981  1271.758189     2.658626   260.387867   111.356470   149.031397   103.175322   104.163666          0.0   291.702956   287.546158    37.755356     5.794440          0.0
      1992.0     5.233314  1135.194321   810.731476  1274.946104     2.463383   259.313558   112.239680   147.073878   104.389180   107.577096          0.0   291.787772   287.720217    37.985336     4.534089          0.0
      1993.0     3.169558  1135.194337   810.688774  1277.016393     2.573197   259.051909   110.591598   148.460311   104.900605   106.970894          0.0   292.030548   288.200255    37.936909     3.663406          0.0
      1994.0     2.985310  1135.194176   810.491781  1277.082198     2.410136   256.016698   111.208365   144.808333   105.483547   105.549352          0.0   291.960414   288.112184    37.934780     5.856006          0.0
      1995.0     5.134045  1135.194308   812.247864  1277.341962     2.536520   256.995825   113.217436   143.778389   105.714386   105.974150          0.0   291.617147   287.403946    37.915897     5.487204          0.0
      1996.0     6.860779  1135.194199   814.771598  1277.347483     2.668405   264.697067   115.069018   149.628048   105.824256   105.829777          0.0   291.369929   287.049886    37.946548     6.715508          0.0
      1997.0     6.168146  1135.194291   816.642994  1280.595335     2.366268   267.881592   113.512734   154.368858   104.378355   107.626207          0.0   291.601803   287.561820    38.342094     4.015131          0.0
      1998.0     2.530414  1135.194257   815.259630  1283.325884     2.481466   258.440757   111.068078   147.372679   105.971533   108.702082          0.0   291.672842   287.676852    38.516838     3.749360          0.0
      1999.0     5.942938  1135.194298   817.519011  1283.173692     2.472100   263.048280   114.677810   148.370469   106.138476   105.986285          0.0   291.511464   287.312031    38.539772     6.432145          0.0
      2000.0     2.783859  1135.194318   818.251236  1284.300970     2.525073   257.174616   111.544963   145.629654   106.054429   107.181707          0.0   291.608781   287.558514    38.407120     3.631031          0.0
      2001.0     5.792209  1135.194318   819.204626  1284.712759     2.601907   255.989150   111.235191   144.753960   102.939922   103.351712          0.0   291.572462   287.464372    38.216587     6.930089          0.0
      2002.0     4.007298  1135.194251   818.962765  1287.544174     2.516966   255.579248   111.198394   144.380854   104.505875   107.337289          0.0   291.709805   287.709335    38.235859     4.102965          0.0
      2003.0     4.160704  1135.194347   820.330495  1288.050171     2.449066   260.492732   112.673339   147.819393   105.820936   106.326934          0.0   291.821012   287.838952    38.047035     4.978675          0.0
      2004.0     3.782015  1135.194267   820.844217  1288.692319     2.476644   256.745903   113.025584   143.720319   106.666024   107.308172          0.0   291.746751   287.674544    37.767082     5.203690          0.0
      2005.0     5.523279  1135.194209   823.485753  1288.041646     2.672723   261.927038   113.502409   148.424629   105.452020   104.801346          0.0   291.677865   287.631780    37.719028     6.059526          0.0
      2006.0     4.041675  1135.194313   823.030329  1290.987777     2.493876   258.348359   111.372958   146.975401   104.741934   107.688065          0.0   291.717577   287.758757    37.987865     4.140316          0.0
      2007.0     4.410137  1135.194240   824.938560  1291.002341     2.392859   263.800666   115.224184   148.576482   108.334071   108.348635          0.0   291.671349   287.616178    38.035023     4.967318          0.0
      2008.0     5.142683  1135.194119   826.435422  1291.710548     2.382581   263.124817   114.233014   148.891803   106.467781   107.175988          0.0   291.646842   287.496163    37.961601     5.560163          0.0
      2009.0     4.910588  1135.194272   827.915807  1292.998462     2.296650   261.738967   113.223597   148.515370   105.480957   106.768871          0.0   291.727810   287.669782    37.989174     4.974340          0.0
      2010.0     4.528483  1135.194289   828.790262  1294.337525     2.611356   257.249252   112.565204   144.684048   105.601278   106.940341          0.0   291.789085   287.687352    37.762390     4.750408          0.0
      2011.0     3.327542  1135.194291   828.204843  1296.069818     2.449020   256.164155   111.707709   144.456446   105.688647   107.420940          0.0   291.896707   288.042351    37.474686     4.872189          0.0
      2012.0     1.568255  1135.194297   828.545608  1295.953328     2.347690   256.605725   111.732685   144.873039   107.239291   107.122801          0.0   292.001864   288.145048    37.433525     4.269119          0.0
      2013.0     4.820536  1135.194289   831.548768  1294.010847     2.514738   263.836909   115.692017   148.144892   108.362192   106.419711          0.0   291.668892   287.625386    37.696606     6.269144          0.0
      2014.0     7.523706  1135.194316   835.900182  1293.296205     2.419940   271.848395   117.159764   154.688630   107.081118   106.366475          0.0   291.680474   287.526755    38.054024     6.441875          0.0