        time     emission          CO2         cveg        csoil        fgco2         fgpp         fnpp           ra          frh     fvegsoil         fluc          tas     tas_land        cprod     fcvegout    fcsoilout
      1850.0     0.286125   283.923842   585.884313  1769.991523    -0.274830   119.540024    60.192270    59.347754    58.942195    59.169199     0.000512   286.381795   280.511363     0.007605     1.568621    -0.156177
      1851.0     0.111915   284.055342   585.762913  1770.511606    -0.259209   117.730677    59.294198    58.436478    58.229087    58.532416     0.000987   286.242803   280.287402     0.015131     0.883182    -0.216753
      1852.0     1.684411   284.196702   586.065663  1771.168590    -0.141538   120.264442    60.347229    59.917213    57.899742    58.892592     0.001275   286.363174   280.457003     0.020584     1.151886     0.335865
      1853.0    -0.336194   284.328199   586.152586  1771.552207    -0.042632   116.359876    58.263939    58.095937    57.949496    57.678198     0.001412   286.509171   280.536914     0.023821     0.498818    -0.654915
      1854.0    -1.770676   284.443257   585.762784  1770.140360    -0.032051   116.333066    58.050531    58.282535    59.102414    57.597042     0.001437   286.596547   280.821442     0.025503     0.843291    -0.093525
      1855.0     2.092038   284.545169   585.759334  1770.662914     0.162589   119.140157    60.021401    59.118756    57.367489    58.973314     0.001312   286.418971   280.413147     0.025349     1.051538     1.083270
      1856.0     0.080736   284.660230   585.497257  1771.381325    -0.002712   116.771338    58.483541    58.287797    57.699611    57.843094     0.001171   286.484912   280.641113     0.024773     0.902524    -0.574929
      1857.0    -0.552509   284.804879   585.240973  1771.056765     0.008220   114.898851    57.860403    57.038448    57.796873    57.075990     0.001122   286.523232   280.660378     0.025206     1.040696    -0.396322
      1858.0     0.092356   284.969246   585.180296  1770.499426     0.016477   118.062838    59.608090    58.454748    58.893835    58.407723     0.001172   286.554784   280.779480     0.026799     1.261045     0.071227
      1859.0     0.585442   285.146776   585.470687  1770.463780     0.133677   117.362271    59.018711    58.343560    57.964636    58.288401     0.001260   286.560966   280.718959     0.028732     0.439919     0.359411
      1860.0    -2.062139   285.337447   584.839126  1769.620367     0.050543   115.218755    57.165342    58.053413    58.713738    56.833814     0.001223   286.730153   281.114588     0.028902     0.963090    -1.036512
      1861.0     1.116858   285.524831   584.615748  1769.065645    -0.023549   119.713240    60.077032    59.636208    58.348728    59.013237     0.001161   286.442182   280.565445     0.028777     1.287173     1.219231
      1862.0     1.536589   285.699073   584.730264  1769.860706     0.095853   120.246670    60.357451    59.889219    58.293527    59.134988     0.001069   286.378515   280.511737     0.028180     1.107947     0.046400
      1863.0     0.175931   285.870008   584.739105  1770.405775     0.040096   116.702509    58.810392    57.892117    58.038916    57.941222     0.001045   286.438301   280.561643     0.028274     0.860329    -0.642764
      1864.0     1.645048   286.040957   585.117309  1770.506103     0.003711   119.637633    60.487549    59.150084    58.194933    58.926225     0.001084   286.513807   280.711711     0.029074     1.183121     0.630965
      1865.0    -0.531857   286.211908   585.109815  1770.382164     0.216351   115.961640    58.047519    57.914121    58.129462    57.411334     0.001176   286.668976   280.795609     0.030452     0.643679    -0.594189
      1866.0    -2.449324   286.382858   584.365108  1769.053845     0.340024   112.426009    55.881611    56.544398    58.011033    55.956302     0.001179   286.817245   281.178800     0.030689     0.670017    -0.726412
      1867.0    -0.064604   286.547227   583.526191  1767.694465     0.405527   115.171951    57.931481    57.240470    57.771127    57.215020     0.001158   286.675858   280.893013     0.030580     1.555378     0.803272
      1868.0     1.638813   286.695163   583.731074  1767.675787     0.216112   121.117736    61.242278    59.875458    59.095516    59.537610     0.001141   286.519831   280.591446     0.030523     1.499785     0.460772
      1869.0     1.440953   286.826658   584.359146  1768.518920     0.301998   118.402511    59.715789    58.686722    57.801346    58.577753     0.001131   286.622042   280.686895     0.030537     0.509964    -0.066726
      1870.0    -0.024743   286.954871   583.959183  1768.421802     0.300631   116.830285    58.939222    57.891064    58.444933    58.128286     0.001597   286.623365   280.791974     0.037703     1.210899    -0.219529
      1871.0     1.226237   287.096232   583.806773  1769.066976     0.202197   118.748181    59.967979    58.780202    58.167474    59.116951     0.002550   286.461423   280.529978     0.055940     1.003438     0.304303
      1872.0     0.148966   287.263893   583.435370  1769.246537     0.329558   115.615296    58.308385    57.306911    57.780320    57.693121     0.004250   286.523544   280.663475     0.096137     0.986667    -0.266760
      1873.0    -1.378631   287.454564   582.761994  1768.871465     0.261922   113.741016    57.082017    56.658998    58.084267    56.805841     0.006483   286.638229   280.762667     0.157428     0.949553    -0.903355
      1874.0     0.949765   287.661673   582.638855  1768.254265     0.171799   117.259535    59.231947    58.027588    57.867180    58.222239     0.009031   286.441671   280.531075     0.238296     1.132848     0.972259
      1875.0     0.070091   287.885222   582.183175  1768.070476     0.331419   114.608511    57.820604    56.787907    57.509381    57.034714     0.011598   286.477595   280.542267     0.331253     1.241570    -0.290878
      1876.0     0.457375   288.115342   582.039148  1767.915589     0.168992   115.761075    58.578924    57.182150    57.683508    57.657298     0.014782   286.428093   280.522344     0.446174     1.065653     0.128678
      1877.0     0.403829   288.348752   581.871533  1768.123492    -0.012222   115.548069    58.691599    56.856470    57.681664    57.965982     0.017680   286.374995   280.506808     0.569273     0.893233     0.076415
      1878.0     0.026866   288.585447   581.546066  1768.131825    -0.328748   114.848018    58.189018    56.659000    57.233886    57.465795     0.022122   286.365087   280.617035     0.738210     1.048690     0.223576
      1879.0     0.811996   288.822145   581.173220  1768.738992    -0.067873   117.102784    59.016924    58.085859    57.524532    58.032815     0.026363   286.338531   280.353048     0.920627     1.356955    -0.098884
      1880.0     0.083798   289.068709   581.097119  1768.878042     0.090906   117.643517    59.348157    58.295360    58.782375    58.210459     0.021244   286.348549   280.303838     0.910754     1.213799    -0.710966
      1881.0     0.727987   289.334985   581.154027  1768.576421    -0.161542   117.210277    59.414592    57.795684    57.962102    58.107785     0.013039   286.305555   280.305148     0.794197     1.249899     0.447303
      1882.0     2.605750   289.604559   581.794531  1769.199449     0.106371   120.711735    60.950008    59.761727    57.889979    59.139054     0.010747   286.335200   280.362307     0.756653     1.170450     0.626048
      1883.0     0.002522   289.857691   581.543504  1769.533259     0.227265   114.465983    57.692812    56.773171    57.392272    57.206548     0.010354   286.521955   280.592306     0.748227     0.737290    -0.519534
      1884.0    -0.097148   290.114114   581.042101  1769.541782     0.532737   110.133483    55.705374    54.428109    55.762672    55.457065     0.010706   286.465541   280.485886     0.754142     0.749712    -0.314129
      1885.0    -0.233309   290.393543   580.319114  1768.779336     0.327848   113.554436    57.702837    55.851599    57.733507    56.773604     0.011153   286.386609   280.455561     0.763328     1.652219    -0.197457
      1886.0     2.519261   290.692702   580.978146  1768.725145     0.191052   120.552104    61.144344    59.407760    58.332209    58.949723     0.011355   286.301786   280.330943     0.771464     1.535590     0.671704
      1887.0     0.880761   291.011588   581.463499  1769.195388     0.075925   118.657844    59.402247    59.255598    58.108415    58.208529     0.011832   286.365323   280.462769     0.788638     0.708364    -0.370129
      1888.0     0.686537   291.353484   581.776473  1768.734641     0.219126   119.106319    59.747278    59.359041    58.847545    58.274303     0.012460   286.549314   280.750674     0.811209     1.160001    -0.112495
      1889.0    -2.155729   291.701947   581.207843  1767.370665     0.368733   112.571209    56.406411    56.164797    58.507984    56.172576     0.013406   286.684418   280.855448     0.842981     0.802466    -0.971432
      1890.0     0.768811   292.050421   580.896396  1765.557808     0.440895   117.999236    59.542768    58.456468    58.747734    58.151340     0.015254   286.571027   280.711271     0.897514     1.702874     1.216463
      1891.0     0.802915   292.405467   580.879384  1765.444204     0.333472   116.245664    58.894260    57.351404    57.982462    57.844569     0.017516   286.478734   280.598345     0.970487     1.066703    -0.024289
      1892.0     1.153552   292.747360   580.651779  1765.416555     0.303070   117.542383    59.614815    57.927567    58.269489    58.527924     0.021579   286.376320   280.299121     1.093478     1.314497     0.286084
      1893.0     1.264687   293.066241   580.931360  1765.646907     0.262393   118.888964    60.363516    58.525448    58.737306    58.684359     0.025170   286.545415   280.835904     1.225650     1.399577    -0.283299
      1894.0     0.964818   293.371974   581.120579  1765.734215     0.196183   117.393948    59.325016    58.068932    57.985183    58.020218     0.028175   286.616806   280.779971     1.360645     1.115579    -0.052274
      1895.0     1.374538   293.664554   581.384456  1765.784636     0.185566   119.476893    60.303195    59.173699    58.456197    58.886809     0.030953   286.467537   280.499977     1.501544     1.152508     0.380191
      1896.0     1.280284   293.947282   581.494062  1765.978368     0.358423   119.454058    60.046592    59.407466    58.468589    58.570702     0.033702   286.615280   280.673152     1.650602     1.366284    -0.091619
      1897.0    -0.477897   294.236575   581.186099  1765.649803     0.462379   115.034362    57.607204    57.427158    57.907981    56.994410     0.037300   286.689405   280.751239     1.825408     0.920756    -0.585006
      1898.0    -0.890452   294.548881   580.564649  1764.280984     0.247526   116.494497    58.484843    58.009654    58.991916    57.425843     0.041399   286.652924   280.766403     2.022126     1.680451    -0.197253
      1899.0     2.112642   294.894069   580.603113  1764.441329     0.399909   118.923400    60.031393    58.892007    57.750991    58.674746     0.045081   286.516975   280.554626     2.220851     1.318183     0.763409
      1900.0     0.969314   295.249112   580.541563  1764.435826     0.467600   118.411206    59.889329    58.521877    58.845194    58.620305     0.034867   286.488815   280.635740     2.121064     1.330574    -0.219386
      1901.0     1.389973   295.587719   580.720526  1764.274240     0.313829   119.225353    60.665752    58.559601    58.966890    58.933700     0.021801   286.478399   280.634183     1.888460     1.553090     0.128397
      1902.0     2.367140   295.913173   581.231985  1764.761070     0.307606   121.929497    61.600298    60.329199    58.870997    60.126684     0.017607   286.376607   280.449094     1.776663     0.962155     0.768857
      1903.0     1.039865   296.232056   580.612442  1766.128245     0.650091   113.814206    57.347041    56.467165    56.358664    57.010371     0.017865   286.318194   280.140948     1.744608     0.956214    -0.715468
      1904.0    -1.797728   296.547651   579.266338  1765.461720     0.479521   111.325305    55.759833    55.565472    57.393317    55.884159     0.019153   286.419258   280.337685     1.740660     1.221778    -0.842633
      1905.0     1.728501   296.882972   578.745255  1765.251188     0.389371   117.767124    59.880033    57.887091    57.834699    58.549069     0.020419   286.295329   280.313148     1.745465     1.852048     0.924901
      1906.0     2.052819   297.261030   578.644127  1765.607972     0.440987   119.087663    60.386435    58.701228    58.220835    58.780363     0.022888   286.327184   280.267014     1.787622     1.707199     0.202743
      1907.0     0.364424   297.675259   578.435313  1765.829353     0.428167   115.581052    58.440913    57.140140    58.029686    57.593565     0.027390   286.362027   280.340703     1.889995     1.056162    -0.657502
      1908.0     1.594078   298.099333   578.350862  1765.674343     0.447778   117.222956    59.544368    57.678588    57.864013    58.221836     0.033392   286.533185   280.716990     2.049897     1.406983     0.512833
      1909.0     0.609691   298.523409   577.941089  1765.605489     0.361563   116.977071    59.296747    57.680324    58.522394    58.158671     0.039623   286.375827   280.388479     2.244804     1.547848    -0.294869
      1910.0     1.997540   298.960645   578.103521  1765.854139     0.520407   119.639286    60.514249    59.125037    58.503931    58.834054     0.031971   286.381388   280.368479     2.163314     1.517764     0.081474
      1911.0     0.435628   299.427462   578.084305  1765.408693     0.456344   116.953304    58.693537    58.259767    58.350663    57.568005     0.019255   286.525047   280.504990     1.921336     1.144748    -0.337212
      1912.0     0.777102   299.940303   577.677195  1764.874461     0.601252   113.754399    57.583027    56.171373    57.130097    56.974750     0.014119   286.547190   280.552658     1.775257     1.015387     0.378884
      1913.0     1.307527   300.476156   576.968251  1764.671110     0.605722   115.965293    58.505952    57.459341    57.569403    57.376361     0.011725   286.515714   280.485278     1.668290     1.838534     0.010309
      1914.0     1.291307   300.998870   576.696740  1764.605847     0.526801   116.620201    59.036980    57.583221    57.973466    57.849754     0.010561   286.497943   280.545738     1.583082     1.458737    -0.058448
      1915.0     1.110495   301.521569   576.287812  1764.766584     0.501108   113.872721    57.967666    55.905055    57.024582    57.104288     0.009765   286.399742   280.437693     1.508324     1.272306    -0.081031
      1916.0     2.220371   302.054130   576.313968  1765.153254     0.751892   115.877352    58.946685    56.930667    57.181785    57.539434     0.009109   286.506704   280.588854     1.441067     1.381095    -0.029021
      1917.0    -0.811968   302.563687   575.770006  1764.092520     0.664445   114.485608    57.544436    56.941172    58.641274    56.798210     0.009021   286.729502   281.055517     1.388734     1.290188    -0.782330
      1918.0     1.666754   303.007490   575.569552  1763.281118     0.444818   119.932151    60.534360    59.397791    58.765986    58.791147     0.009382   286.496714   280.609131     1.352900     1.943667     0.836563
      1919.0     3.189447   303.405274   576.227207  1763.974833     0.398789   124.499565    62.364630    62.134935    58.868685    60.093883     0.009319   286.446238   280.551356     1.316185     1.613091     0.531483
      1920.0     1.897088   303.799766   576.325158  1765.089299     0.407995   118.870754    59.526014    59.344740    57.412481    58.359408     0.009755   286.548167   280.539696     1.292572     1.068656    -0.167539
      1921.0    -0.611100   304.171249   575.783567  1764.930039     0.652530   112.876269    56.835232    56.041037    57.492156    56.361502     0.010786   286.793404   280.938891     1.288329     1.015321    -0.971393
      1922.0    -1.619921   304.513139   574.882888  1762.614324     0.558444   117.326338    58.971363    58.354975    60.325120    57.622414     0.012439   286.915863   281.203336     1.304785     2.249629    -0.386991
      1923.0     2.327289   304.851737   575.392692  1761.731742     0.510570   124.169722    62.456058    61.713665    59.783481    60.322841     0.014571   286.674126   280.792280     1.340769     1.623413     1.421942
      1924.0     1.787293   305.157479   575.419602  1762.281498     0.656205   118.714194    60.393532    58.320662    58.322633    58.824273     0.016717   286.621727   280.677185     1.390142     1.542348    -0.048116
      1925.0     0.802751   305.374451   575.554860  1762.537988     0.658269   119.795180    60.503774    59.291406    59.262428    58.871282     0.018928   286.638807   280.751302     1.454111     1.497234    -0.647636
      1926.0    -0.490308   305.545396   575.485067  1761.508538     0.537505   119.406137    60.035620    59.370517    59.777825    58.562214     0.021430   286.744494   280.835612     1.534363     1.543199    -0.186160
      1927.0     0.510953   305.729494   575.585893  1760.613954     0.469146   122.345495    61.565382    60.780113    60.241133    59.595952     0.024074   286.709081   281.073481     1.628315     1.868604     0.249403
      1928.0     1.769227   305.903728   575.753670  1760.797329     0.550148   122.575403    61.721277    60.854127    59.215533    59.922055     0.026746   286.513992   280.598279     1.735757     1.631444     0.523147
      1929.0     0.618088   306.054951   575.530203  1761.128478     0.666202   117.768788    59.197410    58.571378    57.938746    58.207849     0.030597   286.598465   280.547488     1.878912     1.213028    -0.062045
      1930.0    -2.209149   306.209465   574.799942  1760.039760     0.540547   117.361785    58.622279    58.739507    59.970601    57.576550     0.028768   286.852107   281.145167     1.911512     1.775990    -1.305333
      1931.0     1.519324   306.409997   574.690929  1759.199188     0.439347   123.185248    62.351623    60.833625    59.960530    60.247068     0.025142   286.603625   280.778750     1.890271     2.213568     1.127110
      1932.0     3.228091   306.672993   575.091955  1760.210048     0.580993   123.353966    62.581170    60.772796    58.736988    60.448993     0.025337   286.552350   280.581670     1.928065     1.731152     0.701144
      1933.0     0.956730   306.988587   575.117931  1761.085763     0.511149   119.376968    59.986568    59.390400    58.471862    58.509945     0.026477   286.748039   280.892972     1.985852     1.450647    -0.837632
      1934.0     0.572649   307.366651   574.907556  1760.714047     0.554578   121.053986    60.766139    60.287847    59.796958    59.053328     0.027510   286.756912   280.890254     2.044369     1.923186    -0.371914
      1935.0     1.920958   307.879495   574.682316  1760.435702     0.610821   119.377416    60.523281    58.854135    58.526020    59.095378     0.030144   286.661303   280.698919     2.140363     1.653143     0.847703
      1936.0     0.969643   308.569865   573.975509  1760.674744     0.586909   116.437336    58.904246    57.533090    58.301305    58.101191     0.034727   286.631157   280.668373     2.289804     1.509862    -0.439156
      1937.0     2.436331   309.273368   573.325331  1760.923628     0.531528   119.128331    60.539233    58.589097    58.384636    59.173313     0.039950   286.481428   280.523384     2.473554     2.016099     0.539793
      1938.0     2.258809   309.865112   573.141558  1761.739884     0.718344   119.860970    60.897849    58.963120    58.814110    59.334272     0.045360   286.476969   280.541852     2.683401     1.747349    -0.296094
      1939.0    -0.342746   310.400965   572.544720  1761.330778     0.727263   115.464899    58.282481    57.182418    58.739262    57.337835     0.051013   286.727928   281.096909     2.918328     1.541485    -0.992320
      1940.0     1.877398   310.903944   572.143543  1760.628148     0.661018   119.835017    61.089913    58.745104    59.037568    59.273650     0.049654   286.625086   280.783468     3.017559     2.217440     0.938712
      1941.0     2.198150   311.347749   572.316047  1760.958268     0.754808   122.197242    61.666736    60.530505    59.284306    59.665455     0.047459   286.577372   280.653931     3.077796     1.828778     0.051029
      1942.0     1.321121   311.696215   571.774501  1761.155322     0.735845   117.986784    60.092119    57.894664    58.422456    58.666627     0.047761   286.572548   280.602974     3.171611     1.967039     0.047117
      1943.0     0.457730   311.903322   571.559266  1761.527977     0.742068   117.869214    59.710099    58.159116    58.538661    58.479981     0.049338   286.661301   280.698311     3.287142     1.445352    -0.431335
      1944.0    -0.389015   311.962494   571.146921  1760.873878     0.808474   121.066071    60.979003    60.087069    60.445989    59.264602     0.051150   286.687907   280.799792     3.409763     2.126746    -0.527289
      1945.0    -1.972996   311.952632   570.258506  1759.024403     0.701585   117.839333    59.059736    58.779596    59.769129    58.085181     0.053206   286.715912   280.900602     3.540490     1.862971     0.165527
      1946.0     1.022610   311.972358   570.005746  1758.866372     0.695042   121.468963    61.239957    60.229007    59.077197    59.751569     0.056467   286.671206   280.790098     3.700826     1.741147     0.832402
      1947.0     0.095507   312.031532   569.247198  1758.784891     0.628515   117.763305    59.395696    58.367608    58.281654    58.036023     0.060667   286.748365   280.864545     3.892900     2.118222    -0.164150
      1948.0    -0.941651   312.100568   568.693024  1758.415591     0.501907   118.458497    59.633958    58.824539    59.279442    58.355592     0.065268   286.786209   280.877017     4.108071     1.832540    -0.554550
      1949.0     0.758365   312.212345   568.399450  1758.188852     0.458940   121.424152    61.828119    59.596034    59.736782    59.891648     0.069589   286.670431   280.799273     4.330628     2.230044     0.381605
      1950.0     1.119330   312.383292   567.902867  1758.603462     0.583175   119.584263    60.965265    58.618998    58.714514    59.568254     0.073702   286.623235   280.707026     4.557797     1.893594     0.439131
      1951.0     0.532805   312.606840   567.255949  1758.934275     0.551214   120.228973    60.983718    59.245255    59.456100    59.497749     0.077849   286.634282   280.668732     4.792901     2.132888    -0.289164
      1952.0     1.074611   312.915862   566.804345  1759.251488     0.379957   120.608211    61.055530    59.552681    58.944038    59.401993     0.081564   286.664136   280.663686     5.025076     2.105140     0.140743
      1953.0     1.197685   313.284056   566.421294  1759.847213     0.354277   120.023780    60.395843    59.627937    58.264198    59.094348     0.088017   286.575546   280.597516     5.321369     1.684547     0.234424
      1954.0    -0.009579   313.642386   565.550400  1759.758853     0.415425   118.670566    60.055053    58.615513    59.242487    58.576288     0.099578   286.640269   280.810394     5.755604     2.349659    -0.577838
      1955.0     0.638883   313.964559   565.021649  1759.723263     0.432725   118.349226    59.988777    58.360449    58.478528    58.559620     0.111270   286.573804   280.595151     6.243505     1.957908     0.116682
      1956.0     1.505313   314.260428   564.485469  1759.959665     0.685572   118.805069    60.589533    58.215535    58.244384    58.893201     0.122914   286.550789   280.349693     6.773880     2.232512     0.412415
      1957.0    -1.271138   314.566161   563.285327  1759.991061     0.512487   115.998556    58.468414    57.530142    58.698020    57.717206     0.134914   286.712084   280.875005     7.349577     1.951349    -1.012210
      1958.0     1.593442   314.931069   562.552630  1759.644790     0.581309   120.799558    61.617427    59.182131    59.074704    59.616065     0.147014   286.623589   280.708422     7.964651     2.734059     0.887631
      1959.0     1.744569   315.453783   562.025484  1760.052130     0.635821   122.178143    61.895240    60.282903    59.572305    60.099621     0.158712   286.582944   280.557025     8.604051     2.322765     0.119977
      1960.0     1.043124   316.144147   561.346446  1760.332668     0.747222   118.857244    59.964369    58.892875    58.883778    58.571246     0.127517   286.606555   280.626132     8.328640     2.072161    -0.593069
      1961.0     0.543263   316.870670   560.113097  1760.019034     0.743287   115.238936    58.534009    56.704926    58.088026    57.660147     0.085250   286.526967   280.547839     7.604972     2.107211    -0.114245
      1962.0     2.321201   317.564318   559.360597  1759.949521     0.689748   119.083566    60.904227    58.179339    58.498343    59.207345     0.071224   286.529500   280.582080     7.256988     2.449382     0.778515
      1963.0     1.697885   318.221805   558.429881  1760.949745     0.955818   114.105819    58.320276    55.785543    56.789231    57.544105     0.068767   286.453529   280.475932     7.101692     1.706887    -0.245350
      1964.0     2.101178   318.833272   557.150061  1761.309180     0.934428   116.447616    59.813328    56.634288    57.606937    58.510020     0.069587   286.366417   280.369326     7.026229     2.583127     0.543649
      1965.0     1.887508   319.510494   556.149270  1762.205676     1.065783   116.964768    59.908275    57.056493    58.323582    58.558811     0.070894   286.323830   280.359144     6.984071     2.350256    -0.661267
      1966.0     1.278509   320.312632   555.007275  1762.241959     1.052668   114.918038    58.500096    56.417941    57.754500    57.609000     0.073059   286.390490   280.408035     6.981778     2.033091    -0.181784
      1967.0     2.487953   321.104905   554.020138  1762.359266     1.105762   117.427714    60.151638    57.276076    58.194362    58.730793     0.077283   286.254862   280.010719     7.048034     2.407983     0.419125
      1968.0     2.203756   321.923482   553.245774  1763.180298     1.147732   115.586323    58.834083    56.752240    57.328449    57.778187     0.084529   286.414937   280.456772     7.217463     1.830259    -0.371294
      1969.0     0.998636   322.965607   551.640983  1762.596373     1.140489   113.707802    57.972781    55.735021    58.060586    56.997654     0.093031   286.363230   280.300659     7.461253     2.579918    -0.479007
      1970.0     2.706876   324.099779   550.767807  1762.197947     1.046541   117.772719    60.170897    57.601822    58.582410    58.656872     0.083086   286.292564   280.210055     7.347014     2.387201     0.472887
      1971.0     3.045547   325.276691   549.975646  1762.075966     1.023867   119.822907    61.455590    58.367317    59.514624    59.422678     0.067217   286.321002   280.272586     7.046722     2.825074     0.030035
      1972.0     5.744498   327.042067   549.918799  1762.698020     1.116880   119.651655    61.615232    58.036423    58.352703    59.266622     0.062190   286.236819   280.196284     6.899915     2.405457     0.291864
      1973.0     6.404125   329.017805   550.004080  1763.521233     1.177501   121.633922    62.097191    59.536732    58.650458    59.767966     0.063308   286.216896   280.091611     6.872128     2.243943     0.294295
      1974.0     3.965035   330.099361   549.824156  1764.488417     1.072098   122.436790    62.548992    59.887798    59.492723    60.146296     0.065992   286.323128   280.337067     6.896708     2.582620    -0.313611
      1975.0     3.860565   330.526726   549.927559  1765.371458     1.049079   124.066497    63.603251    60.463246    59.231967    60.793655     0.069386   286.121867   279.987312     6.961076     2.706193     0.678647
      1976.0     4.156412   331.351896   550.133897  1767.352087     1.210612   122.671689    62.447965    60.223724    58.716950    60.109347     0.073948   286.223821   280.102933     7.076774     2.132281    -0.588232
      1977.0     2.636234   332.844406   549.299432  1767.241279     1.265732   117.573455    60.183235    57.390221    59.465926    58.685179     0.078438   286.449046   280.401555     7.220779     2.332520    -0.669939
      1978.0     4.142997   334.521003   548.448304  1766.903084     1.469484   117.751862    60.518463    57.233399    58.887671    58.787687     0.082272   286.475456   280.368975     7.374551     2.581903     0.238211
      1979.0     4.013889   336.256778   547.571552  1766.566723     1.679660   116.868633    59.838335    57.030297    58.716825    58.214495     0.087384   286.650162   280.569547     7.574478     2.500592    -0.165969
      1980.0     4.253309   338.041859   547.023734  1765.888219     1.636407   119.059929    60.942095    58.117835    59.599133    58.719524     0.081037   286.679634   280.674349     7.542273     2.770389    -0.201104
      1981.0     4.287300   339.389705   546.831221  1765.255584     1.531576   122.994262    63.130931    59.863331    60.681651    60.549617     0.069941   286.595647   280.595016     7.359537     2.773827     0.500601
      1982.0     4.043040   340.425252   546.900323  1765.132115     1.567203   124.761930    64.099087    60.662843    61.201862    61.446898     0.067563   286.573326   280.496857     7.305921     2.583086     0.368506
      1983.0     5.410490   341.815853   546.945365  1766.119666     1.740172   122.819221    62.831624    59.987597    59.496995    60.531091     0.068611   286.579882   280.572350     7.321210     2.255492     0.046544
      1984.0     4.199742   343.453001   546.295840  1766.113268     1.629532   119.873237    61.457257    58.415981    59.784643    59.424719     0.070836   286.544001   280.556086     7.374037     2.682062    -0.353526
      1985.0     5.348690   344.971792   546.039593  1766.419497     1.942606   123.350416    63.227245    60.123171    60.384257    60.495060     0.072958   286.519981   280.478745     7.441214     2.988431    -0.195425
      1986.0     5.459067   346.523480   546.136552  1766.501661     1.689522   123.256703    63.427912    59.828790    60.229058    60.768471     0.076970   286.609624   280.725507     7.564345     2.562483     0.457249
      1987.0     7.464568   348.443361   546.229567  1767.736889     1.538464   126.958496    65.028598    61.929897    60.401412    61.785607     0.082203   286.356160   280.425163     7.738161     3.149976     0.148967
      1988.0     8.755127   350.563763   546.725896  1769.453970     1.733455   128.060991    65.575681    62.485311    60.246474    62.423526     0.087017   286.333466   280.212021     7.928111     2.655826     0.459972
      1989.0     4.681830   352.289659   546.342979  1770.591421     1.797446   121.045141    61.839615    59.205526    59.917443    59.939248     0.091639   286.642972   280.814550     8.135696     2.283285    -1.115645
      1990.0     5.617684   353.601352   546.035038  1770.937322     1.828028   123.840733    63.806833    60.033901    60.082105    60.981355     0.079328   286.587410   280.670451     7.990446     3.133418     0.553349
      1991.0     4.395749   354.755246   546.295175  1771.031453     1.831607   126.918491    64.986871    61.931620    62.002746    61.832850     0.064499   286.690392   280.959834     7.714257     2.893885    -0.264028
      1992.0     5.604565   355.685586   546.079859  1772.572676     2.025334   121.702171    63.104407    58.597764    58.726111    60.883962     0.061811   286.288160   280.160032     7.624292     2.435761     0.616629
      1993.0     4.803342   356.583060   545.693068  1774.173367     1.793675   122.635378    63.239594    59.395784    59.336157    60.661865     0.062034   286.293297   280.165309     7.592601     2.964520    -0.274984
      1994.0     5.389628   357.914492   545.689590  1774.906375     1.658374   125.240051    64.693774    60.546277    61.050094    61.503898     0.064325   286.395139   280.373385     7.616673     3.193354    -0.279204
      1995.0     7.721861   359.676562   546.540916  1775.815253     1.747197   129.908193    66.825548    63.082645    61.760134    62.992406     0.067522   286.461545   280.437823     7.680258     2.981815     0.323395
      1996.0     5.739275   361.366310   547.016570  1776.927571     1.757929   122.917400    62.939662    59.977737    59.887650    60.488207     0.072256   286.584750   280.671717     7.800887     1.975801    -0.511761
      1997.0     5.247491   363.098795   546.657431  1777.159410     1.920676   120.401228    61.637850    58.763378    59.319591    59.500717     0.077010   286.746234   281.003019     7.951895     2.496272    -0.050713
      1998.0     6.540437   365.225796   546.409475  1776.805892     1.979936   127.715257    65.144247    62.571010    62.353030    61.793253     0.080978   286.752904   280.785848     8.110674     3.598950    -0.206259
      1999.0     6.294888   367.168660   546.868578  1776.908378     1.916163   126.312341    64.503486    61.808855    61.435830    61.530768     0.084827   286.775520   280.927076     8.283154     2.513615    -0.007548
      2000.0     6.442918   368.671020   547.156576  1777.108877     1.921895   127.618738    65.431636    62.187103    61.308968    62.280085     0.083466   286.896772   281.180738     8.349145     2.863554     0.770618
      2001.0     5.549306   370.304894   547.334943  1777.764777     2.117903   123.994450    63.324916    60.669534    60.682454    60.916516     0.070592   286.930532   281.163940     8.141681     2.230033    -0.421838
      2002.0     4.831644   372.415444   546.933299  1777.116360     2.120400   123.524586    62.629051    60.895535    61.745153    60.220573     0.058443   287.043391   281.265856     7.877030     2.810122    -0.876164
      2003.0     7.487040   374.634463   547.233220  1776.576883     2.024034   129.032911    65.893349    63.139562    62.308134    62.618167     0.056897   287.075915   281.406517     7.770941     2.975262     0.849510
      2004.0     7.237169   376.544469   547.663203  1776.818273     2.073362   130.925993    66.639982    64.286012    62.719241    62.981437     0.059032   286.979502   281.197688     7.742556     3.228561     0.020806
      2005.0     7.470108   378.421607   548.438570  1777.569177     2.002351   130.916782    66.952932    63.963851    62.648283    63.455759     0.057803   286.912776   281.144305     7.662359     2.721806     0.056572
      2006.0     8.485453   380.348049   549.327626  1778.649887     2.075533   132.708557    68.006748    64.701809    62.766569    64.022528     0.050493   286.880671   280.986926     7.455016     3.095164     0.175249
      2007.0     8.999919   382.202170   550.628959  1779.885741     2.137916   134.407795    68.955778    65.452017    63.087622    64.554300     0.048853   286.953829   281.223793     7.346171     3.100145     0.230823
      2008.0     8.477567   384.049718   551.791170  1781.534337     2.278322   133.537074    68.075155    65.461918    62.822183    64.187126     0.050226   287.057093   281.294261     7.323451     2.725818    -0.283653
      2009.0     6.317471   385.959729   552.254003  1781.610551     2.265473   130.502760    66.279755    64.223005    63.353945    62.975556     0.103043   287.365044   281.989840     8.421390     2.841365    -0.454602
      2010.0     9.042222   388.116299   552.510658  1782.508053     2.281459   133.111384    67.771629    65.339756    62.572184    64.281908     0.161720   287.167521   281.319252     9.940530     3.233066     0.812221
      2011.0     8.614872   390.355050   553.090411  1783.528567     2.280751   133.623196    68.031888    65.591308    63.353798    64.458115     0.109722   287.235987   281.426165     9.344163     2.994019     0.083803
      2012.0     7.817647   392.623403   553.495548  1784.487843     2.368057   132.884979    67.779894    65.105085    63.992007    64.207828     0.146071   287.378784   281.706072    10.341068     3.166929    -0.743455
      2013.0     7.364244   394.947618   553.571283  1784.334376     2.428071   133.137369    67.787173    65.350196    64.500201    64.310902     0.247552   287.437879   281.674505    12.952977     3.400537    -0.035833
      2014.0     6.425849   396.989114   553.327708  1784.298563     2.393431   130.410274    66.193355    64.216919    63.293703    63.084577     0.251563   287.489143   281.767454    13.939813     3.352352    -0.173312
      2015.0    10.410925   400.177939   553.771057  1784.817907     2.452318   133.747269    68.089119    65.658150    63.684263    64.226344     0.163760   287.503550   281.845273    12.846565     3.419426     0.022737
      2016.0     9.324125   402.420005   554.942610  1785.414091     2.270350   139.076413    70.669340    68.407073    65.022842    66.092244     0.106814   287.561801   282.162160    11.873815     3.405543     0.473218
      2017.0    11.472366   405.247205   555.972018  1787.254059     2.537860   136.814390    69.308219    67.506172    63.131016    65.465591     0.092485   287.556099   281.925054    11.507794     2.813220     0.494606
      2018.0     7.301588   408.057980   555.937276  1787.558633     2.652951   132.213904    66.500241    65.713663    64.726574    63.379850     0.084414   287.797106   282.277547    11.217046     3.155134    -1.651298
      2019.0    10.455909   410.931207   557.001863  1786.768146     2.759924   142.939220    72.228127    70.711093    67.313652    67.252189     0.083064   287.779193   282.308484    11.050297     3.911351     0.729023
      2020.0    11.749860   413.814301   558.544159  1787.733933     2.700883   142.311413    72.373832    69.937581    66.041142    67.594484     0.079970   287.820099   282.404950    10.859997     3.237052     0.587556
      2021.0    10.258845   416.707262   559.628842  1788.735096     2.618863   139.193271    70.430800    68.762471    65.664856    66.280242     0.070817   287.800631   282.303022    10.542698     3.065875    -0.385777
      2022.0    11.514988   419.613362   560.677306  1789.713331     2.719669   140.096761    70.981317    69.115444    65.054208    66.641781     0.064720   287.768435   282.081762    10.262816     3.291071     0.609339
      2023.0     9.926714   422.535908   561.516578  1790.937430     2.822721   137.036577    68.942452    68.094125    64.836733    65.440496     0.063935   288.057335   282.582522    10.088696     2.662684    -0.620337
      2024.0     8.131841   425.474884   561.438349  1790.650629     2.864066   135.995680    68.114465    67.881215    65.870015    64.618928     0.062820   288.206871   282.773677     9.926174     3.573766    -0.964286
      2025.0    11.957893   428.430303   562.500117  1790.611617     2.781743   144.981893    73.599554    71.382340    67.157268    68.503440     0.062578   288.121419   282.713229     9.795671     4.034345     1.385184
      2026.0    12.474895   431.408731   564.213968  1792.114889     2.885017   146.694027    74.258307    72.435720    67.401707    69.027689     0.062069   288.159696   282.806178     9.675373     3.516767     0.122711
      2027.0    10.734501   434.406885   565.290649  1793.485509     2.923793   142.407683    71.808789    70.598894    66.890929    67.440649     0.059282   288.165515   282.732608     9.517726     3.291460    -0.820900
      2028.0    10.293948   437.424764   566.395177  1793.735243     3.099898   142.532938    71.329380    71.203558    67.134092    67.159701     0.055246   288.358574   283.102882     9.332044     3.065152    -0.224126
      2029.0     7.175573   440.465656   566.368999  1792.311171     3.022153   137.903521    69.033815    68.869706    67.973837    65.682237     0.053444   288.441996   283.227313     9.187140     3.377756    -0.867527
      2030.0    13.647233   443.526270   567.547973  1792.488260     2.895863   149.928478    75.599857    74.328621    67.704367    70.206048     0.053393   288.272728   282.944031     9.085176     4.214835     2.324591
      2031.0    12.417998   446.606610   568.825183  1794.763586     2.783894   148.060616    74.521948    73.538668    67.830525    69.702592     0.053344   288.256289   282.801707     8.998103     3.542145    -0.403259
      2032.0    10.797696   449.700104   569.798083  1796.141063     3.014495   143.293955    71.823423    71.470532    67.097841    67.801746     0.051458   288.532323   283.320661     8.881746     3.048777    -0.673572
      2033.0     8.689252   452.800167   569.973595  1795.982126     3.110003   138.918871    69.276344    69.642527    66.890096    65.867972     0.050818   288.792254   283.701922     8.793003     3.232860    -0.863187
      2034.0    10.387858   455.903519   570.349869  1794.924122     3.143024   143.709763    71.955475    71.754288    67.807985    67.780778     0.050205   288.710838   283.545985     8.711371     3.798423     1.030798
      2035.0    12.012907   459.010157   571.374823  1795.847830     3.060770   147.649787    74.296061    73.353726    68.411771    69.359030     0.048910   288.633092   283.405215     8.620703     3.912077     0.023551
      2036.0    12.773489   462.123373   572.788342  1797.477200     3.115353   149.214283    74.765349    74.448936    68.091661    69.967233     0.048396   288.705760   283.322622     8.547772     3.384595     0.246203
      2037.0     9.359065   465.246451   573.634714  1797.506896     2.999161   146.607225    72.885792    73.721433    69.529821    68.684679     0.049952   288.934896   283.922702     8.525032     3.354741    -0.874838
      2038.0    10.497607   468.379387   574.328032  1797.136723     3.063186   146.302059    73.097275    73.204783    68.693972    68.745509     0.052151   288.901962   283.907778     8.532233     3.658448     0.421709
      2039.0    12.309414   471.518902   575.450741  1797.743343     3.051728   151.396682    75.693632    75.703050    69.407516    70.526836     0.052532   288.837893   283.708089     8.516355     4.044087     0.512701
      2040.0    11.806093   474.671567   576.516021  1798.894864     3.130224   151.373490    75.436598    75.936892    69.713824    70.518847     0.050673   288.898504   283.752251     8.456030     3.852470    -0.346498
      2041.0    11.631435   477.834093   577.435620  1799.998961     3.173194   146.021699    73.001889    73.019810    67.695684    68.986575     0.039204   289.006566   283.918668     8.176063     3.095716     0.186793
      2042.0    10.044349   480.996620   577.984045  1800.296264     3.217063   148.285456    73.236770    75.048685    69.480244    69.029463     0.033247   289.224208   284.145785     7.958032     3.658883    -0.748084
      2043.0     9.055791   484.155860   578.393929  1799.154295     3.078394   152.189564    75.268835    76.920728    72.110270    70.559674     0.030815   289.229103   284.086962     7.794614     4.299277    -0.408626
      2044.0    13.549922   487.308511   579.925722  1799.611653     3.051264   157.598781    79.040368    78.558452    71.185941    73.312366     0.029728   289.039205   283.963905     7.659258     4.196169     1.669067
      2045.0    12.898991   490.457887   581.299653  1801.728424     3.221931   153.850243    77.073696    76.776547    70.192946    71.902276     0.028710   288.932612   283.678121     7.531372     3.797489    -0.407440
      2046.0    12.094754   493.603988   582.499543  1803.369817     3.088863   152.441063    75.680719    76.760343    69.517414    70.957378     0.027161   289.097778   283.899386     7.397313     3.523451    -0.201429
      2047.0     9.992179   496.746788   583.098165  1803.380398     3.149416   150.821375    74.781861    76.039514    70.878057    70.311647     0.025796   289.363411   284.464500     7.268683     3.871592    -0.576991
      2048.0    11.939291   499.889592   584.256990  1803.650623     3.118092   156.906726    77.729782    79.176944    71.656892    72.462801     0.025215   289.305201   284.298375     7.158566     4.108156     0.535684
      2049.0    11.022966   503.029104   585.087943  1804.532265     3.219613   151.997205    75.439050    76.558155    70.487977    71.216316     0.026300   289.362633   284.398730     7.091627     3.391781    -0.153303
      2050.0    10.975885   506.165332   585.601326  1805.017295     3.058957   153.719273    76.331749    77.387528    71.185571    71.641392     0.027255   289.312637   284.328486     7.036108     4.176971    -0.029209
      2051.0    12.393256   509.294982   586.970811  1806.204965     3.037489   157.157401    77.773645    79.383756    71.174059    72.642055     0.023446   289.227297   284.146825     6.885684     3.762105     0.280325
      2052.0    13.432475   512.408195   588.222413  1807.683306     3.108995   158.431304    79.081753    79.349562    71.316955    73.521622     0.023948   289.313563   284.159704     6.815317     4.308517     0.726326
      2053.0    10.783339   515.498397   589.485413  1809.204921     3.103767   153.033430    75.421132    77.612298    70.532120    70.981285     0.024914   289.454402   284.441757     6.764901     3.176848    -1.072450
      2054.0     8.869979   518.555725   589.897803  1808.109324     3.060272   154.128860    75.979336    78.149523    72.773321    71.204996     0.022740   289.677533   284.884127     6.656411     4.361951    -0.472728
      2055.0    10.819192   521.583466   591.048407  1808.193703     2.933013   159.579306    78.843921    80.735384    73.214209    73.596137     0.020083   289.612826   284.655083     6.529368     4.097181     0.297549
      2056.0    11.794265   524.588189   591.784009  1809.346521     3.010335   155.242128    77.020201    78.221966    70.679745    72.497813     0.019448   289.568260   284.612734     6.437896     3.786746     0.665250
      2057.0    11.469827   527.563334   592.800809  1810.237335     3.084569   158.290116    78.758770    79.531346    72.725581    73.324949     0.020623   289.585457   284.647288     6.389540     4.417021    -0.291447
      2058.0    10.081740   530.508889   594.039443  1810.819751     3.048122   155.861387    76.730931    79.130456    71.994358    72.138807     0.025053   289.680588   284.787130     6.424829     3.353490    -0.437966
      2059.0     8.294051   533.428142   594.026866  1810.530422     2.992093   153.363342    75.320102    78.043240    72.269339    71.326199     0.025764   289.780561   284.964554     6.406628     4.006480    -0.653811
      2060.0    10.401863   536.324384   594.912502  1809.812637     2.948160   160.259305    79.255603    81.003737    73.894395    73.727467     0.027865   289.829358   285.060000     6.423342     4.642466     0.550857
      2061.0    10.375979   539.191041   595.917899  1810.419491     3.048700   156.262836    77.316952    78.945884    72.122113    72.882264     0.034025   289.785507   284.912074     6.541285     3.429291     0.153296
      2062.0     9.982515   542.021536   596.377382  1810.755147     2.994960   157.078570    77.328658    79.749913    72.403569    72.566715     0.036987   289.682190   284.621511     6.622253     4.302458    -0.172509
      2063.0    10.723467   544.809288   597.522371  1811.005475     3.046625   159.831257    78.729025    81.102232    72.961309    73.698710     0.030480   289.841484   284.965914     6.506143     3.885326     0.487074
      2064.0     8.157701   547.551027   597.738529  1811.109337     2.994962   152.206766    74.538308    77.668459    71.354596    70.946734     0.025134   289.928627   285.170553     6.375518     3.375416    -0.511724
      2065.0     9.978997   550.253309   597.931176  1810.962682     3.105853   156.814455    77.576664    79.237790    72.463066    72.798376     0.023595   289.858159   285.103058     6.298823     4.585642     0.481965
      2066.0    11.007440   552.912841   599.089173  1811.829471     3.067594   161.391311    79.758339    81.632972    73.331948    74.188576     0.021745   289.849164   284.946246     6.208924     4.411766    -0.010161
      2067.0    11.463806   555.526370   600.632380  1813.363434     2.930230   163.334093    80.901593    82.432500    73.595143    75.255102     0.019852   289.999112   285.189878     6.110882     4.103283     0.125996
      2068.0     9.190296   558.100445   601.621464  1814.012254     2.937976   160.767575    79.000734    81.766841    73.960906    74.042108     0.018680   290.099607   285.352013     6.021904     3.969542    -0.567617
      2069.0     8.249884   560.635059   602.296993  1813.585844     3.000368   158.996267    78.109518    80.886749    74.180488    73.364411     0.017072   290.135953   285.448016     5.920780     4.069578    -0.389667
      2070.0    10.005408   563.123669   603.056912  1813.372527     2.952304   161.064422    79.374273    81.690190    73.398431    74.082552     0.015478   290.024058   285.263664     5.816504     4.531761     0.897438
      2071.0     9.054226   565.566236   604.061453  1813.631825     2.681433   165.981727    81.736951    84.244776    76.121822    76.079887     0.013383   289.873075   284.980662     5.697071     4.652523    -0.301232
      2072.0    10.850381   567.952926   605.049083  1815.546743     2.865646   159.485251    78.686575    80.798676    71.538227    74.210756     0.012354   289.846565   284.921130     5.595245     3.488189     0.757611
      2073.0     7.996008   570.264002   605.521026  1816.374631     2.693487   159.658480    77.989644    81.668837    73.461841    73.388289     0.012028   290.096942   285.292483     5.510061     4.129412    -0.901440
      2074.0     6.809873   572.489602   605.703545  1815.854783     2.550027   161.958946    79.057865    82.901081    75.198780    74.118569     0.011745   290.112577   285.286807     5.429578     4.756776    -0.560364
      2075.0     9.977149   574.636306   606.871586  1816.188807     2.621363   165.429086    81.292212    84.136874    74.264524    75.802590     0.011596   289.990720   285.120547     5.355335     4.321581     1.204042
      2076.0     8.897780   576.707395   607.580474  1817.738731     2.732457   159.659180    78.811655    80.847525    72.699418    74.074397     0.011508   290.012263   285.197319     5.286829     4.028371    -0.174945
      2077.0     7.665753   578.702884   607.987836  1818.409808     2.585577   160.181597    79.352091    80.829506    73.959044    74.502978     0.011341   290.116936   285.347402     5.220095     4.441751    -0.127144
      2078.0     7.260570   580.622743   608.347797  1818.548947     2.718203   161.395744    79.685321    81.710422    74.778220    74.468183     0.011162   290.112439   285.431641     5.155743     4.857178    -0.449176
      2079.0     9.276775   582.467002   609.801090  1819.278633     2.704677   165.684061    81.845122    83.838939    74.681993    76.007007     0.011539   290.244097   285.536156     5.105726     4.384822     0.595329
      2080.0     5.852309   584.235650   610.571924  1819.535224     2.626440   162.661684    79.197705    83.463979    75.320471    74.528868     0.012277   290.400879   285.695417     5.068870     3.898002    -1.048194
      2081.0     4.944323   585.925395   610.705438  1817.604513     2.522095   166.085972    81.146066    84.939907    77.800136    75.811727     0.011866   290.441668   285.797452     5.012492     5.200825    -0.057698
      2082.0     8.891148   587.526383   611.874206  1818.408242     2.555285   163.887121    80.639073    83.248049    73.430446    75.545687     0.011729   290.242098   285.374616     4.961738     3.924618     1.311512
      2083.0     6.478074   589.032033   612.598316  1819.025174     2.493989   164.312952    80.621845    83.691107    75.478496    75.356007     0.011457   290.323491   285.597738     4.910139     4.541728    -0.739421
      2084.0     6.154680   590.442331   613.393863  1819.007748     2.444800   164.108724    80.778566    83.330158    75.637985    75.559718     0.011236   290.259900   285.384967     4.859644     4.423300    -0.060841
      2085.0     6.615045   591.754037   614.118253  1819.272425     2.481464   163.802875    80.344027    83.458848    74.514829    75.354905     0.011164   290.406153   285.637777     4.813207     4.264732     0.575399
      2086.0     6.083737   592.967101   614.548745  1819.564416     2.386172   167.245633    81.824035    85.421598    76.009729    76.254038     0.011189   290.426440   285.704720     4.769975     5.139505    -0.047681
      2087.0     6.602774   594.084836   615.697280  1820.718677     2.283773   167.308364    82.302608    85.005756    75.725860    76.939077     0.011158   290.393168   285.639493     4.726542     4.214996     0.058956
      2088.0     4.577425   595.110512   615.951891  1821.402103     2.462876   159.552445    78.077507    81.474938    73.751968    73.729568     0.011307   290.442757   285.649155     4.689411     4.093327    -0.705825
      2089.0     3.491421   596.040866   616.173496  1820.082318     2.316671   165.166956    80.660220    84.506736    76.781391    75.353115     0.011634   290.627889   286.018621     4.658182     5.085500    -0.108491
      2090.0     5.598018   596.872582   617.004633  1820.034972     2.220914   168.957653    83.003059    85.954609    76.611692    77.310839     0.011550   290.573448   286.011551     4.619997     4.861067     0.746492
      2091.0     5.805942   597.618834   618.100152  1821.247641     2.160852   171.626430    84.457180    87.169251    77.462324    78.326992     0.010331   290.443949   285.736643     4.556223     5.034669    -0.348000
      2092.0     7.666976   598.296048   619.789506  1822.597703     2.201394   173.451402    85.523848    87.927553    76.589126    78.786419     0.009648   290.403193   285.616946     4.498324     5.048075     0.847230
      2093.0     4.435557   598.920659   620.752507  1823.787197     1.970112   167.392309    82.066604    85.325706    76.199214    76.784466     0.009319   290.456047   285.788078     4.446793     4.319137    -0.604242
      2094.0     3.176551   599.499247   621.322407  1824.516972     2.175388   164.307855    79.825254    84.482602    75.437679    75.219942     0.009207   290.709892   286.205889     4.400133     4.035412    -0.947512
      2095.0     0.590976   600.028547   620.912377  1822.293253     2.051783   166.869768    80.701630    86.168137    78.581574    75.921275     0.009293   290.855194   286.445524     4.358684     5.190384    -0.436579
      2096.0     3.979279   600.508492   621.539862  1821.599258     1.954539   170.523710    83.460014    87.063696    77.711302    77.969866     0.009340   290.628370   285.929156     4.317701     4.862663     0.952560
      2097.0     5.208340   600.939149   622.454768  1822.356928     1.840222   169.122688    83.391798    85.730890    76.225182    77.541472     0.009296   290.546590   285.771619     4.276687     4.935420     0.558620
      2098.0     2.873784   601.320497   623.145117  1823.447424     2.054923   163.928262    79.579621    84.348641    75.048302    75.196151     0.009124   290.741514   286.192833     4.234486     3.693121    -0.942647
      2099.0    -0.259558   601.645956   622.549967  1821.868565     1.894192   161.818847    78.335558    83.483290    76.529609    74.270960     0.009023   290.957469   286.522802     4.194388     4.659747    -0.679790
      2100.0     2.643268   601.918813   622.508908  1820.329435     1.911012   168.600755    82.802830    85.797924    77.757203    77.101398     0.008930   290.835487   286.361115     4.153892     5.742492     0.883325