        time     emission          CO2         cveg        csoil        fgco2         fgpp         fnpp           ra          frh     fvegsoil         fluc          tas     tas_land        cprod     fcvegout    fcsoilout
      1850.0     0.664424   283.923842   579.947382  1762.330621    -0.094110   115.369441    58.334128    57.035313    56.963911    57.682619     0.000500   286.373866   280.441755     0.007404     1.360570     0.394797
      1851.0     0.489672   284.055342   579.620064  1762.710044    -0.009524   114.869207    58.047575    56.821632    56.935380    57.277191     0.001026   286.319667   280.336823     0.015510     1.097702    -0.037612
      1852.0     0.904857   284.196702   579.674489  1763.144976     0.210269   117.372893    59.205603    58.167290    57.901578    58.090362     0.001362   286.365318   280.342603     0.021496     1.060816    -0.246148
      1853.0    -0.544710   284.328199   579.810882  1762.566710     0.039555   114.788666    57.829195    56.959471    57.797358    57.022081     0.001545   286.478704   280.608276     0.025410     0.670721    -0.197011
      1854.0    -0.288475   284.443257   579.563144  1761.704082    -0.112785   116.012841    58.842861    57.169980    58.358011    57.624545     0.001555   286.323944   280.403132     0.027220     1.466054     0.129162
      1855.0     0.232806   284.545169   580.090950  1761.786178    -0.103895   115.714992    58.493325    57.221668    57.490869    57.569463     0.001546   286.376920   280.529826     0.028640     0.396057    -0.003503
      1856.0     0.022032   284.660230   579.970724  1761.510037    -0.065714   113.226356    57.410338    55.816019    56.693132    56.583230     0.001474   286.396289   280.593796     0.029242     0.947333     0.166239
      1857.0     0.889693   284.804879   579.906921  1761.957340    -0.061400   115.106615    58.247427    56.859188    56.698457    57.435743     0.001357   286.315735   280.416311     0.029023     0.875488     0.289983
      1858.0    -0.383623   284.969246   579.889036  1762.320074     0.052307   115.020596    57.846052    57.174544    57.720488    57.233931     0.001264   286.524231   280.612834     0.029047     0.630005    -0.849292
      1859.0    -1.134622   285.146776   579.638502  1760.803772     0.113358   116.953587    58.229801    58.723786    58.904569    57.139133     0.001298   286.738187   280.905856     0.030479     1.341202    -0.249134
      1860.0    -1.135039   285.337447   579.636852  1759.547371    -0.029393   117.257547    58.564442    58.693105    59.109965    57.852438     0.001267   286.637906   280.788953     0.030815     0.713654    -0.001126
      1861.0     1.521992   285.524831   579.753683  1759.004527     0.045282   118.630058    60.083023    58.547034    58.027490    58.602735     0.001151   286.482170   280.508319     0.030012     1.363457     1.118089
      1862.0     1.643171   285.699073   579.995650  1760.039704     0.118966   116.494381    59.235840    57.258541    57.085197    58.117395     0.001090   286.412542   280.331624     0.029824     0.876478    -0.002978
      1863.0    -0.048226   285.870008   579.763179  1760.614603     0.048394   113.003259    57.242561    55.760698    56.671768    56.796194     0.001071   286.523997   280.641111     0.030012     0.678838    -0.450474
      1864.0     0.846365   286.040957   579.850756  1760.517250     0.042402   116.634135    59.060194    57.573940    57.653388    57.781118     0.001059   286.426376   280.470032     0.030269     1.191499     0.225083
      1865.0     0.242472   286.211908   579.643278  1760.705804     0.008337   113.350636    57.358561    55.992074    56.549575    56.749323     0.001049   286.485316   280.546003     0.030496     0.816716     0.011195
      1866.0     1.606931   286.382858   579.924039  1761.221055     0.123438   119.101900    59.964432    59.137467    57.863832    58.396132     0.001054   286.516706   280.587924     0.030972     1.287540     0.017049
      1867.0     0.308763   286.547227   580.189751  1761.166350    -0.042148   117.211676    59.095531    58.116145    58.073628    57.940151     0.001074   286.512472   280.735639     0.031592     0.889668    -0.078772
      1868.0     1.371964   286.695163   580.355672  1761.893340     0.111849   117.071540    59.220112    57.851428    57.271018    58.047342     0.001070   286.425405   280.516215     0.031846     1.006849     0.049333
      1869.0    -0.164599   286.826658   580.462738  1762.064233     0.200441   114.263966    57.265567    56.998399    56.972163    56.741737     0.001147   286.583127   280.782997     0.032998     0.416763    -0.401318
      1870.0    -1.948283   286.954871   579.698771  1760.385941     0.108257   116.218581    58.099403    58.119179    59.465638    57.289377     0.002004   286.640615   280.805377     0.048914     1.573993    -0.497969
      1871.0     1.656928   287.096232   580.429536  1759.802552     0.143296   119.828633    60.498552    59.330081    58.328486    58.809251     0.003850   286.469660   280.525813     0.089830     0.958536     1.064153
      1872.0    -0.375497   287.263893   580.569218  1759.713845     0.109118   116.942429    58.731268    58.211161    58.567881    57.706954     0.005259   286.565707   280.683736     0.131649     0.884632    -0.772220
      1873.0     0.233665   287.454564   580.206975  1759.419987     0.162617   115.163214    58.098016    57.065198    57.428545    57.652415     0.008068   286.463127   280.434723     0.209454     0.807843     0.517729
      1874.0     0.226101   287.661673   579.897878  1759.532238    -0.025407   117.505348    59.322176    58.183172    58.444859    58.379350     0.011051   286.401416   280.477178     0.306406     1.251925    -0.177760
      1875.0     2.393016   287.885222   580.196176  1760.319067    -0.020690   119.205011    60.441415    58.763595    57.430358    58.926804     0.013522   286.278503   280.214177     0.406467     1.216312     0.709617
      1876.0     0.928892   288.115342   580.253638  1761.091076     0.173374   115.814373    58.599309    57.215065    57.302407    57.605742     0.015811   286.399984   280.430105     0.511016     0.936105    -0.468674
      1877.0     0.199603   288.348752   580.214587  1760.894928     0.325515   114.971625    57.955176    57.016448    57.507701    57.120797     0.020196   286.542229   280.633194     0.668693     0.873431    -0.190756
      1878.0    -0.449260   288.585447   579.891027  1760.273533     0.259782   115.343611    58.049279    57.294332    58.150293    57.226002     0.025012   286.650696   280.800034     0.853893     1.146837    -0.302896
      1879.0    -0.200657   288.822145   579.842065  1759.316248     0.223185   116.771941    58.811780    57.960161    58.613314    57.668544     0.032107   286.633240   280.776451     1.106991     1.192197     0.012516
      1880.0     0.712707   289.068709   579.804848  1758.790752     0.259315   118.958488    59.921512    59.036976    58.846992    58.546499     0.026008   286.551661   280.568789     1.099208     1.412231     0.225003
      1881.0     1.022959   289.334985   580.136164  1758.631424     0.138201   119.679920    60.448064    59.231855    58.939632    58.852272     0.015681   286.564311   280.753555     0.952047     1.264476     0.071967
      1882.0     1.789129   289.604559   580.409404  1758.972259     0.225228   117.630170    59.688167    57.942003    57.539491    58.520725     0.012162   286.436511   280.634577     0.892411     0.894202     0.640400
      1883.0     1.059098   289.857691   580.160050  1760.304493     0.305390   113.697724    57.399815    56.297909    56.096489    57.009476     0.010993   286.479576   280.437002     0.864864     0.639694    -0.419248
      1884.0     2.202917   290.114114   579.552116  1761.220663     0.484511   114.945162    58.479886    56.465276    56.184435    57.466351     0.011370   286.226702   280.079671     0.865678     1.621469     0.365745
      1885.0     1.981483   290.393543   579.554476  1762.312826     0.465006   116.935279    59.393251    57.542028    57.297868    58.161724     0.011868   286.204625   280.082563     0.872979     1.229167    -0.228307
      1886.0     0.438559   290.692702   579.419537  1762.589718     0.439954   114.288099    57.601127    56.686972    57.120356    56.806675     0.012441   286.463236   280.503324     0.885908     0.929391    -0.590572
      1887.0    -0.587458   291.011588   578.981193  1761.676243     0.451781   111.694128    56.352824    55.341304    56.959472    55.932132     0.013103   286.450373   280.543391     0.904049     0.859036    -0.113866
      1888.0    -0.705993   291.353484   578.280174  1760.835660     0.350759   113.721162    57.296165    56.424997    57.940237    56.886924     0.013580   286.554301   280.724083     0.921678     1.110260    -0.212729
      1889.0    -0.749920   291.701947   577.731715  1759.343326     0.405007   114.208533    57.611675    56.596858    58.350131    56.897516     0.014539   286.572057   280.693995     0.951683     1.262617     0.039719
      1890.0     0.029357   292.050421   577.326199  1758.291238     0.372972   114.464913    57.886286    56.578627    57.861402    57.050269     0.016433   286.499181   280.471392     1.006698     1.241533     0.240956
      1891.0     0.813176   292.405467   577.286370  1757.597858     0.163075   117.310377    59.445701    57.864676    58.346848    57.992187     0.019642   286.497248   280.471306     1.099388     1.493344     0.338718
      1892.0     1.646171   292.747360   577.789977  1757.612947     0.248953   119.110633    60.532920    58.577712    58.627750    58.734331     0.023869   286.548968   280.665731     1.229990     1.294982     0.091493
      1893.0     0.951011   293.066241   578.296045  1757.151875     0.302202   119.067856    59.921482    59.146373    58.736827    58.213602     0.026968   286.639224   280.703603     1.356438     1.201812    -0.062153
      1894.0    -1.209536   293.371974   578.009194  1756.337207     0.466729   113.744230    57.097380    56.646850    58.220450    56.705674     0.029738   286.730565   280.964470     1.487835     0.678557    -0.700107
      1895.0     1.425105   293.664554   577.797667  1755.560500     0.427243   118.131082    59.899460    58.231622    58.307184    58.266675     0.032085   286.502052   280.382716     1.618665     1.844313     0.736198
      1896.0     2.558715   293.947282   578.288204  1756.197699     0.481204   119.341823    60.702668    58.639155    57.946238    59.023343     0.035495   286.501294   280.534378     1.778265     1.188787     0.439907
      1897.0     0.364096   294.236575   578.332082  1756.571596     0.536325   116.811703    58.773012    58.038691    58.303312    57.855075     0.040593   286.610608   280.683695     1.986912     0.874060    -0.822134
      1898.0     0.071561   294.548881   577.934250  1755.631211     0.386960   116.284826    58.741669    57.543158    58.441879    57.630304     0.044446   286.631238   280.763746     2.187840     1.509197     0.128810
      1899.0     1.720579   294.894069   578.070492  1755.595911     0.361117   118.995926    60.428099    58.567828    58.464351    58.867539     0.047699   286.470947   280.600400     2.385676     1.424318     0.438487
      1900.0     2.031757   295.249112   578.052350  1756.172544     0.449604   117.198546    59.662850    57.535696    57.569360    58.226284     0.036958   286.383794   280.373985     2.279873     1.454708     0.080291
      1901.0     1.783155   295.587719   578.423138  1756.486043     0.658669   117.322379    59.480051    57.842328    57.767492    57.943050     0.023922   286.508222   280.577947     2.050517     1.166213    -0.137941
      1902.0    -0.235730   295.913173   578.468090  1755.830513     0.417066   117.634948    59.311960    58.322987    59.312039    58.074700     0.020329   286.616979   280.855558     1.951683     1.192309    -0.581808
      1903.0     3.382863   296.232056   578.518360  1756.310990     0.575868   118.831059    60.737044    58.094016    57.313529    59.176385     0.019362   286.204981   280.141650     1.896983     1.510389     1.382379
      1904.0     1.763788   296.547651   578.794021  1757.541912     0.633483   117.516906    59.463787    58.053119    57.730366    58.186066     0.019800   286.268590   280.169253     1.874701     1.002060    -0.775222
      1905.0     0.346845   296.882972   578.427494  1757.631167     0.477743   115.943376    58.353060    57.590315    57.930377    57.515111     0.021007   286.405935   280.404897     1.875975     1.204476    -0.504521
      1906.0     1.100358   297.261030   578.243454  1756.930192     0.337023   119.267052    60.081905    59.185147    58.800026    58.540009     0.024102   286.484100   280.558390     1.928159     1.725936     0.440958
      1907.0     2.919853   297.675259   578.764230  1757.748820     0.305478   120.824317    61.407354    59.416963    58.286329    59.667389     0.028125   286.204981   280.139282     2.019200     1.219189     0.562432
      1908.0     0.824282   298.099333   578.629447  1758.594000     0.389606   117.496842    59.216700    58.280142    58.332503    58.175107     0.032121   286.324046   280.301666     2.131298     1.176376    -1.002576
      1909.0     1.904039   298.523409   578.424530  1758.482387     0.324022   118.493579    60.152821    58.340758    58.081140    58.711894     0.037600   286.324872   280.335271     2.293955     1.645843     0.742367
      1910.0     1.841228   298.960645   578.597929  1759.033328     0.454842   118.643596    60.099760    58.543836    58.242960    58.637575     0.030588   286.358259   280.262815     2.206278     1.288787    -0.156326
      1911.0    -0.568905   299.427462   578.024987  1758.778829     0.511619   113.044607    56.976308    56.068299    57.658841    56.593375     0.018884   286.487465   280.545197     1.972806     0.955875    -0.810967
      1912.0    -0.035844   299.940303   577.240702  1757.628359     0.419877   115.175124    58.392725    56.782398    58.487710    57.559184     0.014421   286.419217   280.393425     1.835437     1.617826     0.221943
      1913.0     1.964920   300.476156   576.947056  1757.533177     0.707285   115.912296    58.927656    56.984639    57.395463    57.840049     0.012373   286.278071   280.128413     1.733762     1.381253     0.539769
      1914.0     1.823686   300.998870   576.551226  1757.624814     0.704558   117.978436    59.687019    58.291417    58.262846    58.350832     0.011155   286.359487   280.306669     1.648500     1.732018    -0.003651
      1915.0    -0.318527   301.521569   576.135520  1756.832784     0.657164   117.409859    58.953702    58.456158    59.616501    57.751338     0.010324   286.482981   280.617378     1.572927     1.618069    -1.073133
      1916.0     3.340538   302.054130   577.067891  1756.370896     0.553752   124.889324    62.893457    61.995867    59.713604    60.317663     0.009806   286.319209   280.444692     1.507428     1.643423     1.065947
      1917.0     3.033480   302.563687   577.878650  1756.888350     0.504086   124.473698    62.577838    61.895860    59.603639    60.296518     0.009443   286.209035   280.184921     1.450585     1.470560     0.175425
      1918.0     2.334465   303.007490   578.161548  1757.534776     0.697989   120.285134    60.851008    59.434127    58.651451    59.228144     0.009518   286.342270   280.416379     1.407690     1.339966    -0.069732
      1919.0     1.152036   303.405274   578.219854  1757.793022     0.808558   118.987091    60.132742    58.854349    59.096328    58.684053     0.009751   286.480601   280.410202     1.373911     1.390382    -0.670521
      1920.0    -1.061998   303.799766   577.619912  1756.371835     0.560748   117.160573    58.574116    58.586457    59.496003    57.626389     0.010343   286.540682   280.646408     1.351858     1.547669    -0.448427
      1921.0     2.301893   304.171249   577.681540  1756.390615     0.495670   119.827287    60.475790    59.351496    57.931125    59.139471     0.011543   286.328105   280.359894     1.349943     1.274691     1.189566
      1922.0     1.310727   304.513139   577.231402  1756.972057     0.564951   116.871205    58.968296    57.902909    57.481352    57.909714     0.013596   286.466637   280.548604     1.378135     1.508721    -0.153081
      1923.0    -0.983590   304.851737   576.295921  1756.522058     0.787929   112.622031    56.676914    55.945117    57.664899    56.564442     0.016083   286.493047   280.567284     1.429188     1.047953    -0.650458
      1924.0    -0.857247   305.157479   574.976130  1755.463237     0.853609   111.617414    56.513770    55.103644    57.351507    56.080871     0.017712   286.551086   280.692309     1.475859     1.752690    -0.211814
      1925.0    -0.488151   305.374451   574.241573  1754.188627     0.685971   115.314282    58.158403    57.155878    58.187849    57.175446     0.020866   286.599861   280.648905     1.563119     1.717514     0.262207
      1926.0     1.074412   305.545396   573.681852  1753.888528     0.597464   119.295657    60.566382    58.729276    58.842461    58.979342     0.023602   286.394493   280.353116     1.655927     2.146761     0.436981
      1927.0     1.248313   305.729494   574.062773  1754.113656     0.609147   119.800388    60.644779    59.155609    58.779781    58.898684     0.025553   286.505030   280.604576     1.743607     1.365174    -0.106224
      1928.0     0.543940   305.903728   573.797693  1754.141271     0.441565   117.354604    59.494298    57.860306    58.148644    58.304294     0.028642   286.545260   280.805852     1.861954     1.455084     0.128035
      1929.0     1.502943   306.054951   573.669716  1754.489230     0.517143   119.606151    60.402653    59.203498    58.115805    58.757209     0.032408   286.545286   280.654310     2.007743     1.773420     0.293444
      1930.0    -0.517888   306.209465   573.317568  1754.206825     0.553166   116.774945    58.437533    58.337412    58.252777    57.303224     0.029711   286.730855   281.019277     2.026734     1.486457    -0.667148
      1931.0     0.067794   306.409997   572.808603  1753.509508     0.634900   116.476250    58.984501    57.491748    58.323413    57.648769     0.025665   286.591568   280.779221     1.996083     1.844698     0.022673
      1932.0     1.106447   306.672993   572.498538  1753.569313     0.651028   116.479063    58.939183    57.539880    57.395410    57.907501     0.025547   286.532972   280.669991     2.024658     1.341747     0.452286
      1933.0     1.155383   306.988587   572.045727  1753.714537     0.688231   117.439941    59.713537    57.726404    58.244166    58.379504     0.026675   286.548904   280.648084     2.077800     1.786845    -0.009886
      1934.0    -0.987624   307.366651   571.266559  1753.263621     0.675870   114.226262    57.504368    56.721894    58.234951    56.889633     0.027473   286.683477   280.739245     2.128962     1.393903    -0.894403
      1935.0     1.191555   307.879495   570.471386  1752.163450     0.652253   119.097370    60.407543    58.689827    59.222939    58.629917     0.029705   286.642202   280.906202     2.213186     2.572799     0.507149
      1936.0     3.710639   308.569865   570.879157  1752.751189     0.677273   120.738344    61.252181    59.486163    57.988982    59.553390     0.034302   286.544154   280.571531     2.358994     1.291020     0.976669
      1937.0     0.805571   309.273368   570.050032  1753.153574     0.950884   114.502168    57.569584    56.932585    57.548359    56.916694     0.039423   286.626826   280.650960     2.537689     1.482014    -1.034050
      1938.0    -0.071428   309.865112   569.136261  1752.206299     0.800868   115.195560    57.695676    57.499884    58.059776    56.821489     0.044749   286.709999   280.844437     2.742069     1.787957    -0.291012
      1939.0     1.583035   310.400965   568.561641  1751.612911     0.630832   118.224075    59.955846    58.268230    58.374540    58.464920     0.050139   286.635646   280.874568     2.967479     2.065545     0.683767
      1940.0     2.500625   310.903944   568.367736  1752.333839     0.714444   119.786225    60.812882    58.973343    58.336404    59.344541     0.048796   286.528702   280.600098     3.062228     1.662246     0.287209
      1941.0     0.677541   311.347749   567.744211  1752.173214     0.694460   116.593067    59.171981    57.421086    58.338380    57.861909     0.045478   286.514727   280.676605     3.093740     1.933598    -0.315846
      1942.0     1.684078   311.696215   567.605575  1752.645649     0.592245   120.246022    61.085377    59.160644    58.913473    59.384811     0.045906   286.450254   280.428154     3.179314     1.839202    -0.001097
      1943.0     1.384410   311.903322   567.580610  1753.028684     0.573077   119.393638    60.626896    58.766743    58.441283    58.964953     0.047900   286.505651   280.647413     3.295552     1.686908     0.140635
      1944.0     1.668101   311.962494   567.261491  1753.774152     0.718013   118.880982    60.464255    58.416727    57.821558    58.894165     0.049450   286.497686   280.550636     3.407500     1.889209     0.327139
      1945.0    -0.501273   311.952632   566.943641  1754.010599     0.622300   117.547885    59.333017    58.214868    58.579017    57.913124     0.051340   286.590708   280.741615     3.529039     1.737743    -0.902340
      1946.0     1.607849   311.972358   566.695965  1753.978834     0.570680   121.193736    61.753000    59.440736    58.778902    59.610421     0.053119   286.547452   280.646962     3.651329     2.390256     0.863284
      1947.0     1.206599   312.031532   566.753399  1754.864425     0.546267   120.567383    60.975363    59.592019    58.508826    59.135606     0.055773   286.554576   280.667468     3.795443     1.782323    -0.258811
      1948.0     0.754587   312.100568   566.486333  1755.595598     0.471211   118.561010    60.199407    58.361602    58.135369    58.771186     0.059747   286.442218   280.419772     3.976455     1.695287    -0.095357
      1949.0     1.091025   312.212345   566.222131  1756.074912     0.672003   118.600592    60.313344    58.287248    58.163544    58.628592     0.064187   286.581080   280.678396     4.180416     1.948954    -0.014265
      1950.0    -1.134950   312.383292   565.327481  1755.833879     0.624720   115.607290    58.080912    57.526378    58.231183    57.334358     0.067445   286.719200   280.978834     4.370546     1.641204    -0.655792
      1951.0    -0.019661   312.606840   564.195368  1754.885475     0.417303   118.366058    60.022009    58.344049    58.981233    58.655348     0.072202   286.524109   280.609820     4.598067     2.498774     0.622520
      1952.0     0.705913   312.915862   563.616739  1755.179322     0.429813   118.391122    60.264771    58.126350    58.635932    58.981047     0.078571   286.445905   280.423213     4.875182     1.862354     0.051268
      1953.0     0.679048   313.284056   563.008204  1755.427770     0.746613   118.394629    60.008679    58.385950    58.840610    58.591100     0.086192   286.399066   280.422358     5.199477     2.026114    -0.497959
      1954.0     1.409715   313.642386   562.559226  1754.949262     0.594468   121.431458    61.881959    59.549498    59.681359    59.893417     0.097416   286.410477   280.453367     5.635342     2.437520     0.690567
      1955.0     1.860549   313.964559   562.474375  1755.923268     0.475115   122.788875    62.478218    60.310657    59.565512    60.285232     0.110715   286.270437   280.223628     6.163771     2.277838    -0.254287
      1956.0     1.320281   314.260428   561.939484  1756.826028     0.783703   118.587895    60.238825    58.349069    58.155065    59.138347     0.123027   286.346466   280.260612     6.721855     1.635370     0.080523
      1957.0    -0.252691   314.566161   560.800585  1756.536174     0.734427   116.733357    59.196091    57.537266    58.657143    57.789819     0.135203   286.515004   280.601481     7.318886     2.545172    -0.577470
      1958.0     1.044470   314.931069   559.870940  1756.629019     0.817665   116.607413    59.577750    57.029663    57.870406    58.290807     0.145906   286.461426   280.582085     7.918984     2.216589     0.327556
      1959.0     0.412364   315.453783   558.846786  1756.554673     0.661646   116.876828    59.378193    57.498636    58.537178    58.339229     0.157624   286.382228   280.233025     8.565219     2.063118    -0.123604
      1960.0     0.372958   316.144147   557.559769  1755.991798     0.412820   116.419443    59.334781    57.084663    58.655472    58.015402     0.127609   286.345856   280.438911     8.320501     2.606396    -0.077195
      1961.0     3.664347   316.870670   557.594392  1756.615933     0.648483   122.089655    62.283335    59.806320    58.631347    59.928546     0.085654   286.315033   280.378611     7.612463     2.320166     0.673064
      1962.0     2.280149   317.564318   557.258255  1757.430970     0.665176   119.577952    61.072077    58.505875    58.707625    59.450519     0.071970   286.324938   280.401848     7.281969     1.957695    -0.072144
      1963.0     2.266125   318.221805   556.621325  1758.291182     0.916626   116.104486    59.169495    56.934991    57.032965    57.930156     0.069631   286.371274   280.260948     7.140765     1.876269     0.036979
      1964.0    -0.076799   318.833272   555.426088  1758.007558     0.746979   116.176236    58.948489    57.227747    58.807575    57.737224     0.070118   286.401550   280.626368     7.070398     2.406501    -0.786726
      1965.0     4.579208   319.510494   555.405343  1758.726887     0.907562   125.306752    63.717649    61.589103    59.187668    61.025395     0.071330   286.215134   280.219805     7.032931     2.713000     1.118397
      1966.0     2.039568   320.312632   555.039636  1759.887713     0.997069   117.793190    59.860304    57.932886    58.282718    58.614134     0.073308   286.322886   280.308815     7.031599     1.611877    -0.829411
      1967.0     0.441786   321.104905   553.965872  1759.019381     1.047363   116.284864    59.058126    57.226738    59.012847    57.797872     0.077016   286.483843   280.473887     7.090362     2.334018    -0.346642
      1968.0     0.816693   321.923482   552.733733  1757.763572     0.995622   118.059003    60.116232    57.942770    59.638565    58.501217     0.083166   286.390872   280.356634     7.234248     2.847153     0.118461
      1969.0     4.914745   322.965607   552.563344  1758.427973     1.042884   122.725733    62.390195    60.335537    58.394938    60.019301     0.091829   286.283546   280.155586     7.472690     2.541283     0.959963
      1970.0     3.372684   324.099779   552.449446  1759.217273     1.024940   121.266949    62.050964    59.215985    59.706512    59.812406     0.081863   286.423820   280.506564     7.352501     2.352456    -0.683407
      1971.0     3.878645   325.276691   552.250007  1759.823524     1.194822   118.947220    60.764617    58.182604    58.270697    58.946153     0.066261   286.310471   280.205597     7.054500     2.017902     0.069206
      1972.0     4.406311   327.042067   551.769427  1759.575254     1.281573   120.561701    61.449747    59.111955    59.627128    59.475675     0.061284   286.456365   280.482452     6.907016     2.454652     0.096816
      1973.0     6.465024   329.017805   551.488190  1760.283018     1.302351   121.599769    62.377983    59.221786    58.940335    60.141087     0.061898   286.338498   280.276716     6.865277     2.518133     0.492989
      1974.0     3.243583   330.099361   551.042372  1760.743609     1.245923   120.049091    61.493542    58.555549    59.339247    59.358282     0.064012   286.361445   280.317726     6.870958     2.581078    -0.441556
      1975.0     3.801944   330.526726   551.057046  1761.560972     1.239487   124.843591    63.993217    60.850374    59.809932    61.264444     0.067286   286.304479   280.140284     6.924530     2.714099     0.637148
      1976.0     2.927375   331.351896   550.962051  1762.349490     1.291164   123.057941    62.705426    60.352515    60.318632    60.274391     0.072102   286.406746   280.321907     7.038809     2.526031    -0.832759
      1977.0     3.673672   332.844406   550.979499  1762.043597     1.169348   123.540209    62.835941    60.704268    60.950723    60.347642     0.076839   286.458163   280.519053     7.182257     2.470851    -0.297188
      1978.0     5.441882   334.521003   550.725548  1762.183575     1.366832   122.163643    62.228896    59.934748    59.292395    60.353027     0.080970   286.367045   280.350161     7.338786     2.129820     0.920655
      1979.0     4.940317   336.256778   550.196146  1762.782052     1.523599   120.240155    61.266373    58.973782    59.100196    59.213384     0.085181   286.421313   280.317151     7.518070     2.582391    -0.485289
      1980.0     4.160545   338.041859   549.632554  1762.432112     1.427412   121.174220    61.593499    59.580721    60.116424    59.625877     0.076783   286.549222   280.619092     7.433600     2.531214    -0.140608
      1981.0     5.272562   339.389705   549.555220  1762.849977     1.295887   125.204625    64.264994    60.939631    60.590351    61.417853     0.065076   286.208702   280.025640     7.220975     2.924476     0.409637
      1982.0     4.584290   340.425252   549.599154  1764.072969     1.394314   123.221946    62.893906    60.328040    59.311915    60.703694     0.063424   286.275370   280.086054     7.164564     2.146278     0.168787
      1983.0     4.245275   341.815853   548.721613  1764.931515     1.507343   119.270084    61.589668    57.680416    59.198919    59.721411     0.065648   286.277354   280.097923     7.193040     2.745797    -0.336054
      1984.0     5.971015   343.453001   548.521330  1765.911260     1.538617   122.510142    63.026528    59.483614    59.478452    60.580944     0.068920   286.367676   280.349505     7.263281     2.645867     0.122747
      1985.0     3.668997   344.971792   547.864907  1766.552060     1.705821   118.807815    60.735827    58.071988    59.442634    59.039893     0.072184   286.636167   280.787051     7.356449     2.352356    -1.043541
      1986.0     4.167531   346.523480   547.437740  1765.452638     1.625968   123.485263    63.309353    60.175911    61.363872    60.665632     0.076258   286.590752   280.624593     7.487873     3.070888     0.401183
      1987.0     6.796814   348.443361   547.391627  1765.730826     1.789783   124.888780    64.198415    60.690365    60.557646    61.398324     0.080649   286.564774   280.546405     7.648060     2.846203     0.562489
      1988.0     7.082196   350.563763   547.632772  1766.405751     1.818449   123.534814    63.445539    60.089274    59.997772    60.696655     0.085285   286.708951   280.835635     7.835129     2.507740     0.023958
      1989.0     6.577551   352.289659   547.702098  1767.069682     1.682841   126.675615    64.991732    61.683883    60.941233    62.020317     0.089050   286.645218   280.672249     8.021926     2.902088     0.415154
      1990.0     3.148497   353.601352   547.300552  1767.710761     1.559951   122.474974    62.239360    60.235615    60.739392    60.399092     0.077498   286.793696   280.952278     7.886688     2.241814    -0.981380
      1991.0     4.584247   354.755246   546.975077  1767.371168     1.617579   126.473902    64.879565    61.594337    61.598858    61.825739     0.064391   286.630402   280.717733     7.648083     3.379301     0.566474
      1992.0     6.711650   355.685586   547.398920  1769.001802     1.883467   128.421745    65.972856    62.448889    60.308761    62.682669     0.061662   286.262512   279.971878     7.565160     2.866344     0.743275
      1993.0     4.296502   356.583060   547.570895  1770.468567     1.895783   123.662457    63.291158    60.371298    60.069988    60.682652     0.062362   286.458664   280.339910     7.550779     2.436531    -0.854101
      1994.0     4.198866   357.914492   547.522649  1770.380945     1.694912   124.822712    64.073875    60.748837    61.606364    61.229372     0.064574   286.582342   280.403023     7.580785     2.892749    -0.289370
      1995.0     5.216838   359.676562   547.684331  1769.905076     1.714386   127.239051    65.226932    62.012119    62.621598    62.113845     0.066900   286.753255   280.859746     7.630713     2.951404    -0.031884
      1996.0     7.052344   361.366310   548.035993  1770.275875     1.701046   128.786636    66.425447    62.361188    61.772259    62.855853     0.071372   286.684270   280.786924     7.745789     3.217933     0.712795
      1997.0     6.663477   363.098795   548.764065  1771.446365     1.763173   128.660971    65.592715    63.068256    61.608099    62.392874     0.077039   286.656601   280.562935     7.915462     2.471769    -0.385716
      1998.0     5.580506   365.225796   548.873360  1771.470502     1.661532   126.579218    63.962506    62.616712    61.799720    61.430932     0.081306   287.004789   280.957031     8.083694     2.422279    -0.392925
      1999.0     4.656172   367.168660   548.274990  1770.569923     1.789314   125.462923    63.764691    61.698232    62.184021    61.211613     0.085092   287.079150   281.221090     8.259695     3.151449    -0.071830
      2000.0     6.159813   368.671020   548.248135  1770.939626     2.035055   125.600651    64.241947    61.358704    60.500607    61.656607     0.083959   287.054927   281.058751     8.334981     2.612194     0.786297
      2001.0     5.498812   370.304894   547.906565  1771.784583     2.040821   125.505748    63.695332    61.810416    60.978799    61.164358     0.070469   287.177900   281.236107     8.118657     2.872544    -0.659398
      2002.0     6.667554   372.415444   547.968758  1771.553158     1.970113   127.143934    64.987322    62.156612    61.991458    61.876252     0.057644   287.220629   281.389013     7.840261     3.048877     0.116219
      2003.0     7.358224   374.634463   548.462209  1771.792546     2.064432   129.974505    66.212070    63.762435    62.787147    62.893271     0.055740   287.263451   281.511765     7.724430     2.825348    -0.133265
      2004.0     7.745074   376.544469   549.445240  1772.138951     1.835362   134.082847    68.185446    65.897402    63.436831    64.023109     0.057711   287.299174   281.545931     7.689805     3.179306     0.239873
      2005.0     8.891433   378.421607   550.777706  1773.077099     1.996255   138.886909    70.284350    68.602559    64.359833    65.736936     0.056828   287.084195   281.124148     7.612072     3.214948     0.438955
      2006.0     7.636000   380.348049   551.763775  1774.171186     1.957969   134.001587    67.914121    66.087466    63.396508    64.355690     0.050147   287.282583   281.441704     7.414645     2.572361    -0.134905
      2007.0     6.748549   382.202170   552.309832  1774.732507     2.218940   130.642540    66.292356    64.350184    62.845191    63.050227     0.048642   287.387449   281.545415     7.307810     2.696073    -0.356285
      2008.0     6.294461   384.049718   552.918095  1774.533831     2.174089   133.444405    67.681526    65.762878    64.514026    63.996250     0.050373   287.552523   281.874062     7.293017     3.077013    -0.319101
      2009.0     6.877233   385.959729   553.109098  1774.733525     2.170351   130.687002    66.389721    64.297281    62.749683    63.324506     0.102803   287.505809   281.706235     8.385036     2.874212     0.375129
      2010.0     9.277418   388.116299   553.633526  1775.727273     2.240958   135.898027    68.744333    67.153694    63.183856    64.724834     0.162809   287.542239   281.768748     9.931816     3.495071     0.547230
      2011.0     7.776026   390.355050   554.261112  1776.794830     2.277070   132.260167    66.618075    65.642092    62.925294    63.530187     0.110191   287.705350   282.200307     9.328805     2.460303    -0.462664
      2012.0     7.484576   392.623403   553.901931  1777.467753     2.360242   130.425813    66.027500    64.398313    62.604392    63.247839     0.146866   287.569644   281.778674    10.338556     3.138841    -0.029475
      2013.0     7.790409   394.947618   553.583611  1778.082492     2.331005   132.133472    67.145469    64.988003    63.338442    63.904336     0.250114   287.619156   281.967303    12.993259     3.559453    -0.048845
      2014.0     8.056866   396.989114   553.803245  1778.552031     2.328433   136.239912    69.341893    66.898018    64.577406    65.301976     0.253801   287.678406   282.101796    13.987234     3.820284     0.255032
      2015.0    10.003104   400.177939   554.572399  1779.107334     2.437148   135.137450    68.415746    66.721703    64.405142    64.549123     0.163606   287.771736   282.157565    12.850630     3.097470    -0.411323
      2016.0     8.444511   402.416701   555.291630  1779.060906     2.379848   138.338113    70.219221    68.118892    65.633451    65.912434     0.092129   287.744169   282.109884    11.553370     3.587556     0.325411
      2017.0    11.473111   405.220907   556.607050  1780.483949     2.473870   141.472098    71.199629    70.272476    64.848140    66.745952     0.069216   287.719304   282.077677    10.912569     3.138249     0.474768
      2018.0    11.001906   407.975790   557.892112  1782.073244     2.663388   141.158869    70.351113    70.807756    64.699299    66.079482     0.061035   287.820989   282.233111    10.495284     2.986569    -0.209112
      2019.0     8.821764   410.756970   558.102937  1783.039723     2.666140   133.428440    67.156420    66.272020    63.767024    64.089645     0.060694   287.821833   282.093119    10.242914     2.855949    -0.643859
      2020.0     8.007069   413.515140   558.136128  1783.065907     2.590059   135.221012    67.951064    67.269949    65.083170    64.662114     0.062007   287.967573   282.472972    10.057422     3.255759    -0.447240
      2021.0     9.920535   416.247011   558.971052  1782.755853     2.518091   143.677357    72.380767    71.296591    67.342124    67.368295     0.065476   287.970278   282.429840     9.951195     4.177548     0.336225
      2022.0    11.071161   418.939432   560.480890  1783.479868     2.535797   147.779486    74.054008    73.725478    67.716909    69.004313     0.065361   287.930908   282.421987     9.808726     3.539858     0.563388
      2023.0     8.969396   421.575964   561.634966  1784.014491     2.788705   141.447091    70.660764    70.786327    66.724053    66.712979     0.072135   288.204391   282.782382     9.835319     2.793708    -0.545697
      2024.0     7.919068   424.153328   562.284124  1783.288474     2.595742   142.243263    71.351552    70.891711    68.009022    66.996524     0.075986   288.307887   283.070119     9.853766     3.705870    -0.286481
      2025.0    10.139888   426.678083   563.366699  1783.588786     2.742625   144.387192    72.717392    71.669800    67.120270    68.067029     0.075179   288.188215   282.742327     9.801550     3.567788     0.646447
      2026.0     9.386251   429.153532   564.340192  1784.045685     2.763048   142.543595    71.641689    70.901906    66.836664    67.084153     0.068580   288.396187   283.012945     9.627586     3.584044    -0.209410
      2027.0     7.890621   431.582957   564.977564  1784.018931     2.757248   140.966754    70.633890    70.332931    67.257433    66.753508     0.072578   288.421183   282.930618     9.657317     3.242943    -0.477171
      2028.0     7.054385   433.966357   565.526436  1783.086532     2.756104   140.330918    69.754065    70.576853    67.150723    65.941814     0.072392   288.654078   283.470617     9.625110     3.263379    -0.276509
      2029.0     8.388195   436.303728   566.060550  1782.553352     2.682950   143.029030    71.573144    71.455887    67.336935    67.522337     0.072261   288.587832   283.358431     9.600206     3.516693     0.718582
      2030.0    10.420681   438.598371   567.299055  1783.254371     2.615654   148.192938    74.151887    74.041075    67.677383    69.199746     0.078012   288.469673   283.145971     9.707983     3.713612     0.821344
      2031.0     8.439430   440.850272   568.043192  1784.706059     2.560662   145.005097    72.223247    72.781913    67.549406    68.054035     0.089298   288.670225   283.434329     9.973814     3.425012    -0.947058
      2032.0     8.354707   443.049574   568.518602  1785.278084     2.630424   141.583037    70.894023    70.689014    66.321274    67.171213     0.094759   288.673592   283.384789    10.172823     3.247399     0.277915
      2033.0     8.658797   445.186416   569.024396  1785.703800     2.652124   146.031179    73.240177    72.791002    68.174155    68.768460     0.102562   288.664419   283.364525    10.447791     3.965923     0.168589
      2034.0     8.628133   447.257506   569.636088  1786.756168     2.600404   143.309278    71.579753    71.729524    66.406653    67.746666     0.098217   288.804802   283.728251    10.490236     3.221396     0.287645
      2035.0     8.253042   449.269420   569.901162  1787.982157     2.591789   143.921032    71.755061    72.165972    66.845643    67.718802     0.093920   288.722804   283.432607    10.497310     3.771184    -0.352830
      2036.0     7.734626   451.222170   570.533328  1788.944218     2.498306   148.131848    73.496593    74.635299    68.708218    69.232522     0.108846   288.843648   283.549553    10.897233     3.631861    -0.437757
      2037.0     6.711547   453.112449   570.996194  1788.794096     2.407859   148.217709    73.596073    74.621668    69.545049    69.348025     0.117735   288.803085   283.512728    11.241861     3.785150    -0.046901
      2038.0     6.758993   454.946844   570.921726  1788.983869     2.502319   143.959421    71.638228    72.321193    67.640174    68.061350     0.135874   288.785177   283.516200    11.827223     3.651346     0.231404
      2039.0     8.101309   456.725356   571.478042  1789.538579     2.404523   148.217290    74.258472    73.958818    68.690227    69.657125     0.145774   288.778994   283.538025    12.315569     4.045032     0.412187
      2040.0     8.006222   458.447977   572.227239  1790.812965     2.477934   147.861001    73.927376    73.933626    68.324842    69.351701     0.145483   288.768384   283.555555    12.608477     3.826477    -0.247527
      2041.0     8.098309   460.114713   573.141743  1792.155064     2.357880   149.400828    74.703753    74.697115    68.578636    70.079971     0.161035   288.816828   283.525108    13.221368     3.709239     0.159236
      2042.0     5.481696   461.718988   573.264110  1792.695828     2.470185   144.709750    72.077644    72.632137    68.688713    68.438944     0.171498   289.023643   283.949249    13.784739     3.516301    -0.790532
      2043.0     5.156775   463.257511   573.084449  1791.986129     2.495772   144.001767    71.083565    72.918203    67.974849    67.425652     0.185716   289.185303   284.156560    14.458885     3.837574     0.160502
      2044.0     5.949021   464.730287   573.311763  1791.664364     2.283746   152.379698    75.655273    76.724424    71.027063    70.957446     0.200529   289.082163   283.937904    15.191224     4.470513     0.252148
      2045.0     6.820523   466.140602   573.840755  1792.468720     2.234246   152.095673    75.895182    76.200492    70.090060    71.088905     0.223499   289.014539   283.872294    16.147242     4.277284     0.194489
      2046.0     6.739941   467.485168   574.497650  1793.497712     2.216942   152.706490    75.641921    77.064568    69.872267    70.774854     0.252346   289.081429   283.956637    17.323353     4.210172    -0.126405
      2047.0     5.860710   468.763981   574.757193  1794.046483     2.287364   150.334542    74.837640    75.496958    69.759149    70.486294     0.290644   289.144549   284.080523    18.818140     4.091747     0.178374
      2048.0     5.270707   469.983622   574.445590  1794.982227     2.428309   146.498784    72.500970    73.997826    68.176416    68.935151     0.301824   289.249822   284.104212    19.862768     3.877410    -0.177009
      2049.0     3.482517   471.140809   573.890398  1794.538783     2.363196   147.838325    72.905306    74.933052    70.059372    68.982974     0.310332   289.355906   284.349007    20.836855     4.477491    -0.632954
      2050.0     5.811681   472.235524   573.861564  1794.524623     2.270049   150.789909    75.177564    75.612345    69.675260    70.884281     0.318793   289.290637   284.158574    21.785749     4.322117     1.223181
      2051.0     3.913040   473.274362   573.405028  1795.417293     2.008912   149.298580    73.987455    75.311125    69.809273    69.956277     0.346589   289.303609   284.250399    23.141613     4.487714    -0.745667
      2052.0     4.643605   474.273743   573.044267  1795.895064     2.012931   151.359522    75.290442    76.069080    70.328714    71.027603     0.354687   289.243894   284.180880    24.149858     4.623599     0.221119
      2053.0     5.143679   475.243539   572.665393  1797.335925     2.166820   148.424406    73.831826    74.592580    68.433843    69.822895     0.369170   289.392985   284.407405    25.271675     4.387806    -0.051809
      2054.0     2.019858   476.187040   571.674615  1796.935508     2.108568   146.564524    72.499469    74.065055    70.130143    69.120451     0.380705   289.506060   284.564133    26.342901     4.369796    -0.609276
      2055.0     3.433367   477.107524   570.775082  1796.323755     2.031812   150.093074    74.778592    75.314505    70.724717    70.538691     0.414064   289.379211   284.340004    27.892281     5.139412     0.425727
      2056.0     5.547008   477.998423   570.742842  1797.113369     1.981034   152.684146    76.537697    76.146449    70.196914    71.436322     0.425324   289.323441   284.186618    29.066196     5.133615     0.449794
      2057.0     4.325811   478.863015   570.750766  1797.887079     1.971057   153.260412    76.277962    76.982450    70.866362    71.682431     0.439453   289.361590   284.405174    30.287069     4.587606     0.042361
      2058.0     4.656218   479.701318   570.456276  1798.911820     2.085638   152.175385    75.949629    76.225756    70.327859    71.342928     0.477931   289.281064   284.199277    32.053467     4.901191    -0.009672
      2059.0     2.195516   480.510034   569.775697  1798.871935     1.968874   149.726711    74.287281    75.439430    70.976137    70.125402     0.497082   289.620374   284.763667    33.531055     4.842458    -0.810851
      2060.0     0.912193   481.289160   568.694181  1797.662342     1.934047   151.401311    74.905294    76.496017    72.547744    70.759128     0.531037   289.573944   284.676542    35.354992     5.227681    -0.579024
      2061.0     5.996062   482.038692   568.585230  1798.120148     1.773513   159.477964    79.474559    80.003404    71.528662    73.606818     0.566646   289.451551   284.482287    37.312763     5.976693     1.620350
      2062.0     3.756860   482.761935   568.566238  1799.571377     1.732478   155.772993    77.480929    78.292065    71.696284    72.643621     0.586487   289.477687   284.439415    39.022572     4.856299    -0.503892
      2063.0     4.319422   483.462158   567.688779  1800.739519     1.734200   151.869813    76.193147    75.676666    69.753407    71.548702     0.622487   289.567774   284.590818    41.093498     5.521904     0.627153
      2064.0     1.016022   484.139375   566.368434  1801.370711     1.706848   148.212684    73.327920    74.884764    70.155167    69.720905     0.658321   289.620496   284.619166    43.259933     4.927360    -1.065455
      2065.0     0.925678   484.787001   564.526324  1800.867696     1.652594   148.103974    73.531589    74.572385    70.194629    69.807996     0.690621   289.726593   284.806221    45.430729     5.565704     0.116381
      2066.0     0.511155   485.408329   562.694048  1800.224749     1.692475   149.605695    74.087774    75.517921    71.076075    70.114264     0.703591   289.860578   285.087537    47.224136     5.805786    -0.318864
      2067.0     1.500365   486.006642   560.605469  1800.136791     1.776849   147.331731    73.736427    73.595304    69.613643    69.990235     0.722684   289.693021   284.829559    49.102577     5.834770     0.464550
      2068.0     3.803923   486.578658   559.188065  1801.291254     1.887936   151.435328    75.974607    75.460721    69.532353    71.308588     0.762015   289.742386   284.752625    51.423275     6.083423     0.621772
      2069.0     1.593102   487.124372   557.542321  1802.170123     1.579077   151.854372    75.511912    76.342460    70.722290    71.059359     0.788018   289.811946   284.883934    53.556767     6.098297    -0.541799
      2070.0     2.548161   487.640502   556.447437  1803.021824     1.768250   155.713264    77.559540    78.153724    71.799953    72.292072     0.841677   289.833669   284.902400    56.323135     6.362352    -0.359581
      2071.0     0.485910   488.123761   554.550270  1802.805264     1.783603   149.249218    74.344217    74.905001    70.687732    70.352411     0.901196   289.949702   285.000992    59.386539     5.888973    -0.118760
      2072.0    -0.865057   488.564275   552.126286  1801.748411     1.537036   150.340966    75.047129    75.293838    72.036184    70.827276     0.930129   289.946449   285.207896    61.967461     6.643837    -0.152056
      2073.0     2.400317   488.945619   550.272421  1801.956135     1.694983   155.941619    78.437445    77.504174    71.992763    73.146218     0.945716   289.702822   284.708684    64.260170     7.145092     0.945731
      2074.0     2.624563   489.261214   549.001024  1803.498442     1.517401   153.095601    76.601161    76.494439    69.776192    71.695235     0.976072   289.809230   284.901192    66.812515     6.177323     0.376736
      2075.0    -0.959717   489.514345   546.888750  1803.993907     1.268129   152.040639    75.698535    76.342104    71.955991    71.060126     0.974202   289.878644   285.042343    68.674301     6.750683    -1.391330
      2076.0     1.826132   489.708305   545.371880  1804.295785     1.397876   156.327802    78.430253    77.897549    71.838500    73.025368     0.948433   289.780500   284.867704    69.856461     6.921755     0.884990
      2077.0     1.058748   489.843085   544.286791  1804.879520     1.524174   155.301727    77.875008    77.426719    72.072036    72.261655     0.926177   289.899462   285.003820    70.851982     6.698441    -0.394116
      2078.0    -1.667890   489.918696   542.833280  1804.197325     1.426973   152.136606    76.187484    75.949122    72.722154    71.328812     0.918811   290.141093   285.528727    71.960060     6.312183    -0.711146
      2079.0     1.322599   489.931846   541.188677  1803.679301     1.490178   157.547295    79.437066    78.110229    72.771536    73.470278     0.925413   289.969668   285.030360    73.266487     7.611391     1.216766
      2080.0     0.948286   489.885823   540.026536  1804.595773     1.451530   154.626974    77.883302    76.743672    71.461566    72.441265     0.919773   290.039978   285.198906    74.282776     6.604178     0.063227
      2081.0    -1.107354   489.780621   538.435541  1805.312652     1.433948   150.235739    75.492661    74.743079    71.003498    70.778749     0.889076   290.143697   285.358083    74.657310     6.304906    -0.941628
      2082.0    -2.998502   489.599806   535.784187  1804.159778     1.417379   147.041503    73.794367    73.247136    71.148637    69.634888     0.878289   290.178810   285.362010    75.260574     6.810832    -0.360874
      2083.0     0.495335   489.333522   533.997680  1803.767090     1.289417   154.120130    78.064610    76.055520    71.390287    72.266116     0.885244   290.005615   285.104884    76.175270     7.585003     1.268516
      2084.0    -0.186179   488.981764   532.743650  1804.635512     1.204220   153.967583    77.904999    76.062583    71.413991    72.128523     0.900440   290.048559   285.139519    77.296562     7.030506    -0.153890
      2085.0    -2.766208   488.544534   530.877626  1804.624070     1.184269   151.058453    76.389389    74.669064    72.240429    71.350497     0.890764   290.094475   285.277234    77.932091     6.904916    -0.878490
      2086.0    -0.547331   488.025115   529.640066  1804.302966     1.068427   156.937184    80.126470    76.810714    73.374265    73.662408     0.791929   290.025538   285.162145    76.519348     7.701622     0.609248
      2087.0    -1.237803   487.423510   528.365993  1805.060088     1.131024   151.541718    76.812496    74.729222    70.780341    71.660438     0.746306   290.021406   285.182823    75.725258     6.426131     0.122975
      2088.0    -1.983650   486.736429   526.549778  1805.259636     1.149721   151.206561    76.579864    74.626696    71.345047    71.173947     0.730596   290.141396   285.306183    75.386444     7.222132    -0.370648
      2089.0    -2.842025   485.967159   524.988826  1804.690553     1.025715   153.363521    77.801740    75.561781    72.745680    72.073256     0.726032   290.096375   285.340630    75.271133     7.289437    -0.103341
      2090.0    -1.613588   485.119004   523.370566  1805.425059     0.858028   151.249139    77.413767    73.835372    70.624446    71.905222     0.711819   290.016502   285.174774    74.979881     7.126806     0.546269
      2091.0    -2.265627   484.191939   521.656153  1805.931496     1.014289   151.297470    76.922413    74.375057    71.016262    71.279809     0.632239   290.120730   285.226260    73.225990     7.357018    -0.242890
      2092.0    -4.670339   483.192553   520.094781  1804.893926     0.964750   151.315830    76.356257    74.959572    72.728544    70.843001     0.588283   290.305305   285.624026    71.880730     7.074628    -0.847973
      2093.0    -2.512061   482.124139   518.994011  1803.868223     0.748027   154.471313    78.767400    75.703913    72.461831    72.396679     0.569258   290.099091   285.236888    70.940536     7.471491     0.960551
      2094.0    -3.312482   480.983386   517.990457  1804.012340     0.806639   150.228536    76.597897    73.630639    71.346864    70.716277     0.561895   290.106160   285.227893    70.262215     6.885174    -0.774703
      2095.0    -2.831189   479.773606   517.037891  1803.885560     0.631261   151.613787    77.773368    73.840420    71.371737    71.887514     0.549793   290.103933   285.292613    69.543518     6.838420     0.642556
      2096.0    -3.264441   478.494784   515.481315  1804.156780     0.722476   148.416294    75.928084    72.488210    70.128024    70.439492     0.505906   290.060303   285.131065    68.151550     7.045168     0.040248
      2097.0    -3.854437   477.146929   514.221796  1804.035816     0.660640   150.771864    76.814781    73.957083    71.331768    71.051989     0.478518   290.162473   285.195142    66.969887     7.022311    -0.158815
      2098.0    -4.521022   475.733339   512.739943  1803.531370     0.771065   148.773636    76.058662    72.714974    71.113889    70.516069     0.461946   290.301926   285.594406    65.976738     7.024445    -0.093373
      2099.0    -4.839029   474.250685   511.090550  1802.865505     0.584348   151.804171    77.160441    74.643730    72.072892    71.253884     0.452927   290.266340   285.489616    65.161835     7.555950    -0.153142
      2100.0    -3.773472   472.699006   509.934172  1802.769383     0.479706   153.404442    78.587925    74.816518    72.092943    72.315364     0.422185   290.084844   285.182017    63.912552     7.428939     0.318543