        time     emission          CO2         cveg        csoil        fgco2         fgpp         fnpp           ra          frh     fvegsoil         fluc          tas     tas_land        cprod     fcvegout    fcsoilout
      1850.0     8.829156   286.756545   584.168468  1769.781775     0.408477   119.209270    60.207726    59.001545    56.945153    59.011169 2.229718e-10   286.311111   280.351433 2.674918e-07     1.466245     0.296546
      1851.0     6.915423   289.624119   584.172505  1770.651170     0.682861   115.870906    58.204520    57.666386    57.199820    57.269748 2.207529e-10   286.641993   280.874021 2.648299e-07     0.930734    -0.799468
      1852.0     7.833469   292.520340   584.450269  1770.620490     0.945138   118.642805    59.711758    58.931047    58.081268    58.215514 2.185561e-10   286.619634   280.771845 2.621944e-07     1.218480     0.164926
      1853.0     7.320385   295.445567   584.853890  1770.796203     1.298507   117.040548    58.630260    58.410288    57.921508    57.769434 2.163811e-10   286.719065   280.876678 2.595852e-07     0.457205    -0.327787
      1854.0     9.087861   298.400008   585.148257  1770.731410     1.463720   119.582744    60.553809    59.028935    58.292014    58.743486 2.142278e-10   286.668790   280.906601 2.570019e-07     1.515955     0.516266
      1855.0     9.985099   301.384011   586.205194  1771.506964     1.645957   120.486931    61.103358    59.383572    58.213532    59.012732 2.120959e-10   286.640078   280.800868 2.544443e-07     1.033689     0.023646
      1856.0     9.460554   304.397844   587.554283  1771.670408     1.732449   123.587507    62.254370    61.333137    60.065022    59.793837 2.099852e-10   286.616910   280.751951 2.519122e-07     1.111443    -0.434629
      1857.0     9.744255   307.441824   588.590696  1771.972241     1.708439   120.975621    61.287846    59.687775    58.808780    59.406854 2.078955e-10   286.593328   280.815943 2.494053e-07     0.844580     0.296240
      1858.0    11.402304   310.516254   590.123484  1773.041867     1.949465   121.456612    61.706042    59.750570    57.883349    59.525820 2.058266e-10   286.679507   280.809553 2.469233e-07     0.647433     0.572846
      1859.0     9.138838   313.621412   591.069104  1773.558438     1.914262   119.718067    60.294900    59.423167    58.800011    58.543404 2.037783e-10   286.739710   280.964684 2.444661e-07     0.805877    -0.773178
      1860.0    10.573851   316.757612   592.254034  1774.023323     2.096976   123.352961    62.190454    61.162507    59.480661    59.819433 2.017504e-10   286.781820   281.031194 2.420333e-07     1.186091    -0.126114
      1861.0    11.323018   319.925191   593.986830  1774.077860     2.074914   126.800567    64.299091    62.501477    60.894749    61.276264 1.997427e-10   286.650981   280.713587 2.396247e-07     1.290031     0.326978
      1862.0    12.494059   323.124462   596.063217  1775.029464     2.209741   126.454731    64.147380    62.307351    59.725916    61.184472 1.977549e-10   286.622765   280.776009 2.372400e-07     0.886521     0.506952
      1863.0    11.709315   326.355703   597.976877  1776.253955     2.147716   125.568386    63.408530    62.159856    59.793003    60.637383 1.957870e-10   286.743589   281.003245 2.348791e-07     0.857488    -0.380111
      1864.0    13.738443   329.619253   600.393993  1777.482371     2.419503   129.678514    65.465590    64.212924    60.129716    61.757229 1.938386e-10   286.754318   281.002848 2.325417e-07     1.291244     0.399097
      1865.0    11.658140   332.915461   602.452647  1778.571179     2.422401   126.431798    63.510469    62.921330    60.333542    60.867269 1.919096e-10   286.794299   280.994560 2.302275e-07     0.584546    -0.555081
      1866.0    12.058356   336.244596   604.624194  1778.903334     2.494823   128.897970    64.851351    64.046619    61.375885    61.449288 1.899998e-10   286.838488   281.078300 2.279364e-07     1.230515    -0.258753
      1867.0    13.107155   339.607044   607.193340  1779.698921     2.578320   129.478467    64.955598    64.522869    60.619217    61.633026 1.881090e-10   286.982412   281.321363 2.256681e-07     0.753426     0.218222
      1868.0    12.303294   343.003111   609.707551  1779.810132     2.630284   131.595944    65.501224    66.094720    62.114765    61.939594 1.862370e-10   287.116140   281.529043 2.234224e-07     1.047418    -0.286381
      1869.0    13.008187   346.433138   611.992591  1779.913468     2.849887   130.839600    65.345259    65.494341    61.541362    62.038834 1.843837e-10   287.248800   281.686760 2.211990e-07     1.021385     0.394136
      1870.0    12.208602   349.897472   614.041822  1780.072885     3.061131   128.908974    64.180792    64.728181    61.483176    61.245978 1.825488e-10   287.300191   281.658452 2.189977e-07     0.885584    -0.396615
      1871.0    12.382567   353.396461   616.625077  1779.530176     3.122872   133.658108    66.176441    67.481668    63.449733    62.566448 1.807322e-10   287.466601   281.931366 2.168183e-07     1.026737    -0.340576
      1872.0    13.373364   356.930410   619.292475  1779.165909     3.110282   133.039963    66.192478    66.847485    62.548279    62.584564 1.789336e-10   287.364614   281.904900 2.146606e-07     0.940515     0.400552
      1873.0    14.677531   360.499727   621.932476  1779.593672     3.145987   135.326596    67.676926    67.649670    62.765702    63.762034 1.771529e-10   287.166341   281.429131 2.125245e-07     1.274891     0.568569
      1874.0    15.659380   364.104734   625.078104  1781.330125     3.095156   136.756066    68.378147    68.377918    62.552741    64.437200 1.753900e-10   287.190984   281.627673 2.104095e-07     0.795320     0.148007
      1875.0    14.658702   367.745768   627.851993  1782.486321     3.200142   134.774306    67.238721    67.535585    62.596732    63.541187 1.736446e-10   287.398465   281.823964 2.083156e-07     0.923646    -0.211742
      1876.0    14.109968   371.423240   630.617633  1783.150811     3.248190   136.412109    67.536649    68.875460    63.540274    63.943710 1.719165e-10   287.566338   282.024775 2.062425e-07     0.827299    -0.261053
      1877.0    15.315101   375.137463   633.596232  1783.877410     3.324907   139.790054    69.312000    70.478054    64.277094    65.123450 1.702057e-10   287.492584   281.960358 2.041901e-07     1.209951     0.119757
      1878.0    15.188860   378.888851   636.558300  1784.660246     3.503417   137.898113    68.521264    69.376849    63.866636    64.590279 1.685119e-10   287.514122   282.035189 2.021581e-07     0.968917    -0.059194
      1879.0    16.420607   382.677713   639.979677  1785.739994     3.500951   141.453020    70.127027    71.325993    64.273739    65.742977 1.668350e-10   287.398343   281.870176 2.001463e-07     0.962672     0.389490
      1880.0    17.782197   386.504491   643.484745  1787.635629     3.310890   145.387622    71.881284    73.506338    64.507796    66.938180 1.651747e-10   287.325681   281.780291 1.981546e-07     1.438036     0.534749
      1881.0    16.736449   390.369537   647.246024  1789.822327     3.441810   145.371716    71.565323    73.806394    65.434690    67.000034 1.635309e-10   287.484365   281.961904 1.961826e-07     0.804011    -0.621354
      1882.0    15.514932   394.273258   650.457988  1790.905553     3.484429   141.266405    69.474782    71.791624    64.773101    65.666721 1.619036e-10   287.752172   282.349294 1.942303e-07     0.596096    -0.189607
      1883.0    14.195586   398.215968   652.929244  1791.166540     3.670727   139.417090    68.143765    71.273326    65.063539    64.647017 1.602924e-10   287.888280   282.549744 1.922974e-07     1.025492    -0.677509
      1884.0    14.954863   402.198144   655.596067  1790.895219     3.522720   140.960935    69.122377    71.838558    65.195513    65.525434 1.586972e-10   287.905032   282.639806 1.903837e-07     0.930121     0.601242
      1885.0    15.853857   406.220101   658.364123  1791.737580     3.665617   142.174050    70.071167    72.102882    65.510123    66.326711 1.571179e-10   287.798045   282.542216 1.884891e-07     0.976400    -0.025773
      1886.0    19.247000   410.282316   661.667886  1793.770531     3.710214   147.464202    73.163013    74.301189    65.288610    68.451056 1.555544e-10   287.536718   282.024534 1.866134e-07     1.408192     1.129495
      1887.0    16.596928   414.385137   664.976549  1795.961658     3.697241   146.206482    71.478128    74.728354    66.300354    67.189053 1.540064e-10   287.802490   282.471029 1.847563e-07     0.980412    -1.302428
      1888.0    15.467321   418.529008   668.324157  1795.851018     3.641092   147.421978    72.096941    75.325037    68.082340    67.810161 1.524738e-10   287.827487   282.537615 1.829177e-07     0.939173    -0.161539
      1889.0    18.050190   422.714277   671.816883  1797.001465     3.728967   149.833918    73.450095    76.383823    66.962551    69.009155 1.509564e-10   287.844536   282.591586 1.810974e-07     0.948215     0.896156
      1890.0    17.201703   426.941423   675.300823  1798.475388     3.758282   149.703797    73.051439    76.652358    67.583575    68.549186 1.494542e-10   287.979390   282.628197 1.792952e-07     1.018313    -0.508312
      1891.0    16.628323   431.210825   678.338232  1799.568883     3.762497   147.106191    71.326066    75.780124    66.561018    67.558772 1.479669e-10   288.023031   282.731860 1.775109e-07     0.729886    -0.095740
      1892.0    17.096751   435.522960   681.172955  1800.565136     3.874681   147.348227    71.686182    75.662045    66.648013    67.848071 1.464944e-10   288.013323   282.842842 1.757444e-07     1.003388     0.203804
      1893.0    16.440496   439.878182   683.690354  1801.801952     3.933427   145.786446    70.830224    74.956222    66.622229    67.637648 1.450365e-10   288.030993   282.655396 1.739955e-07     0.675177    -0.221397
      1894.0    16.979671   444.276967   685.928535  1802.956807     3.927514   147.209849    71.729586    75.480264    67.053838    68.158595 1.435932e-10   288.021019   282.746445 1.722640e-07     1.332809    -0.050097
      1895.0    17.870081   448.719726   689.154067  1803.676437     4.083990   152.259322    73.979923    78.279399    68.615129    69.530411 1.421642e-10   288.017672   282.723119 1.705497e-07     1.223981     0.195651
      1896.0    17.536595   453.206912   692.284415  1804.782649     4.092979   151.269119    73.302117    77.967002    68.350142    69.264293 1.407495e-10   288.146932   282.857966 1.688524e-07     0.907475    -0.192060
      1897.0    17.630707   457.739000   695.411096  1805.445505     4.142084   152.770860    74.009455    78.761404    69.085122    69.662398 1.393488e-10   288.195786   282.872831 1.671721e-07     1.220378    -0.085581
      1898.0    18.209897   462.316375   698.723237  1806.411493     3.960159   155.048749    74.604035    80.444714    69.071503    70.289831 1.379620e-10   288.235667   283.011459 1.655085e-07     1.002062     0.252340
      1899.0    18.967483   466.939551   701.766506  1807.997141     4.074857   154.920313    74.842563    80.077750    68.712104    70.704553 1.365891e-10   288.251523   283.101461 1.638614e-07     1.094740     0.406800
      1900.0    18.770714   471.608940   704.785790  1809.841371     4.300298   153.099390    73.744857    79.354532    68.182890    69.883026 1.352298e-10   288.301501   283.103689 1.622307e-07     0.842548    -0.144094
      1901.0    16.112750   476.325020   707.162993  1810.615829     4.039519   151.619788    72.083065    79.536723    69.002767    68.995478 1.338841e-10   288.438059   283.218221 1.606163e-07     0.710385    -0.781748
      1902.0    18.337872   481.088280   709.891354  1810.907574     4.100791   156.697447    75.091922    81.605525    69.916720    70.833180 1.325517e-10   288.378970   283.277974 1.590179e-07     1.530381     0.624715
      1903.0    20.121525   485.899165   713.357477  1812.525468     4.273054   160.938565    77.251105    83.687460    70.569194    72.442949 1.312326e-10   288.358198   283.271034 1.574354e-07     1.342033     0.255861
      1904.0    19.195314   490.758152   717.152075  1813.789251     4.318582   161.127483    77.199653    83.927830    71.604783    72.375174 1.299267e-10   288.522275   283.392194 1.558687e-07     1.029881    -0.493392
      1905.0    17.348710   495.665729   720.329870  1814.172208     4.201364   157.161397    74.906064    82.255332    71.133743    71.201478 1.286337e-10   288.638117   283.615321 1.543176e-07     0.526791    -0.315222
      1906.0    20.570715   500.622407   723.370941  1815.383735     4.353521   160.619430    77.081803    83.537627    70.318128    72.469015 1.273536e-10   288.606756   283.565742 1.527819e-07     1.571716     0.939359
      1907.0    18.535729   505.628639   726.485732  1817.204097     4.348316   159.814375    75.220255    84.594121    70.653530    71.494900 1.260862e-10   288.749878   283.674947 1.512615e-07     0.610564    -0.978991
      1908.0    17.287706   510.684903   728.763340  1816.696027     4.129996   159.597823    75.478637    84.119187    72.076289    71.684758 1.248315e-10   288.822746   283.886167 1.497562e-07     1.516271     0.116539
      1909.0    21.177544   515.791751   732.307219  1818.434437     4.151162   165.275972    78.560613    86.715360    71.373648    74.009697 1.235892e-10   288.615700   283.497907 1.482659e-07     1.007036     0.897639
      1910.0    18.944704   520.949661   735.254931  1820.675683     4.149607   162.542411    76.662168    85.880243    71.826896    73.049876 1.223593e-10   288.595060   283.324763 1.467904e-07     0.664579    -1.018266
      1911.0    17.936868   526.159155   738.173183  1820.610565     4.204514   162.376106    76.713551    85.662556    73.032718    72.667314 1.211417e-10   288.814679   283.840800 1.453296e-07     1.127985    -0.300285
      1912.0    19.448688   531.420778   741.361491  1820.721731     4.343190   164.921199    78.262161    86.659038    73.296820    73.873190 1.199361e-10   288.919731   283.909256 1.438833e-07     1.200662     0.465204
      1913.0    19.195605   536.734983   744.796218  1821.117192     4.447042   165.084240    78.172230    86.912010    73.689172    73.731758 1.187426e-10   289.029213   284.141027 1.424515e-07     1.005745    -0.352876
      1914.0    19.840465   542.102317   748.072092  1821.275491     4.312504   169.018675    79.819870    89.198805    74.669925    75.322037 1.175609e-10   289.030184   284.008492 1.410339e-07     1.221958     0.493814
      1915.0    22.471088   547.523332   751.874973  1822.818715     4.415771   172.354933    81.446367    90.908566    73.817065    76.481844 1.163910e-10   288.930196   283.879397 1.396304e-07     1.161643     1.121554
      1916.0    20.267744   552.998575   755.174542  1824.881216     4.395828   169.432908    79.530833    89.902075    74.213784    75.316642 1.152327e-10   288.928975   283.907214 1.382408e-07     0.914621    -0.959643
      1917.0    21.577953   558.528567   758.674918  1826.363148     4.369252   169.914655    79.930826    89.983829    73.437012    75.250892 1.140860e-10   288.959590   283.954969 1.368651e-07     1.179558     0.331949
      1918.0    18.677938   564.113857   761.517583  1827.594126     4.443025   165.932505    77.487719    88.444787    74.116861    74.314237 1.129506e-10   289.136073   284.255437 1.355031e-07     0.330817    -1.033602
      1919.0    20.343023   569.754992   763.918128  1828.386838     4.574170   165.702320    77.815852    87.886468    73.004103    74.423573 1.118266e-10   289.239334   284.432927 1.341546e-07     0.991733     0.626758
      1920.0    18.879044   575.452531   765.992161  1828.697485     4.486791   165.087055    77.075293    88.011762    73.782148    73.808968 1.107138e-10   289.406207   284.574287 1.328196e-07     1.192291    -0.283827
      1921.0    18.778729   581.207083   768.458994  1829.088562     4.475102   168.096734    78.115300    89.981435    74.949036    74.787195 1.096120e-10   289.397410   284.533844 1.314978e-07     0.861272    -0.552918
      1922.0    21.620701   587.019134   771.215820  1829.282920     4.502770   177.137677    83.361369    93.776307    77.492906    78.477210 1.085212e-10   289.370529   284.572205 1.301892e-07     2.127333     0.789946
      1923.0    22.561008   592.889345   775.023102  1830.795688     4.666233   175.491126    82.516708    92.974418    75.994634    77.990276 1.074412e-10   289.395638   284.438146 1.288936e-07     0.719151     0.482874
      1924.0    17.849692   598.818191   777.780191  1831.040490     4.382351   172.673921    79.815575    92.858345    77.855512    76.385857 1.063720e-10   289.655912   285.007060 1.276110e-07     0.672630    -1.714458
      1925.0    21.906584   604.806418   780.765053  1830.898756     4.285330   178.558095    83.477064    95.081031    77.466821    78.710673 1.053134e-10   289.526395   284.713921 1.263410e-07     1.781529     1.385586
      1926.0    22.268672   610.854461   784.097053  1832.463377     4.505814   178.782625    83.558776    95.223849    77.556460    79.248548 1.042654e-10   289.614522   284.801392 1.250837e-07     0.978228     0.127467
      1927.0    19.747809   616.962998   786.891265  1833.473757     4.497617   172.085778    79.582604    92.503174    76.237186    76.270203 1.032278e-10   289.770714   284.953153 1.238390e-07     0.518189    -0.977363
      1928.0    19.443579   623.132642   789.338714  1832.485300     4.483869   179.654679    82.483326    97.171353    79.502889    78.146090 1.022005e-10   289.792775   285.178741 1.226066e-07     1.889787    -0.368341
      1929.0    24.618828   629.363956   793.238108  1833.637995     4.499027   186.223516    86.752269    99.471247    78.708486    81.445923 1.011835e-10   289.586431   284.855062 1.213864e-07     1.406952     1.584741
      1930.0    23.344336   635.657615   796.780377  1836.329429     4.649728   180.989407    83.747874    97.241533    77.321684    79.793411 1.001766e-10   289.707306   284.972237 1.201785e-07     0.412195    -0.219708
      1931.0    19.827756   642.014176   799.191118  1836.866390     4.556170   176.970758    81.573148    95.397610    78.719901    78.172897 9.917964e-11   289.859792   285.240578 1.189825e-07     0.989510    -1.083964
      1932.0    20.445220   648.434328   801.501670  1836.267130     4.405439   180.819601    82.807382    98.012218    79.348482    79.133846 9.819265e-11   289.907923   285.379598 1.177985e-07     1.362984     0.384624
      1933.0    23.701146   654.918695   804.726346  1837.655657     4.548434   186.149074    85.677671   100.471404    79.206758    81.279430 9.721548e-11   289.827057   285.116702 1.166262e-07     1.173565     0.684144
      1934.0    21.280446   661.467822   807.610115  1838.934942     4.605555   181.624722    82.513145    99.111576    78.716849    79.151994 9.624804e-11   290.029528   285.418320 1.154656e-07     0.477383    -0.844140
      1935.0    17.523004   668.082530   809.103511  1837.175258     4.549108   180.017784    80.912419    99.105365    80.907188    78.443738 9.529022e-11   290.274920   285.809069 1.143165e-07     0.975285    -0.703766
      1936.0    21.508347   674.763375   810.903656  1836.572129     4.686386   180.848451    83.482931    97.365520    79.763074    80.271051 9.434194e-11   290.045413   285.386500 1.131789e-07     1.411735     1.111106
      1937.0    21.646144   681.510982   812.871478  1837.586826     4.611610   178.080372    82.136229    95.944143    78.366222    79.335275 9.340309e-11   290.072467   285.425471 1.120526e-07     0.833131    -0.045644
      1938.0    22.384965   688.326096   815.274909  1838.424266     4.580405   183.897839    84.318288    99.579551    79.903123    80.319862 9.247359e-11   290.229683   285.560539 1.109375e-07     1.594995    -0.420701
      1939.0    21.350739   695.209348   817.899654  1837.661574     4.549111   188.466345    85.563412   102.902932    82.254540    81.590673 9.155333e-11   290.395378   285.919665 1.098335e-07     1.347994     0.098825
      1940.0    23.315554   702.161484   820.848345  1837.934327     4.481604   190.662139    87.340268   103.321871    82.167490    83.123770 9.064223e-11   290.212865   285.617205 1.087405e-07     1.267807     0.683528
      1941.0    26.140064   709.183066   824.523030  1840.283886     4.671648   196.020815    90.202181   105.818634    82.531337    85.113294 8.974020e-11   290.095088   285.421628 1.076583e-07     1.414202     0.232398
      1942.0    22.913011   716.274909   827.454217  1842.587253     4.460609   185.365514    84.348541   101.016973    79.858470    81.407847 8.884715e-11   290.358548   285.763367 1.065870e-07     0.009508    -0.753990
      1943.0    21.298217   723.437642   830.052107  1841.694336     4.603199   194.856542    87.800022   107.056520    85.179380    83.177220 8.796298e-11   290.626017   286.227862 1.055263e-07     2.024911    -1.109242
      1944.0    22.066699   730.672012   833.317065  1840.346040     4.661931   192.827789    86.953644   105.874145    83.802855    83.089553 8.708762e-11   290.721003   286.414612 1.044761e-07     0.599133     0.634994
      1945.0    21.348801   737.978719   835.388358  1840.320394     4.603212   186.646108    84.274149   102.371959    81.972562    81.619444 8.622096e-11   290.700546   286.243217 1.034364e-07     0.583412    -0.327471
      1946.0    23.241552   745.358507   837.472290  1839.816272     4.747590   192.401031    87.179401   105.221630    83.298533    83.332076 8.536293e-11   290.732829   286.373693 1.024071e-07     1.763394     0.537664
      1947.0    22.458124   752.812141   840.136193  1839.526473     4.710858   192.833556    86.541756   106.291800    83.549535    82.832670 8.451344e-11   290.883171   286.634265 1.013880e-07     1.045183    -0.427066
      1948.0    24.639055   760.340244   843.156863  1839.080020     4.523123   200.195989    90.056758   110.139232    84.739329    85.477115 8.367240e-11   290.813723   286.425791 1.003790e-07     1.558972     1.184239
      1949.0    24.604323   767.943636   845.679497  1840.885652     4.605946   192.816015    87.353000   105.463015    82.392459    84.259805 8.283973e-11   290.747093   286.441076 9.938006e-08     0.570562     0.061714
      1950.0    25.359644   775.623070   848.110387  1842.882755     4.566804   196.234900    88.662713   107.572187    83.079991    85.098173 8.201535e-11   290.711131   286.382512 9.839108e-08     1.133650     0.021079
      1951.0    24.166840   783.379314   850.285447  1844.115948     4.749203   193.227263    87.227126   106.000137    83.188455    83.898355 8.119917e-11   290.858513   286.495728 9.741193e-08     1.153711    -0.523292
      1952.0    23.179350   791.213113   852.059894  1844.525659     4.721653   193.395130    86.770058   106.625072    83.824377    83.993617 8.039111e-11   290.916232   286.513830 9.644253e-08     1.001993    -0.240471
      1953.0    22.185180   799.125236   853.982418  1843.777730     4.667359   196.214376    87.932549   108.281827    86.042426    84.527630 7.959109e-11   291.012538   286.845983 9.548278e-08     1.482396    -0.766869
      1954.0    26.242458   807.116497   856.932115  1843.783200     4.636179   203.070651    92.049446   111.021205    86.275076    87.479559 7.879904e-11   290.891569   286.496315 9.453258e-08     1.620189     1.199014
      1955.0    23.402618   815.187665   859.227887  1844.323415     4.541659   196.303076    88.579510   107.723566    85.728074    85.452088 7.801487e-11   290.970078   286.634811 9.359184e-08     0.831651    -0.816201
      1956.0    27.063085   823.339553   861.910911  1845.324433     4.740791   202.253097    91.783034   110.470062    85.618794    87.689879 7.723850e-11   290.979535   286.614876 9.266045e-08     1.410131     1.070067
      1957.0    25.068852   831.572931   864.618200  1846.486546     4.693969   200.940974    89.936598   111.004376    85.930942    86.344153 7.646986e-11   291.141650   286.740067 9.173834e-08     0.885156    -0.748902
      1958.0    23.092277   839.888682   866.510373  1845.752789     4.504828   200.597166    89.086250   111.510916    86.999841    86.134669 7.570886e-11   291.254298   287.152468 9.082541e-08     1.059407    -0.131414
      1959.0    28.262403   848.287511   869.378757  1846.757118     4.608250   209.174665    94.118337   115.056329    87.165009    89.573567 7.495545e-11   291.153580   286.867711 8.992155e-08     1.676386     1.404230
      1960.0    24.270235   856.770422   871.999056  1848.139348     4.763762   201.423685    89.426894   111.996791    86.840031    86.387035 7.420952e-11   291.476224   287.360001 8.902670e-08     0.419560    -1.835227
      1961.0    22.501476   865.338132   873.331866  1846.647149     4.736425   198.248794    88.060467   110.188326    87.381102    85.510653 7.347102e-11   291.600235   287.457128 8.814074e-08     1.217004    -0.378250
      1962.0    24.268625   873.991517   875.627638  1845.194007     4.701341   206.097735    91.473858   114.623877    89.169064    87.924540 7.273987e-11   291.627436   287.505585 8.726361e-08     1.253546     0.208617
      1963.0    24.369355   882.731416   877.620223  1843.878204     4.680519   204.815328    90.620398   114.194930    88.312451    87.295749 7.201600e-11   291.648135   287.535151 8.639520e-08     1.332064     0.299102
      1964.0    24.246260   891.558718   879.390102  1842.627373     4.614567   206.040828    91.023247   115.017581    88.941695    88.061308 7.129933e-11   291.672068   287.489380 8.553542e-08     1.192059     0.370444
      1965.0    26.751134   900.474316   881.284133  1843.120522     4.697848   204.854643    91.577673   113.276971    87.290218    88.284752 7.058979e-11   291.687848   287.493139 8.468422e-08     1.398891     0.501384
      1966.0    25.491044   909.479037   883.826496  1843.466905     4.763380   207.902914    91.691662   116.211252    88.957355    88.258192 6.988731e-11   291.881426   287.908201 8.384148e-08     0.891106    -1.045545
      1967.0    25.755596   918.573839   885.782954  1842.904029     4.695710   207.011902    91.591108   115.420795    88.704583    88.440888 6.919183e-11   291.881927   287.969449 8.300712e-08     1.193761     0.299181
      1968.0    26.791808   927.759559   887.925405  1842.903693     4.591143   208.871380    93.122888   115.748492    89.277571    89.504664 6.850326e-11   291.839020   287.742180 8.218109e-08     1.475774     0.227428
      1969.0    27.077308   937.037155   890.159056  1843.437902     4.578337   207.290401    92.501449   114.788952    88.604834    89.233982 6.782155e-11   291.852493   287.850024 8.136325e-08     1.033816     0.094939
      1970.0    28.032060   946.407578   892.691476  1844.378858     4.743581   211.031145    94.306290   116.724855    89.799820    90.527795 6.714662e-11   291.883972   287.773137 8.055356e-08     1.246075    -0.212981
      1971.0    26.082580   955.871615   894.973519  1844.003227     4.735515   210.372851    92.876423   117.496428    90.522212    89.625566 6.647841e-11   292.064908   288.011381 7.975193e-08     0.968815    -0.521016
      1972.0    26.730934   965.430338   896.989167  1843.273273     4.670515   210.000705    92.252879   117.747826    89.370844    89.291406 6.581685e-11   292.148041   288.217471 7.895827e-08     0.945825     0.650516
      1973.0    26.388680   975.084658   898.378824  1842.915191     4.827560   207.521962    91.443186   116.078776    89.258565    88.909881 6.516187e-11   292.101697   288.151543 7.817252e-08     1.143649     0.009398
      1974.0    25.468445   984.835529   899.699336  1842.253084     4.672210   208.136540    91.562016   116.574524    90.281926    89.018721 6.451341e-11   292.174566   288.292887 7.739458e-08     1.222783    -0.601098
      1975.0    31.446658   994.683855   902.282015  1842.630023     4.592928   221.314074    99.261179   122.052894    92.085452    94.047515 6.387140e-11   292.072978   288.130005 7.662439e-08     2.630985     1.585124
      1976.0    31.239995  1004.630664   905.955510  1845.668623     4.700961   216.284716    95.872724   120.411993    89.328637    92.229293 6.323578e-11   292.160955   288.247185 7.586186e-08    -0.030064    -0.137944
      1977.0    26.007744  1014.676982   907.788644  1846.046715     4.777533   212.176399    92.384142   119.792257    91.402884    89.840897 6.260648e-11   292.409691   288.633626 7.510691e-08     0.710111    -1.940078
      1978.0    26.206414  1024.823783   909.240656  1843.008014     4.608976   219.700739    96.247058   123.453682    95.008013    92.355507 6.198345e-11   292.403025   288.616987 7.435948e-08     2.439538     0.386195
      1979.0    32.161942  1035.072021   912.707623  1843.853060     4.703306   225.351779    99.601998   125.749781    92.700751    94.971442 6.136662e-11   292.302050   288.388585 7.361950e-08     1.163589     1.425645
      1980.0    29.981681  1045.422739   915.645890  1845.246766     4.756940   221.054727    97.003487   124.051240    92.581472    93.308083 6.075593e-11   292.485860   288.657397 7.288687e-08     0.757138    -0.667095
      1981.0    25.363072  1055.876964   917.411250  1843.997132     4.803146   215.649899    93.099494   122.550405    93.575507    90.812485 6.015132e-11   292.694046   288.931590 7.216153e-08     0.521648    -1.513388
      1982.0    25.279843  1066.435727   918.151394  1840.911131     4.673054   213.584248    92.486543   121.097705    93.134399    90.720450 5.955272e-11   292.737635   289.084961 7.144341e-08     1.025950     0.672052
      1983.0    26.117950  1077.100061   918.848772  1839.296312     4.712530   212.871078    92.179239   120.691839    92.276727    90.188198 5.896008e-11   292.781100   289.122800 7.073244e-08     1.293663    -0.473711
      1984.0    29.392365  1087.871061   920.317696  1837.640916     4.703672   223.518163    97.783793   125.734370    94.774099    93.898316 5.837333e-11   292.746732   288.989830 7.002854e-08     2.416554     0.779614
      1985.0    29.463177  1098.749772   922.974139  1836.831661     4.488844   228.132618    99.362186   128.770432    96.241058    95.390566 5.779243e-11   292.774831   289.029861 6.933165e-08     1.315177    -0.041237
      1986.0    32.217196  1109.737289   925.861581  1837.310527     4.600597   227.338960    99.945028   127.393932    94.410466    96.048260 5.721730e-11   292.765943   289.040947 6.864170e-08     1.009325     1.158928
      1987.0    30.408585  1120.834643   928.304707  1838.178368     4.717312   225.338367    98.163020   127.175347    94.846084    94.762673 5.664790e-11   292.921427   289.224269 6.795860e-08     0.957221    -0.951252
      1988.0    28.923636  1132.042999   930.257547  1837.211262     4.661035   225.823569    97.901645   127.921924    96.264381    94.475657 5.608417e-11   293.063700   289.616236 6.728231e-08     1.473148    -0.821617
      1989.0    30.305547  1143.363465   932.663624  1836.092009     4.824287   228.541694    98.959569   129.582125    96.392902    95.422726 5.552605e-11   293.107175   289.580182 6.661275e-08     1.130766     0.149076
      1990.0    30.389517  1154.797083   934.637749  1835.107053     4.564590   223.518363    97.507532   126.010831    94.802748    94.387334 5.497348e-11   293.078715   289.492592 6.594984e-08     1.146073     0.569544
      1991.0    32.966353  1166.345070   937.129417  1836.288370     4.737390   227.492325    99.372939   128.119385    94.516190    95.877548 5.442640e-11   293.072904   289.365964 6.529354e-08     1.003724     0.180041
      1992.0    27.455115  1178.008539   938.171830  1834.949201     4.793455   218.825622    94.166749   124.658873    95.185563    92.433527 5.388478e-11   293.290141   289.788981 6.464378e-08     0.690809    -1.412867
      1993.0    27.717182  1189.788601   938.843042  1832.012316     4.745602   222.827472    95.581314   127.246158    96.475467    93.561263 5.334854e-11   293.345024   289.908976 6.400047e-08     1.348840     0.022681
      1994.0    31.424158  1201.686472   940.380293  1830.026263     4.572348   229.426903   100.124746   129.302158    97.363634    96.551870 5.281764e-11   293.298719   289.718559 6.336357e-08     2.035624     1.174289
      1995.0    33.842867  1213.703278   943.123871  1830.373350     4.603954   232.264063   101.739752   130.524311    96.807582    97.813224 5.229202e-11   293.281026   289.649450 6.273299e-08     1.182949     0.658555
      1996.0    31.292293  1225.840371   945.498837  1830.247342     4.748140   230.995924    99.293971   131.701953    97.375256    96.182696 5.177164e-11   293.481099   289.996099 6.210870e-08     0.736309    -1.066552
      1997.0    27.558455  1238.098737   946.422904  1827.555270     4.601133   227.655465    96.491393   131.164072    98.419647    94.521412 5.125643e-11   293.695089   290.308131 6.149063e-08     1.045914    -1.206163
      1998.0    31.383474  1250.479731   948.026638  1825.018264     4.509245   232.564457    99.430183   133.134274    97.691015    96.397141 5.074635e-11   293.656558   290.271787 6.087870e-08     1.429308     1.243132
      1999.0    32.829972  1262.984602   950.047152  1824.149573     4.647124   234.553063   100.483326   134.069737    97.685205    96.885479 5.024135e-11   293.625654   290.149366 6.027287e-08     1.577334     0.068964