        time     emission          CO2         cveg        csoil        fgco2         fgpp         fnpp           ra          frh     fvegsoil         fluc          tas     tas_land        cprod     fcvegout    fcsoilout
      1850.0     0.286125   283.923842   585.884313  1769.991523    -0.274830   119.540024    60.192270    59.347754    58.942195    59.169199     0.000512   286.381795   280.511363     0.007605     1.568621    -0.156177
      1851.0     0.111915   284.055342   585.762913  1770.511606    -0.259209   117.730677    59.294198    58.436478    58.229087    58.532416     0.000987   286.242803   280.287402     0.015131     0.883182    -0.216753
      1852.0     1.684411   284.196702   586.065663  1771.168590    -0.141538   120.264442    60.347229    59.917213    57.899742    58.892592     0.001275   286.363174   280.457003     0.020584     1.151886     0.335865
      1853.0    -0.336194   284.328199   586.152586  1771.552207    -0.042632   116.359876    58.263939    58.095937    57.949496    57.678198     0.001412   286.509171   280.536914     0.023821     0.498818    -0.654915
      1854.0    -1.770676   284.443257   585.762784  1770.140360    -0.032051   116.333066    58.050531    58.282535    59.102414    57.597042     0.001437   286.596547   280.821442     0.025503     0.843291    -0.093525
      1855.0     2.092038   284.545169   585.759334  1770.662914     0.162589   119.140157    60.021401    59.118756    57.367489    58.973314     0.001312   286.418971   280.413147     0.025349     1.051538     1.083270
      1856.0     0.080736   284.660230   585.497257  1771.381325    -0.002712   116.771338    58.483541    58.287797    57.699611    57.843094     0.001171   286.484912   280.641113     0.024773     0.902524    -0.574929
      1857.0    -0.552509   284.804879   585.240973  1771.056765     0.008220   114.898851    57.860403    57.038448    57.796873    57.075990     0.001122   286.523232   280.660378     0.025206     1.040696    -0.396322
      1858.0     0.092356   284.969246   585.180296  1770.499426     0.016477   118.062838    59.608090    58.454748    58.893835    58.407723     0.001172   286.554784   280.779480     0.026799     1.261045     0.071227
      1859.0     0.585442   285.146776   585.470687  1770.463780     0.133677   117.362271    59.018711    58.343560    57.964636    58.288401     0.001260   286.560966   280.718959     0.028732     0.439919     0.359411
      1860.0    -2.062139   285.337447   584.839126  1769.620367     0.050543   115.218755    57.165342    58.053413    58.713738    56.833814     0.001223   286.730153   281.114588     0.028902     0.963090    -1.036512
      1861.0     1.116858   285.524831   584.615748  1769.065645    -0.023549   119.713240    60.077032    59.636208    58.348728    59.013237     0.001161   286.442182   280.565445     0.028777     1.287173     1.219231
      1862.0     1.536589   285.699073   584.730264  1769.860706     0.095853   120.246670    60.357451    59.889219    58.293527    59.134988     0.001069   286.378515   280.511737     0.028180     1.107947     0.046400
      1863.0     0.175931   285.870008   584.739105  1770.405775     0.040096   116.702509    58.810392    57.892117    58.038916    57.941222     0.001045   286.438301   280.561643     0.028274     0.860329    -0.642764
      1864.0     1.645048   286.040957   585.117309  1770.506103     0.003711   119.637633    60.487549    59.150084    58.194933    58.926225     0.001084   286.513807   280.711711     0.029074     1.183121     0.630965
      1865.0    -0.531857   286.211908   585.109815  1770.382164     0.216351   115.961640    58.047519    57.914121    58.129462    57.411334     0.001176   286.668976   280.795609     0.030452     0.643679    -0.594189
      1866.0    -2.449324   286.382858   584.365108  1769.053845     0.340024   112.426009    55.881611    56.544398    58.011033    55.956302     0.001179   286.817245   281.178800     0.030689     0.670017    -0.726412
      1867.0    -0.064604   286.547227   583.526191  1767.694465     0.405527   115.171951    57.931481    57.240470    57.771127    57.215020     0.001158   286.675858   280.893013     0.030580     1.555378     0.803272
      1868.0     1.638813   286.695163   583.731074  1767.675787     0.216112   121.117736    61.242278    59.875458    59.095516    59.537610     0.001141   286.519831   280.591446     0.030523     1.499785     0.460772
      1869.0     1.440953   286.826658   584.359146  1768.518920     0.301998   118.402511    59.715789    58.686722    57.801346    58.577753     0.001131   286.622042   280.686895     0.030537     0.509964    -0.066726
      1870.0    -0.024743   286.954871   583.959183  1768.421802     0.300631   116.830285    58.939222    57.891064    58.444933    58.128286     0.001597   286.623365   280.791974     0.037703     1.210899    -0.219529
      1871.0     1.226237   287.096232   583.806773  1769.066976     0.202197   118.748181    59.967979    58.780202    58.167474    59.116951     0.002550   286.461423   280.529978     0.055940     1.003438     0.304303
      1872.0     0.148966   287.263893   583.435370  1769.246537     0.329558   115.615296    58.308385    57.306911    57.780320    57.693121     0.004250   286.523544   280.663475     0.096137     0.986667    -0.266760
      1873.0    -1.378631   287.454564   582.761994  1768.871465     0.261922   113.741016    57.082017    56.658998    58.084267    56.805841     0.006483   286.638229   280.762667     0.157428     0.949553    -0.903355
      1874.0     0.949765   287.661673   582.638855  1768.254265     0.171799   117.259535    59.231947    58.027588    57.867180    58.222239     0.009031   286.441671   280.531075     0.238296     1.132848     0.972259
      1875.0     0.070091   287.885222   582.183175  1768.070476     0.331419   114.608511    57.820604    56.787907    57.509381    57.034714     0.011598   286.477595   280.542267     0.331253     1.241570    -0.290878
      1876.0     0.457375   288.115342   582.039148  1767.915589     0.168992   115.761075    58.578924    57.182150    57.683508    57.657298     0.014782   286.428093   280.522344     0.446174     1.065653     0.128678
      1877.0     0.403829   288.348752   581.871533  1768.123492    -0.012222   115.548069    58.691599    56.856470    57.681664    57.965982     0.017680   286.374995   280.506808     0.569273     0.893233     0.076415
      1878.0     0.026866   288.585447   581.546066  1768.131825    -0.328748   114.848018    58.189018    56.659000    57.233886    57.465795     0.022122   286.365087   280.617035     0.738210     1.048690     0.223576
      1879.0     0.811996   288.822145   581.173220  1768.738992    -0.067873   117.102784    59.016924    58.085859    57.524532    58.032815     0.026363   286.338531   280.353048     0.920627     1.356955    -0.098884
      1880.0     0.083798   289.068709   581.097119  1768.878042     0.090906   117.643517    59.348157    58.295360    58.782375    58.210459     0.021244   286.348549   280.303838     0.910754     1.213799    -0.710966
      1881.0     0.727987   289.334985   581.154027  1768.576421    -0.161542   117.210277    59.414592    57.795684    57.962102    58.107785     0.013039   286.305555   280.305148     0.794197     1.249899     0.447303
      1882.0     2.605750   289.604559   581.794531  1769.199449     0.106371   120.711735    60.950008    59.761727    57.889979    59.139054     0.010747   286.335200   280.362307     0.756653     1.170450     0.626048
      1883.0     0.002522   289.857691   581.543504  1769.533259     0.227265   114.465983    57.692812    56.773171    57.392272    57.206548     0.010354   286.521955   280.592306     0.748227     0.737290    -0.519534
      1884.0    -0.097148   290.114114   581.042101  1769.541782     0.532737   110.133483    55.705374    54.428109    55.762672    55.457065     0.010706   286.465541   280.485886     0.754142     0.749712    -0.314129
      1885.0    -0.233309   290.393543   580.319114  1768.779336     0.327848   113.554436    57.702837    55.851599    57.733507    56.773604     0.011153   286.386609   280.455561     0.763328     1.652219    -0.197457
      1886.0     2.519261   290.692702   580.978146  1768.725145     0.191052   120.552104    61.144344    59.407760    58.332209    58.949723     0.011355   286.301786   280.330943     0.771464     1.535590     0.671704
      1887.0     0.880761   291.011588   581.463499  1769.195388     0.075925   118.657844    59.402247    59.255598    58.108415    58.208529     0.011832   286.365323   280.462769     0.788638     0.708364    -0.370129
      1888.0     0.686537   291.353484   581.776473  1768.734641     0.219126   119.106319    59.747278    59.359041    58.847545    58.274303     0.012460   286.549314   280.750674     0.811209     1.160001    -0.112495
      1889.0    -2.155729   291.701947   581.207843  1767.370665     0.368733   112.571209    56.406411    56.164797    58.507984    56.172576     0.013406   286.684418   280.855448     0.842981     0.802466    -0.971432
      1890.0     0.768811   292.050421   580.896396  1765.557808     0.440895   117.999236    59.542768    58.456468    58.747734    58.151340     0.015254   286.571027   280.711271     0.897514     1.702874     1.216463
      1891.0     0.802915   292.405467   580.879384  1765.444204     0.333472   116.245664    58.894260    57.351404    57.982462    57.844569     0.017516   286.478734   280.598345     0.970487     1.066703    -0.024289
      1892.0     1.153552   292.747360   580.651779  1765.416555     0.303070   117.542383    59.614815    57.927567    58.269489    58.527924     0.021579   286.376320   280.299121     1.093478     1.314497     0.286084
      1893.0     1.264687   293.066241   580.931360  1765.646907     0.262393   118.888964    60.363516    58.525448    58.737306    58.684359     0.025170   286.545415   280.835904     1.225650     1.399577    -0.283299
      1894.0     0.964818   293.371974   581.120579  1765.734215     0.196183   117.393948    59.325016    58.068932    57.985183    58.020218     0.028175   286.616806   280.779971     1.360645     1.115579    -0.052274
      1895.0     1.374538   293.664554   581.384456  1765.784636     0.185566   119.476893    60.303195    59.173699    58.456197    58.886809     0.030953   286.467537   280.499977     1.501544     1.152508     0.380191
      1896.0     1.280284   293.947282   581.494062  1765.978368     0.358423   119.454058    60.046592    59.407466    58.468589    58.570702     0.033702   286.615280   280.673152     1.650602     1.366284    -0.091619
      1897.0    -0.477897   294.236575   581.186099  1765.649803     0.462379   115.034362    57.607204    57.427158    57.907981    56.994410     0.037300   286.689405   280.751239     1.825408     0.920756    -0.585006
      1898.0    -0.890452   294.548881   580.564649  1764.280984     0.247526   116.494497    58.484843    58.009654    58.991916    57.425843     0.041399   286.652924   280.766403     2.022126     1.680451    -0.197253
      1899.0     2.112642   294.894069   580.603113  1764.441329     0.399909   118.923400    60.031393    58.892007    57.750991    58.674746     0.045081   286.516975   280.554626     2.220851     1.318183     0.763409
      1900.0     0.969314   295.249112   580.541563  1764.435826     0.467600   118.411206    59.889329    58.521877    58.845194    58.620305     0.034867   286.488815   280.635740     2.121064     1.330574    -0.219386
      1901.0     1.389973   295.587719   580.720526  1764.274240     0.313829   119.225353    60.665752    58.559601    58.966890    58.933700     0.021801   286.478399   280.634183     1.888460     1.553090     0.128397
      1902.0     2.367140   295.913173   581.231985  1764.761070     0.307606   121.929497    61.600298    60.329199    58.870997    60.126684     0.017607   286.376607   280.449094     1.776663     0.962155     0.768857
      1903.0     1.039865   296.232056   580.612442  1766.128245     0.650091   113.814206    57.347041    56.467165    56.358664    57.010371     0.017865   286.318194   280.140948     1.744608     0.956214    -0.715468
      1904.0    -1.797728   296.547651   579.266338  1765.461720     0.479521   111.325305    55.759833    55.565472    57.393317    55.884159     0.019153   286.419258   280.337685     1.740660     1.221778    -0.842633
      1905.0     1.728501   296.882972   578.745255  1765.251188     0.389371   117.767124    59.880033    57.887091    57.834699    58.549069     0.020419   286.295329   280.313148     1.745465     1.852048     0.924901
      1906.0     2.052819   297.261030   578.644127  1765.607972     0.440987   119.087663    60.386435    58.701228    58.220835    58.780363     0.022888   286.327184   280.267014     1.787622     1.707199     0.202743
      1907.0     0.364424   297.675259   578.435313  1765.829353     0.428167   115.581052    58.440913    57.140140    58.029686    57.593565     0.027390   286.362027   280.340703     1.889995     1.056162    -0.657502
      1908.0     1.594078   298.099333   578.350862  1765.674343     0.447778   117.222956    59.544368    57.678588    57.864013    58.221836     0.033392   286.533185   280.716990     2.049897     1.406983     0.512833
      1909.0     0.609691   298.523409   577.941089  1765.605489     0.361563   116.977071    59.296747    57.680324    58.522394    58.158671     0.039623   286.375827   280.388479     2.244804     1.547848    -0.294869
      1910.0     1.997540   298.960645   578.103521  1765.854139     0.520407   119.639286    60.514249    59.125037    58.503931    58.834054     0.031971   286.381388   280.368479     2.163314     1.517764     0.081474
      1911.0     0.435628   299.427462   578.084305  1765.408693     0.456344   116.953304    58.693537    58.259767    58.350663    57.568005     0.019255   286.525047   280.504990     1.921336     1.144748    -0.337212
      1912.0     0.777102   299.940303   577.677195  1764.874461     0.601252   113.754399    57.583027    56.171373    57.130097    56.974750     0.014119   286.547190   280.552658     1.775257     1.015387     0.378884
      1913.0     1.307527   300.476156   576.968251  1764.671110     0.605722   115.965293    58.505952    57.459341    57.569403    57.376361     0.011725   286.515714   280.485278     1.668290     1.838534     0.010309
      1914.0     1.291307   300.998870   576.696740  1764.605847     0.526801   116.620201    59.036980    57.583221    57.973466    57.849754     0.010561   286.497943   280.545738     1.583082     1.458737    -0.058448
      1915.0     1.110495   301.521569   576.287812  1764.766584     0.501108   113.872721    57.967666    55.905055    57.024582    57.104288     0.009765   286.399742   280.437693     1.508324     1.272306    -0.081031
      1916.0     2.220371   302.054130   576.313968  1765.153254     0.751892   115.877352    58.946685    56.930667    57.181785    57.539434     0.009109   286.506704   280.588854     1.441067     1.381095    -0.029021
      1917.0    -0.811968   302.563687   575.770006  1764.092520     0.664445   114.485608    57.544436    56.941172    58.641274    56.798210     0.009021   286.729502   281.055517     1.388734     1.290188    -0.782330
      1918.0     1.666754   303.007490   575.569552  1763.281118     0.444818   119.932151    60.534360    59.397791    58.765986    58.791147     0.009382   286.496714   280.609131     1.352900     1.943667     0.836563
      1919.0     3.189447   303.405274   576.227207  1763.974833     0.398789   124.499565    62.364630    62.134935    58.868685    60.093883     0.009319   286.446238   280.551356     1.316185     1.613091     0.531483
      1920.0     1.897088   303.799766   576.325158  1765.089299     0.407995   118.870754    59.526014    59.344740    57.412481    58.359408     0.009755   286.548167   280.539696     1.292572     1.068656    -0.167539
      1921.0    -0.611100   304.171249   575.783567  1764.930039     0.652530   112.876269    56.835232    56.041037    57.492156    56.361502     0.010786   286.793404   280.938891     1.288329     1.015321    -0.971393
      1922.0    -1.619921   304.513139   574.882888  1762.614324     0.558444   117.326338    58.971363    58.354975    60.325120    57.622414     0.012439   286.915863   281.203336     1.304785     2.249629    -0.386991
      1923.0     2.327289   304.851737   575.392692  1761.731742     0.510570   124.169722    62.456058    61.713665    59.783481    60.322841     0.014571   286.674126   280.792280     1.340769     1.623413     1.421942
      1924.0     1.787293   305.157479   575.419602  1762.281498     0.656205   118.714194    60.393532    58.320662    58.322633    58.824273     0.016717   286.621727   280.677185     1.390142     1.542348    -0.048116
      1925.0     0.802751   305.374451   575.554860  1762.537988     0.658269   119.795180    60.503774    59.291406    59.262428    58.871282     0.018928   286.638807   280.751302     1.454111     1.497234    -0.647636
      1926.0    -0.490308   305.545396   575.485067  1761.508538     0.537505   119.406137    60.035620    59.370517    59.777825    58.562214     0.021430   286.744494   280.835612     1.534363     1.543199    -0.186160
      1927.0     0.510953   305.729494   575.585893  1760.613954     0.469146   122.345495    61.565382    60.780113    60.241133    59.595952     0.024074   286.709081   281.073481     1.628315     1.868604     0.249403
      1928.0     1.769227   305.903728   575.753670  1760.797329     0.550148   122.575403    61.721277    60.854127    59.215533    59.922055     0.026746   286.513992   280.598279     1.735757     1.631444     0.523147
      1929.0     0.618088   306.054951   575.530203  1761.128478     0.666202   117.768788    59.197410    58.571378    57.938746    58.207849     0.030597   286.598465   280.547488     1.878912     1.213028    -0.062045
      1930.0    -2.209149   306.209465   574.799942  1760.039760     0.540547   117.361785    58.622279    58.739507    59.970601    57.576550     0.028768   286.852107   281.145167     1.911512     1.775990    -1.305333
      1931.0     1.519324   306.409997   574.690929  1759.199188     0.439347   123.185248    62.351623    60.833625    59.960530    60.247068     0.025142   286.603625   280.778750     1.890271     2.213568     1.127110
      1932.0     3.228091   306.672993   575.091955  1760.210048     0.580993   123.353966    62.581170    60.772796    58.736988    60.448993     0.025337   286.552350   280.581670     1.928065     1.731152     0.701144
      1933.0     0.956730   306.988587   575.117931  1761.085763     0.511149   119.376968    59.986568    59.390400    58.471862    58.509945     0.026477   286.748039   280.892972     1.985852     1.450647    -0.837632
      1934.0     0.572649   307.366651   574.907556  1760.714047     0.554578   121.053986    60.766139    60.287847    59.796958    59.053328     0.027510   286.756912   280.890254     2.044369     1.923186    -0.371914
      1935.0     1.920958   307.879495   574.682316  1760.435702     0.610821   119.377416    60.523281    58.854135    58.526020    59.095378     0.030144   286.661303   280.698919     2.140363     1.653143     0.847703
      1936.0     0.969643   308.569865   573.975509  1760.674744     0.586909   116.437336    58.904246    57.533090    58.301305    58.101191     0.034727   286.631157   280.668373     2.289804     1.509862    -0.439156
      1937.0     2.436331   309.273368   573.325331  1760.923628     0.531528   119.128331    60.539233    58.589097    58.384636    59.173313     0.039950   286.481428   280.523384     2.473554     2.016099     0.539793
      1938.0     2.258809   309.865112   573.141558  1761.739884     0.718344   119.860970    60.897849    58.963120    58.814110    59.334272     0.045360   286.476969   280.541852     2.683401     1.747349    -0.296094
      1939.0    -0.342746   310.400965   572.544720  1761.330778     0.727263   115.464899    58.282481    57.182418    58.739262    57.337835     0.051013   286.727928   281.096909     2.918328     1.541485    -0.992320
      1940.0     1.877398   310.903944   572.143543  1760.628148     0.661018   119.835017    61.089913    58.745104    59.037568    59.273650     0.049654   286.625086   280.783468     3.017559     2.217440     0.938712
      1941.0     2.198150   311.347749   572.316047  1760.958268     0.754808   122.197242    61.666736    60.530505    59.284306    59.665455     0.047459   286.577372   280.653931     3.077796     1.828778     0.051029
      1942.0     1.321121   311.696215   571.774501  1761.155322     0.735845   117.986784    60.092119    57.894664    58.422456    58.666627     0.047761   286.572548   280.602974     3.171611     1.967039     0.047117
      1943.0     0.457730   311.903322   571.559266  1761.527977     0.742068   117.869214    59.710099    58.159116    58.538661    58.479981     0.049338   286.661301   280.698311     3.287142     1.445352    -0.431335
      1944.0    -0.389015   311.962494   571.146921  1760.873878     0.808474   121.066071    60.979003    60.087069    60.445989    59.264602     0.051150   286.687907   280.799792     3.409763     2.126746    -0.527289
      1945.0    -1.972996   311.952632   570.258506  1759.024403     0.701585   117.839333    59.059736    58.779596    59.769129    58.085181     0.053206   286.715912   280.900602     3.540490     1.862971     0.165527
      1946.0     1.022610   311.972358   570.005746  1758.866372     0.695042   121.468963    61.239957    60.229007    59.077197    59.751569     0.056467   286.671206   280.790098     3.700826     1.741147     0.832402
      1947.0     0.095507   312.031532   569.247198  1758.784891     0.628515   117.763305    59.395696    58.367608    58.281654    58.036023     0.060667   286.748365   280.864545     3.892900     2.118222    -0.164150
      1948.0    -0.941651   312.100568   568.693024  1758.415591     0.501907   118.458497    59.633958    58.824539    59.279442    58.355592     0.065268   286.786209   280.877017     4.108071     1.832540    -0.554550
      1949.0     0.758365   312.212345   568.399450  1758.188852     0.458940   121.424152    61.828119    59.596034    59.736782    59.891648     0.069589   286.670431   280.799273     4.330628     2.230044     0.381605
      1950.0     1.119330   312.383292   567.902867  1758.603462     0.583175   119.584263    60.965265    58.618998    58.714514    59.568254     0.073702   286.623235   280.707026     4.557797     1.893594     0.439131
      1951.0     0.532805   312.606840   567.255949  1758.934275     0.551214   120.228973    60.983718    59.245255    59.456100    59.497749     0.077849   286.634282   280.668732     4.792901     2.132888    -0.289164
      1952.0     1.074611   312.915862   566.804345  1759.251488     0.379957   120.608211    61.055530    59.552681    58.944038    59.401993     0.081564   286.664136   280.663686     5.025076     2.105140     0.140743
      1953.0     1.197685   313.284056   566.421294  1759.847213     0.354277   120.023780    60.395843    59.627937    58.264198    59.094348     0.088017   286.575546   280.597516     5.321369     1.684547     0.234424
      1954.0    -0.009579   313.642386   565.550400  1759.758853     0.415425   118.670566    60.055053    58.615513    59.242487    58.576288     0.099578   286.640269   280.810394     5.755604     2.349659    -0.577838
      1955.0     0.638883   313.964559   565.021649  1759.723263     0.432725   118.349226    59.988777    58.360449    58.478528    58.559620     0.111270   286.573804   280.595151     6.243505     1.957908     0.116682
      1956.0     1.505313   314.260428   564.485469  1759.959665     0.685572   118.805069    60.589533    58.215535    58.244384    58.893201     0.122914   286.550789   280.349693     6.773880     2.232512     0.412415
      1957.0    -1.271138   314.566161   563.285327  1759.991061     0.512487   115.998556    58.468414    57.530142    58.698020    57.717206     0.134914   286.712084   280.875005     7.349577     1.951349    -1.012210
      1958.0     1.593442   314.931069   562.552630  1759.644790     0.581309   120.799558    61.617427    59.182131    59.074704    59.616065     0.147014   286.623589   280.708422     7.964651     2.734059     0.887631
      1959.0     1.744569   315.453783   562.025484  1760.052130     0.635821   122.178143    61.895240    60.282903    59.572305    60.099621     0.158712   286.582944   280.557025     8.604051     2.322765     0.119977
      1960.0     1.043124   316.144147   561.346446  1760.332668     0.747222   118.857244    59.964369    58.892875    58.883778    58.571246     0.127517   286.606555   280.626132     8.328640     2.072161    -0.593069
      1961.0     0.543263   316.870670   560.113097  1760.019034     0.743287   115.238936    58.534009    56.704926    58.088026    57.660147     0.085250   286.526967   280.547839     7.604972     2.107211    -0.114245
      1962.0     2.321201   317.564318   559.360597  1759.949521     0.689748   119.083566    60.904227    58.179339    58.498343    59.207345     0.071224   286.529500   280.582080     7.256988     2.449382     0.778515
      1963.0     1.697885   318.221805   558.429881  1760.949745     0.955818   114.105819    58.320276    55.785543    56.789231    57.544105     0.068767   286.453529   280.475932     7.101692     1.706887    -0.245350
      1964.0     2.101178   318.833272   557.150061  1761.309180     0.934428   116.447616    59.813328    56.634288    57.606937    58.510020     0.069587   286.366417   280.369326     7.026229     2.583127     0.543649
      1965.0     1.887508   319.510494   556.149270  1762.205676     1.065783   116.964768    59.908275    57.056493    58.323582    58.558811     0.070894   286.323830   280.359144     6.984071     2.350256    -0.661267
      1966.0     1.278509   320.312632   555.007275  1762.241959     1.052668   114.918038    58.500096    56.417941    57.754500    57.609000     0.073059   286.390490   280.408035     6.981778     2.033091    -0.181784
      1967.0     2.487953   321.104905   554.020138  1762.359266     1.105762   117.427714    60.151638    57.276076    58.194362    58.730793     0.077283   286.254862   280.010719     7.048034     2.407983     0.419125
      1968.0     2.203756   321.923482   553.245774  1763.180298     1.147732   115.586323    58.834083    56.752240    57.328449    57.778187     0.084529   286.414937   280.456772     7.217463     1.830259    -0.371294
      1969.0     0.998636   322.965607   551.640983  1762.596373     1.140489   113.707802    57.972781    55.735021    58.060586    56.997654     0.093031   286.363230   280.300659     7.461253     2.579918    -0.479007
      1970.0     2.706876   324.099779   550.767807  1762.197947     1.046541   117.772719    60.170897    57.601822    58.582410    58.656872     0.083086   286.292564   280.210055     7.347014     2.387201     0.472887
      1971.0     3.045547   325.276691   549.975646  1762.075966     1.023867   119.822907    61.455590    58.367317    59.514624    59.422678     0.067217   286.321002   280.272586     7.046722     2.825074     0.030035
      1972.0     5.744498   327.042067   549.918799  1762.698020     1.116880   119.651655    61.615232    58.036423    58.352703    59.266622     0.062190   286.236819   280.196284     6.899915     2.405457     0.291864
      1973.0     6.404125   329.017805   550.004080  1763.521233     1.177501   121.633922    62.097191    59.536732    58.650458    59.767966     0.063308   286.216896   280.091611     6.872128     2.243943     0.294295
      1974.0     3.965035   330.099361   549.824156  1764.488417     1.072098   122.436790    62.548992    59.887798    59.492723    60.146296     0.065992   286.323128   280.337067     6.896708     2.582620    -0.313611
      1975.0     3.860565   330.526726   549.927559  1765.371458     1.049079   124.066497    63.603251    60.463246    59.231967    60.793655     0.069386   286.121867   279.987312     6.961076     2.706193     0.678647
      1976.0     4.156412   331.351896   550.133897  1767.352087     1.210612   122.671689    62.447965    60.223724    58.716950    60.109347     0.073948   286.223821   280.102933     7.076774     2.132281    -0.588232
      1977.0     2.636234   332.844406   549.299432  1767.241279     1.265732   117.573455    60.183235    57.390221    59.465926    58.685179     0.078438   286.449046   280.401555     7.220779     2.332520    -0.669939
      1978.0     4.142997   334.521003   548.448304  1766.903084     1.469484   117.751862    60.518463    57.233399    58.887671    58.787687     0.082272   286.475456   280.368975     7.374551     2.581903     0.238211
      1979.0     4.013889   336.256778   547.571552  1766.566723     1.679660   116.868633    59.838335    57.030297    58.716825    58.214495     0.087384   286.650162   280.569547     7.574478     2.500592    -0.165969
      1980.0     4.253309   338.041859   547.023734  1765.888219     1.636407   119.059929    60.942095    58.117835    59.599133    58.719524     0.081037   286.679634   280.674349     7.542273     2.770389    -0.201104
      1981.0     4.287300   339.389705   546.831221  1765.255584     1.531576   122.994262    63.130931    59.863331    60.681651    60.549617     0.069941   286.595647   280.595016     7.359537     2.773827     0.500601
      1982.0     4.043040   340.425252   546.900323  1765.132115     1.567203   124.761930    64.099087    60.662843    61.201862    61.446898     0.067563   286.573326   280.496857     7.305921     2.583086     0.368506
      1983.0     5.410490   341.815853   546.945365  1766.119666     1.740172   122.819221    62.831624    59.987597    59.496995    60.531091     0.068611   286.579882   280.572350     7.321210     2.255492     0.046544
      1984.0     4.199742   343.453001   546.295840  1766.113268     1.629532   119.873237    61.457257    58.415981    59.784643    59.424719     0.070836   286.544001   280.556086     7.374037     2.682062    -0.353526
      1985.0     5.348690   344.971792   546.039593  1766.419497     1.942606   123.350416    63.227245    60.123171    60.384257    60.495060     0.072958   286.519981   280.478745     7.441214     2.988431    -0.195425
      1986.0     5.459067   346.523480   546.136552  1766.501661     1.689522   123.256703    63.427912    59.828790    60.229058    60.768471     0.076970   286.609624   280.725507     7.564345     2.562483     0.457249
      1987.0     7.464568   348.443361   546.229567  1767.736889     1.538464   126.958496    65.028598    61.929897    60.401412    61.785607     0.082203   286.356160   280.425163     7.738161     3.149976     0.148967
      1988.0     8.755127   350.563763   546.725896  1769.453970     1.733455   128.060991    65.575681    62.485311    60.246474    62.423526     0.087017   286.333466   280.212021     7.928111     2.655826     0.459972
      1989.0     4.681830   352.289659   546.342979  1770.591421     1.797446   121.045141    61.839615    59.205526    59.917443    59.939248     0.091639   286.642972   280.814550     8.135696     2.283285    -1.115645
      1990.0     5.617684   353.601352   546.035038  1770.937322     1.828028   123.840733    63.806833    60.033901    60.082105    60.981355     0.079328   286.587410   280.670451     7.990446     3.133418     0.553349
      1991.0     4.395749   354.755246   546.295175  1771.031453     1.831607   126.918491    64.986871    61.931620    62.002746    61.832850     0.064499   286.690392   280.959834     7.714257     2.893885    -0.264028
      1992.0     5.604565   355.685586   546.079859  1772.572676     2.025334   121.702171    63.104407    58.597764    58.726111    60.883962     0.061811   286.288160   280.160032     7.624292     2.435761     0.616629
      1993.0     4.803342   356.583060   545.693068  1774.173367     1.793675   122.635378    63.239594    59.395784    59.336157    60.661865     0.062034   286.293297   280.165309     7.592601     2.964520    -0.274984
      1994.0     5.389628   357.914492   545.689590  1774.906375     1.658374   125.240051    64.693774    60.546277    61.050094    61.503898     0.064325   286.395139   280.373385     7.616673     3.193354    -0.279204
      1995.0     7.721861   359.676562   546.540916  1775.815253     1.747197   129.908193    66.825548    63.082645    61.760134    62.992406     0.067522   286.461545   280.437823     7.680258     2.981815     0.323395
      1996.0     5.739275   361.366310   547.016570  1776.927571     1.757929   122.917400    62.939662    59.977737    59.887650    60.488207     0.072256   286.584750   280.671717     7.800887     1.975801    -0.511761
      1997.0     5.247491   363.098795   546.657431  1777.159410     1.920676   120.401228    61.637850    58.763378    59.319591    59.500717     0.077010   286.746234   281.003019     7.951895     2.496272    -0.050713
      1998.0     6.540437   365.225796   546.409475  1776.805892     1.979936   127.715257    65.144247    62.571010    62.353030    61.793253     0.080978   286.752904   280.785848     8.110674     3.598950    -0.206259
      1999.0     6.294888   367.168660   546.868578  1776.908378     1.916163   126.312341    64.503486    61.808855    61.435830    61.530768     0.084827   286.775520   280.927076     8.283154     2.513615    -0.007548
      2000.0     6.442918   368.671020   547.156576  1777.108877     1.921895   127.618738    65.431636    62.187103    61.308968    62.280085     0.083466   286.896772   281.180738     8.349145     2.863554     0.770618
      2001.0     5.549306   370.304894   547.334943  1777.764777     2.117903   123.994450    63.324916    60.669534    60.682454    60.916516     0.070592   286.930532   281.163940     8.141681     2.230033    -0.421838
      2002.0     4.831644   372.415444   546.933299  1777.116360     2.120400   123.524586    62.629051    60.895535    61.745153    60.220573     0.058443   287.043391   281.265856     7.877030     2.810122    -0.876164
      2003.0     7.487040   374.634463   547.233220  1776.576883     2.024034   129.032911    65.893349    63.139562    62.308134    62.618167     0.056897   287.075915   281.406517     7.770941     2.975262     0.849510
      2004.0     7.237169   376.544469   547.663203  1776.818273     2.073362   130.925993    66.639982    64.286012    62.719241    62.981437     0.059032   286.979502   281.197688     7.742556     3.228561     0.020806
      2005.0     7.470108   378.421607   548.438570  1777.569177     2.002351   130.916782    66.952932    63.963851    62.648283    63.455759     0.057803   286.912776   281.144305     7.662359     2.721806     0.056572
      2006.0     8.485453   380.348049   549.327626  1778.649887     2.075533   132.708557    68.006748    64.701809    62.766569    64.022528     0.050493   286.880671   280.986926     7.455016     3.095164     0.175249
      2007.0     8.999919   382.202170   550.628959  1779.885741     2.137916   134.407795    68.955778    65.452017    63.087622    64.554300     0.048853   286.953829   281.223793     7.346171     3.100145     0.230823
      2008.0     8.477567   384.049718   551.791170  1781.534337     2.278322   133.537074    68.075155    65.461918    62.822183    64.187126     0.050226   287.057093   281.294261     7.323451     2.725818    -0.283653
      2009.0     6.317471   385.959729   552.254003  1781.610551     2.265473   130.502760    66.279755    64.223005    63.353945    62.975556     0.103043   287.365044   281.989840     8.421390     2.841365    -0.454602
      2010.0     9.042222   388.116299   552.510658  1782.508053     2.281459   133.111384    67.771629    65.339756    62.572184    64.281908     0.161720   287.167521   281.319252     9.940530     3.233066     0.812221
      2011.0     8.614872   390.355050   553.090411  1783.528567     2.280751   133.623196    68.031888    65.591308    63.353798    64.458115     0.109722   287.235987   281.426165     9.344163     2.994019     0.083803
      2012.0     7.817647   392.623403   553.495548  1784.487843     2.368057   132.884979    67.779894    65.105085    63.992007    64.207828     0.146071   287.378784   281.706072    10.341068     3.166929    -0.743455
      2013.0     7.364244   394.947618   553.571283  1784.334376     2.428071   133.137369    67.787173    65.350196    64.500201    64.310902     0.247552   287.437879   281.674505    12.952977     3.400537    -0.035833
      2014.0     6.425849   396.989114   553.327708  1784.298563     2.393431   130.410274    66.193355    64.216919    63.293703    63.084577     0.251563   287.489143   281.767454    13.939813     3.352352    -0.173312
      2015.0    10.059278   400.177939   553.859675  1784.561316     2.473980   133.648380    68.028977    65.619402    63.995381    64.305476     0.162463   287.574720   282.094073    12.815603     3.191535     0.047342
      2016.0     9.020315   402.420005   554.656503  1784.835590     2.502919   135.686517    68.976813    66.709704    64.025394    64.872029     0.087932   287.472481   281.861170    11.444335     3.307956     0.572361
      2017.0     9.350770   405.234051   555.366604  1785.531420     2.592765   134.804024    68.474431    66.329593    64.570473    64.872142     0.059238   287.645574   282.118736    10.654244     2.892187    -0.394160
      2018.0     8.962161   408.011953   555.846726  1785.628951     2.600003   133.966079    67.948850    66.017229    64.379795    64.304097     0.046926   287.690348   282.140035    10.093966     3.164632    -0.173230
      2019.0    10.271819   410.835873   556.768192  1785.726281     2.668610   137.746775    70.030080    67.716695    65.326940    65.729679     0.040673   287.641286   281.985456     9.639356     3.378935     0.305409
      2020.0    10.238052   413.649919   557.716357  1786.415456     2.779913   137.038938    69.934885    67.104055    65.247425    65.949895     0.036663   287.579964   281.919680     9.240533     3.036824     0.013295
      2021.0    10.913174   416.444257   558.678533  1787.362798     2.690382   137.510895    70.200724    67.310175    64.678245    66.187368     0.032419   287.573186   281.842089     8.857796     3.051176     0.561781
      2022.0    10.647823   419.199138   559.520050  1788.709114     2.848212   137.533475    69.644734    67.888741    64.577945    65.442368     0.029229   287.735425   282.207860     8.512997     3.360849    -0.481893
      2023.0     9.251669   421.888270   560.573248  1789.032109     2.757918   137.987418    69.436119    68.551299    65.470171    65.397535     0.026800   287.910441   282.501999     8.201459     2.985386    -0.395630
      2024.0    10.187993   424.505079   561.635084  1789.313082     2.796628   140.727351    71.460592    69.266764    66.400891    66.948618     0.024741   287.911794   282.322639     7.916315     3.450132     0.266754
      2025.0    10.193744   427.056142   562.740663  1789.935461     2.687656   140.893363    71.645540    69.247823    66.318976    67.203443     0.022981   287.863307   282.372208     7.654692     3.336517     0.262088
      2026.0    12.411547   429.544741   564.391217  1791.776101     2.825278   143.270513    72.737909    70.532622    65.210550    67.843323     0.021683   287.858691   282.360133     7.416965     3.244015     0.792134
      2027.0    10.663734   431.974162   565.911328  1793.977573     2.862442   141.113738    71.432257    69.681513    65.728478    67.072256     0.020450   287.926826   282.232244     7.196282     2.839859    -0.857694
      2028.0     7.572933   434.347702   566.811179  1793.717974     2.661101   143.732651    71.676549    72.056119    68.480402    67.394249     0.019291   288.204816   282.795703     6.991441     3.382431    -0.826554
      2029.0    11.496110   436.668642   568.219151  1794.258055     2.588575   146.507073    74.217147    72.290232    66.982267    69.184854     0.018650   288.070895   282.588417     6.807260     3.624015     1.662506
      2030.0     9.933043   438.933688   569.740470  1796.486237     2.863560   140.909677    71.017453    69.892238    65.701330    67.071987     0.018873   288.239944   282.872164     6.658764     2.424132    -0.857525
      2031.0     7.819454   441.142855   570.579711  1796.313566     2.673612   144.565233    72.213550    72.351683    68.607944    67.784989     0.016769   288.372477   283.144353     6.485179     3.589320    -0.650285
      2032.0    12.096036   443.282980   572.645188  1797.757648     2.541634   151.684690    76.344078    75.340619    68.107398    70.800276     0.016686   288.122401   282.620791     6.354217     3.478319     1.248795
      2033.0    10.658186   445.340922   574.753608  1799.705919     2.600448   149.668495    74.888918    74.779577    68.015768    69.857876     0.019041   288.238731   282.833580     6.289708     2.922621    -0.106163
      2034.0     8.437220   447.319966   576.165730  1801.133515     2.603946   143.647958    71.573452    72.074506    66.851419    67.534720     0.022428   288.369555   282.928301     6.272043     2.626611    -0.744295
      2035.0     7.456573   449.216821   576.953241  1801.009520     2.534876   146.340267    73.218162    73.122105    69.169250    68.844031     0.024096   288.477737   283.180155     6.245286     3.586620    -0.201224
      2036.0     9.564026   451.031493   578.758419  1801.948775     2.377386   149.263005    75.275365    73.987656    68.601000    70.127460     0.017961   288.295959   282.719966     6.057985     3.342711     0.587204
      2037.0     8.352890   452.770551   580.251312  1803.268628     2.387685   145.900636    73.316201    72.584435    67.805772    68.952659     0.016229   288.417735   283.170080     5.935627     2.870649    -0.172965
      2038.0     6.909329   454.434000   581.270254  1803.671762     2.356358   146.368418    73.636737    72.731681    69.446408    69.169284     0.015966   288.477809   283.146901     5.844140     3.448511    -0.680258
      2039.0     7.897778   456.021839   582.744283  1803.717989     2.548634   148.615553    74.302328    74.313225    69.131684    69.739473     0.016182   288.477936   283.140905     5.768107     3.088825     0.561563
      2040.0     6.800635   457.537349   584.195300  1803.948441     2.334869   149.774683    74.504966    75.269718    70.090005    69.817424     0.016072   288.687668   283.468150     5.691767     3.236525    -0.503034
      2041.0     5.864431   458.980541   585.048813  1803.766497     2.562779   145.113165    72.244415    72.868750    68.872098    68.408878     0.013238   288.727023   283.468524     5.560589     2.982024    -0.281276
      2042.0     4.764186   460.351405   585.649527  1802.651618     2.510423   146.838361    72.447898    74.390463    69.808984    68.745836     0.011565   288.901815   283.873444     5.443727     3.101348     0.051731
      2043.0     8.705342   461.646658   586.872742  1803.238440     2.221427   153.489020    76.747485    76.741536    69.706619    71.641857     0.010821   288.670832   283.512299     5.342967     3.882412     1.348416
      2044.0     9.527661   462.866299   588.875769  1805.899776     2.356305   154.589890    76.837339    77.752551    68.920163    71.505460     0.010517   288.557869   283.203529     5.252995     3.328852    -0.076039
      2045.0     6.367118   464.010341   590.449343  1807.283483     2.234719   150.514321    74.541043    75.973278    69.658021    70.266511     0.010183   288.864110   283.649470     5.167123     2.700958    -0.775217
      2046.0     4.251154   465.082038   591.216168  1807.018257     2.163967   148.283630    73.248896    75.034748    70.281068    69.249199     0.009833   288.914047   283.961777     5.083842     3.232858    -0.766644
      2047.0     7.453397   466.081419   592.568367  1807.370210     2.038653   153.864341    76.755841    77.108503    70.137456    71.862567     0.009744   288.726578   283.517164     5.006914     3.541072     1.373159
      2048.0     6.129951   467.005189   593.973475  1808.653387     2.126656   150.881180    75.348041    75.533139    69.970454    70.715498     0.009593   288.752263   283.498439     4.932541     3.227434    -0.538134
      2049.0     5.450760   467.856639   595.168449  1809.252099     2.210208   149.010882    73.825248    75.185634    69.123447    69.531017     0.009482   288.934090   283.678853     4.861589     3.099256    -0.191142
      2050.0     2.694367   468.635765   595.816575  1808.811127     2.156114   145.283083    71.420855    73.862284    69.389885    68.304221     0.009290   289.132106   284.043129     4.792449     2.468453    -0.644692
      2051.0     4.676653   469.342568   596.161012  1808.485492     2.007364   148.213636    73.547199    74.666438    69.227607    69.596556     0.008877   289.047526   283.932671     4.723437     3.606206     0.694583
      2052.0     3.999009   469.986903   596.746749  1808.570038     2.101885   149.417837    74.042519    75.375317    70.220478    70.041171     0.008598   289.059133   283.859235     4.658714     3.415611    -0.263853
      2053.0     3.492107   470.575355   597.424968  1808.110365     1.971118   149.570153    73.913968    75.656230    70.353987    69.964560     0.008501   289.117752   284.018270     4.598258     3.271145     0.070246
      2054.0     6.132018   471.104632   598.635478  1809.011514     1.886856   153.150832    76.383608    76.767233    69.852790    71.647131     0.008534   288.972944   283.653646     4.541845     3.525958     0.893192
      2055.0     3.583839   471.574738   599.173926  1810.081509     1.744768   149.474391    73.841468    75.632923    69.674844    70.113147     0.009698   288.967445   283.725006     4.512285     3.189873    -0.631692
      2056.0     4.158975   471.985670   599.821504  1810.905214     1.734845   149.675082    74.285250    75.389831    69.391302    70.435851     0.010268   289.006625   283.776909     4.478154     3.201822     0.220844
      2057.0     3.783100   472.340714   600.430422  1811.611758     1.878088   148.492185    73.324623    75.167566    68.865492    69.553119     0.014500   289.136523   283.966400     4.527748     3.162582    -0.018917
      2058.0     2.977832   472.643158   600.658117  1811.826127     1.808413   149.546428    73.794016    75.752473    69.901998    69.971497     0.023189   289.165120   283.911802     4.698817     3.594762    -0.144869
      2059.0     4.259922   472.886428   601.482023  1812.521710     1.758779   152.107184    75.512048    76.595158    70.125754    71.076260     0.031311   289.198652   284.126020     4.902324     3.611860     0.254923
      2060.0     2.730975   473.070523   602.018637  1813.017152     1.678797   153.524565    75.728527    77.796139    71.432030    71.432112     0.037630   289.180211   284.005793     5.103110     3.759700    -0.495361
      2061.0     4.852384   473.202017   603.283790  1813.966720     1.424785   157.522404    78.268998    79.253448    71.473052    73.211768     0.029117   289.085444   283.896024     5.003368     3.792035     0.789148
      2062.0     3.454895   473.284203   604.279820  1815.429492     1.520837   152.109136    75.330675    76.778461    70.050345    71.279375     0.024298   289.107986   283.935120     4.926569     3.055270    -0.233742
      2063.0     1.869459   473.323652   604.719377  1816.385659     1.413112   151.064766    74.378536    76.686233    70.504538    70.640822     0.022627   289.187019   284.178668     4.887768     3.298153    -0.819883
      2064.0     3.783444   473.323652   605.551684  1816.659251     1.539636   153.949404    76.457560    77.491890    70.678230    71.689643     0.022249   289.142891   284.005516     4.866006     3.935565     0.737822
      2065.0     1.428929   473.280914   606.373091  1817.101431     1.508325   152.647188    75.288447    77.358820    71.659567    71.044712     0.024926   289.222422   284.114204     4.905169     3.422249    -1.057035
      2066.0     1.428200   473.195439   606.885176  1816.514464     1.566676   150.758931    74.379478    76.379511    70.748148    70.682510     0.025126   289.326302   284.322754     4.912210     3.184824     0.521330
      2067.0     1.388456   473.070518   606.854966  1816.510527     1.417785   150.522139    74.465357    76.056866    70.634137    70.666372     0.024763   289.307302   284.230980     4.905651     3.829111     0.036172
      2068.0     2.384890   472.902853   607.334677  1816.675055     1.430695   153.618856    76.032145    77.586711    71.073737    71.757626     0.025656   289.306620   284.336550     4.923626     3.794808     0.519360
      2069.0     0.444621   472.689170   607.602217  1817.063996     1.520228   148.970919    73.327444    75.643554    70.404075    69.843965     0.026579   289.289706   284.149422     4.945235     3.215859    -0.949051
      2070.0     0.779333   472.432747   607.275794  1816.817561     1.501714   146.962365    72.727455    74.234952    69.266299    69.389405     0.025979   289.305326   284.151360     4.936023     3.664432     0.369541
      2071.0     0.946253   472.133589   607.058585  1816.876471     1.476636   150.181878    73.883574    76.298388    70.065278    70.379927     0.021127   289.311729   284.304319     4.820500     3.720772     0.255739
      2072.0     0.863191   471.778543   606.937549  1817.069398     1.405418   151.056323    74.762276    76.294149    70.810869    70.764417     0.019257   289.246338   284.165423     4.738817     4.118793    -0.239378
      2073.0     2.578544   471.361036   607.903262  1817.527036     1.246300   155.318261    76.973566    78.344700    70.904047    72.272463     0.021715   289.217583   284.234624     4.746066     3.735384     0.910778
      2074.0     0.919589   470.881080   608.213702  1818.778504     1.274089   151.519858    74.618316    76.901588    70.141117    70.986896     0.027312   289.313667   284.311071     4.835690     3.320935    -0.405689
      2075.0    -0.667278   470.338637   607.298388  1819.306349     1.357426   145.795639    71.784973    74.010731    68.875598    69.095293     0.031347   289.320658   284.228938     4.924075     3.604930    -0.308150
      2076.0    -0.971203   469.737035   606.559586  1819.209354     1.234197   147.672131    72.708367    74.963764    69.818715    69.434675     0.028353   289.340991   284.325272     4.881257     4.012493    -0.287046
      2077.0    -0.047844   469.072966   606.423903  1819.099206     1.155663   150.470862    74.478846    75.992015    70.397676    70.472644     0.030744   289.362630   284.369108     4.931834     4.141885     0.185116
      2078.0     0.060404   468.346442   606.478082  1819.310868     1.085911   151.190215    74.887611    76.302603    70.445226    70.875037     0.044801   289.295802   284.266940     5.252560     3.958396     0.218149
      2079.0     1.580986   467.560739   606.699491  1820.580903     0.887612   151.831744    75.663644    76.168100    69.235054    71.223049     0.064966   289.115936   283.905764     5.780531     4.219186     0.717960
      2080.0    -0.975785   466.715863   606.419362  1822.313654     1.028339   147.898147    73.532783    74.365364    69.671155    70.274169     0.083233   289.213216   284.065331     6.367718     3.538744    -1.129737
      2081.0    -2.186822   465.818389   605.642750  1821.834508     0.924397   147.214105    72.827734    74.386371    69.989784    69.410052     0.076986   289.438011   284.331601     6.497366     4.194294    -0.100586
      2082.0    -1.569282   464.878177   605.260655  1821.727849     0.836256   150.402879    74.587681    75.815198    70.799362    70.770743     0.086396   289.389595   284.360207     6.908302     4.199034     0.078039
      2083.0    -1.310482   463.901799   604.965365  1821.249330     0.680483   153.858700    76.365391    77.493309    71.940613    71.957275     0.100830   289.395035   284.382367     7.460850     4.703407     0.495182
      2084.0     0.564262   462.899130   604.774121  1822.559899     0.929289   150.812273    75.536491    75.275794    69.473039    71.352401     0.110456   289.276052   284.017522     7.960877     4.375321     0.568792
      2085.0    -1.485264   461.870159   604.851940  1823.426117     0.823914   153.769260    76.285472    77.483788    71.930155    71.724456     0.111224   289.369400   284.194186     8.286839     4.483197    -1.071917
      2086.0    -1.429401   460.811601   604.823771  1824.046237     0.861172   151.553185    74.840526    76.712663    70.496152    71.046476     0.085748   289.461947   284.429103     8.004040     3.822215    -0.069795
      2087.0    -2.807776   459.723461   603.895789  1823.428142     0.631977   148.504454    73.688539    74.815915    70.492980    70.011838     0.077217   289.342112   284.176730     7.927015     4.604683     0.136953
      2088.0    -1.394371   458.602434   603.524946  1823.902848     0.600658   149.283482    74.529765    74.753747    69.892671    70.753598     0.078316   289.302472   284.262922     8.005104     4.146981     0.386221
      2089.0    -3.153327   457.451825   602.778304  1824.032211     0.571615   145.336874    72.067866    73.269037    69.153863    68.576671     0.083173   289.338300   284.182381     8.170791     4.237808    -0.706556
      2090.0    -1.732691   456.274907   602.440265  1823.896450     0.661522   149.962146    74.765919    75.196227    70.255133    70.524465     0.084153   289.390012   284.444562     8.271832     4.579493     0.405093
      2091.0    -1.210112   455.075000   602.463462  1824.597570     0.571905   150.869154    75.338057    75.531096    70.138846    70.974830     0.060565   289.294151   284.110245     7.833022     4.340030     0.134864
      2092.0    -2.392006   453.871786   602.042852  1824.872291     0.393475   150.268560    74.621360    75.647249    70.306110    70.720215     0.048576   289.323710   284.181999     7.515608     4.321706     0.139384
      2093.0    -1.955994   452.688310   601.284913  1825.363136     0.545934   149.954966    74.770790    75.184176    70.098592    70.907274     0.044156   289.254122   284.044797     7.309405     4.621455     0.317837
      2094.0    -3.404487   451.531129   600.677561  1825.336080     0.293854   152.199534    75.890445    76.309091    72.536615    71.352921     0.043769   289.240400   284.146505     7.184349     5.144874    -1.156638
      2095.0    -0.394638   450.396960   600.908354  1826.147482     0.340928   153.298047    76.719103    76.578948    70.392448    72.163235     0.042797   289.139636   283.918714     7.058345     4.325071     0.959385
      2096.0    -2.900310   449.282525   600.380979  1826.406422     0.305488   148.940344    74.277705    74.662639    70.620821    70.442960     0.032083   289.236768   283.989995     6.717343     4.362120    -0.436801
      2097.0    -2.585995   448.187793   600.078564  1826.344883     0.372870   147.668893    74.104165    73.564732    70.344262    70.041957     0.026111   289.271032   284.161959     6.433784     4.364619    -0.240766
      2098.0    -1.973368   447.109509   600.108517  1825.724137     0.391426   151.150826    75.549653    75.601182    71.298202    70.930507     0.023244   289.407758   284.426470     6.203161     4.589184     0.253051
      2099.0    -1.990738   446.047665   600.070595  1825.745512     0.395720   148.258121    74.229465    74.028656    70.016182    70.271619     0.021542   289.340111   284.222524     6.000895     3.995768     0.234063
      2100.0    -4.554417   445.002260   599.366260  1824.865099     0.490544   145.619029    72.121334    73.497698    70.694985    68.822180     0.019787   289.435453   284.487178     5.810422     4.003486    -0.992393