        time     emission          CO2         cveg        csoil        fgco2         fgpp         fnpp           ra          frh     fvegsoil         fluc          tas     tas_land        cprod     fcvegout    fcsoilout
      1850.0     2.795425   283.923842   584.201306  1769.657355    -0.042731   120.148748    60.641310    59.507438    57.142858    59.312016     0.000511   286.251645   280.247350     0.007065     1.231113     0.055553
      1851.0    -1.618605   284.055342   583.738747  1770.306286    -0.007079   110.825232    55.589009    55.236223    56.616612    55.770840     0.000910   286.491229   280.604937     0.012831     0.280729    -1.494704
      1852.0    -1.610580   284.196702   582.715449  1769.490544     0.180325   110.868715    55.722442    55.146273    56.953128    55.838709     0.001036   286.653514   280.887594     0.015314     0.907031    -0.298677
      1853.0    -0.340849   284.328199   582.214850  1767.973358     0.168600   116.937768    58.880349    58.057419    58.755516    57.815946     0.001230   286.684062   280.932714     0.018657     1.565002     0.577616
      1854.0    -0.135505   284.443257   582.490198  1767.623632     0.143697   116.623911    58.759354    57.864557    58.398245    57.797643     0.001299   286.604212   280.815069     0.020302     0.686364    -0.250876
      1855.0     2.126474   284.545169   582.802774  1767.671894     0.114601   118.856507    60.228923    58.627583    57.549034    58.690208     0.001214   286.492627   280.584976     0.020229     1.226139     1.092912
      1856.0    -0.050200   284.660230   582.647647  1768.409980     0.127371   113.064465    57.000062    56.064403    56.520844    56.742779     0.001218   286.581576   280.746745     0.021087     0.412411    -0.516151
      1857.0    -1.754872   284.804879   582.020604  1768.262866     0.175495   111.308329    55.576697    55.731632    56.923165    55.803339     0.001229   286.796661   281.252597     0.022039     0.400401    -0.972713
      1858.0     0.377862   284.969246   581.455754  1766.628172     0.140891   118.177702    59.747926    58.429776    58.947372    58.417872     0.001250   286.568642   280.812487     0.023031     1.894903     1.105194
      1859.0     2.305058   285.146776   582.216735  1767.286600     0.352202   118.526345    59.953716    58.572629    57.474658    58.562107     0.001185   286.504224   280.724289     0.023020     0.630628     0.429022
      1860.0    -1.759971   285.337447   581.603522  1766.923709     0.188613   113.695297    56.883220    56.812077    58.258220    56.730769     0.001066   286.570895   280.732900     0.022023     0.765664    -1.164560
      1861.0    -0.386411   285.524831   580.905193  1766.526245     0.068244   112.057480    56.666273    55.391207    56.594248    56.597452     0.000977   286.466662   280.689397     0.021133     0.767150     0.400668
      1862.0     1.919887   285.699073   580.758655  1766.843346     0.058446   117.150271    59.757844    57.392427    57.344448    58.280617     0.000840   286.314206   280.537326     0.019819     1.623765     0.619068
      1863.0     1.204073   285.870008   581.308198  1767.873489    -0.044758   116.721716    59.058511    57.663205    57.232852    57.874243     0.000794   286.337748   280.435155     0.019699     0.634725    -0.388752
      1864.0     0.997606   286.040957   581.513792  1768.336406    -0.155863   117.413930    59.621587    57.792343    57.874127    58.302239     0.000826   286.422023   280.526647     0.020711     1.113754    -0.034804
      1865.0     0.411904   286.211908   581.650560  1768.674780    -0.117090   115.626723    58.499847    57.126875    57.347541    57.682110     0.000855   286.492790   280.685196     0.021607     0.680970    -0.003806
      1866.0    -0.321897   286.382858   581.204398  1768.480847     0.126794   113.922663    57.747817    56.174846    57.606288    57.141206     0.000877   286.453468   280.625112     0.022357     1.052773    -0.271148
      1867.0     0.694703   286.547227   581.233987  1768.610937     0.231933   114.967736    58.091913    56.875823    57.029097    57.151620     0.000872   286.527537   280.625760     0.022438     0.910704    -0.007567
      1868.0     0.293961   286.695163   581.459484  1767.784123     0.053542   119.201799    59.951070    59.250729    59.000258    58.427001     0.000944   286.576075   280.734416     0.023505     1.298572     0.253557
      1869.0     1.288198   286.826658   582.056238  1767.872505    -0.052656   118.738172    60.213810    58.524362    58.143640    58.653097     0.001053   286.551081   280.789490     0.025077     0.963959     0.421075
      1870.0     0.223838   286.954871   582.036145  1768.246167    -0.060920   116.756120    58.858055    57.898065    57.826342    57.982596     0.002042   286.532715   280.653030     0.043010     0.895553    -0.217408
      1871.0    -0.801965   287.096232   581.936846  1768.206629     0.066596   114.303779    57.398534    56.905245    57.590133    56.943434     0.004175   286.605904   280.757072     0.091012     0.554398    -0.607160
      1872.0     0.671118   287.263893   581.440554  1767.601575     0.160186   115.504656    58.572670    56.931986    57.443224    57.489171     0.005579   286.532509   280.659770     0.136650     1.579791     0.651000
      1873.0     1.322233   287.454564   581.814546  1768.292014     0.279488   116.225350    59.084887    57.140464    57.452603    57.917655     0.008801   286.518707   280.578423     0.225047     0.793240    -0.225386
      1874.0    -1.136118   287.661673   581.500890  1767.716868     0.260850   114.030833    57.292714    56.738119    58.118901    56.648621     0.011810   286.729780   280.824689     0.324921     0.957748    -0.895134
      1875.0    -0.123253   287.885222   581.479628  1766.875077     0.385477   116.131283    58.466114    57.665169    58.391853    57.623729     0.013800   286.747971   280.938304     0.415277     0.863647     0.073667
      1876.0    -0.873140   288.115342   580.842401  1765.630241     0.333199   113.895143    57.250121    56.645022    57.847120    56.830861     0.015987   286.785627   281.127925     0.517867     1.056487     0.228576
      1877.0     1.226719   288.348752   580.698693  1764.817497     0.501272   118.538108    60.034605    58.503503    58.704106    58.364847     0.019681   286.716418   280.858017     0.660414     1.813466     0.473485
      1878.0     1.205439   288.585447   581.285191  1764.940798     0.089616   121.286647    60.882433    60.404214    59.169736    59.410541     0.024777   286.546374   280.612002     0.849134     0.885394     0.117503
      1879.0     3.372989   288.822145   582.108404  1765.864563     0.162276   123.652125    62.469717    61.182408    58.596244    60.093631     0.032392   286.436152   280.542684     1.112450     1.552872     0.573623
      1880.0     1.974358   289.068709   582.593820  1767.375407     0.349846   118.103992    59.562617    58.541375    57.347511    58.519729     0.026926   286.460116   280.346998     1.120788     0.557473    -0.338626
      1881.0    -0.977421   289.334985   582.115048  1767.144340     0.125086   114.745788    57.468076    57.277711    58.028588    56.941005     0.016507   286.652209   280.855761     0.976086     1.005843    -0.856517
      1882.0     2.507619   289.604559   582.311789  1767.264096     0.232016   119.733852    60.734033    58.999819    57.863531    59.016141     0.013461   286.379761   280.296054     0.929190     1.521151     1.032854
      1883.0     1.260393   289.857691   582.379384  1768.360498     0.393539   116.121256    58.468189    57.653067    57.029492    57.833082     0.012286   286.549004   280.462125     0.906768     0.567512    -0.292813
      1884.0    -0.027681   290.114114   581.543314  1768.043375     0.610936   113.044324    57.024122    56.020203    57.097724    56.613282     0.012049   286.444990   280.489474     0.899036     1.246910    -0.167319
      1885.0     2.837978   290.393543   581.374899  1768.873769     0.388547   117.224691    59.912705    57.311986    56.922377    58.521727     0.012866   286.291295   280.303474     0.913487     1.559393     0.768956
      1886.0     1.410817   290.692702   581.530703  1770.249210     0.411181   117.229661    58.997668    58.231993    57.552706    57.990418     0.013293   286.294952   280.209012     0.927551     0.851445    -0.937729
      1887.0     0.953924   291.011588   581.750820  1770.029473     0.289830   116.595981    59.137147    57.458835    58.014506    57.878759     0.013657   286.448751   280.623675     0.942753     1.038271     0.083990
      1888.0     0.567687   291.353484   581.506975  1769.770567     0.235913   116.136230    59.040726    57.095503    58.306981    57.872076     0.013924   286.431974   280.616249     0.957397     1.412496    -0.175999
      1889.0     2.316247   291.701947   582.071288  1770.091169     0.235534   120.125317    60.702421    59.422896    58.141600    59.023593     0.014296   286.413582   280.528458     0.975051     1.114515     0.561391
      1890.0     0.873591   292.050421   581.994247  1770.501416     0.348177   116.603088    58.944043    57.659044    58.020246    58.049464     0.015521   286.423162   280.369789     1.013965     0.971621    -0.381030
      1891.0     0.290254   292.405467   581.909561  1769.827666     0.361609   117.521341    59.093974    58.427367    58.712358    57.901673     0.018062   286.559059   280.748619     1.087616     1.276987    -0.136934
      1892.0    -0.216702   292.747360   581.210644  1769.213217     0.409961   112.848438    57.162541    55.685897    57.298811    56.786648     0.022610   286.414853   280.340492     1.217082     1.074809     0.102286
      1893.0    -0.410795   293.066241   580.737577  1768.393751     0.290493   115.492607    58.396875    57.095731    58.542337    57.347997     0.025651   286.584862   280.825249     1.335815     1.521945    -0.374874
      1894.0     1.388248   293.371974   581.078518  1768.004419     0.286062   120.300333    61.018420    59.281913    59.310560    59.191633     0.028352   286.530111   280.686020     1.459824     1.485845     0.270406
      1895.0     1.479025   293.664554   581.344991  1768.347155     0.199923   117.795280    59.847703    57.947577    57.924553    58.666726     0.030658   286.431931   280.532987     1.585593     0.914505     0.399437
      1896.0     0.917427   293.947282   581.161045  1768.585268     0.331374   117.609834    59.819905    57.789930    58.560334    58.570144     0.033564   286.399114   280.493609     1.730072     1.433706    -0.228304
      1897.0    -0.347097   294.236575   580.771719  1768.544913     0.477904   114.684557    57.714917    56.969640    57.867682    57.161883     0.037910   286.640757   280.963966     1.914805     0.942361    -0.665445
      1898.0    -0.335929   294.548881   580.354827  1767.394846     0.377423   119.065931    59.343668    59.722264    59.429242    58.316723     0.041794   286.630798   280.885910     2.105265     1.443836     0.037548
      1899.0     2.581745   294.894069   580.788725  1767.026766     0.293574   122.871253    62.158485    60.712768    59.210944    59.894461     0.045379   286.461828   280.611560     2.300693     1.830126     1.051598
      1900.0     1.525908   295.249112   581.050288  1767.784525     0.264189   120.450073    60.635921    59.814152    58.705296    59.302643     0.035426   286.322833   280.260333     2.205267     1.071715    -0.160413
      1901.0     0.324087   295.587719   580.542313  1767.936404     0.304279   115.151280    58.049187    57.102093    57.409991    57.297622     0.022317   286.416512   280.403773     1.973531     1.259540    -0.264247
      1902.0    -0.375935   295.913173   579.974069  1767.366046     0.597132   115.147780    58.008549    57.139231    58.387197    57.243746     0.018574   286.523933   280.404895     1.871843     1.333048    -0.573092
      1903.0    -0.800963   296.232056   579.535713  1766.169506     0.460835   114.731622    57.747018    56.984603    58.397360    57.119386     0.019218   286.518898   280.500290     1.848746     1.065987    -0.081434
      1904.0     0.470734   296.547651   578.987210  1765.155412     0.137669   116.146986    59.146209    57.000777    58.140910    57.876330     0.020463   286.358370   280.380468     1.848327     1.818383     0.749513
      1905.0     3.062091   296.882972   579.558424  1765.948583     0.118551   121.652308    62.139325    59.512983    58.494457    59.853343     0.022107   286.176537   280.225871     1.867792     1.714768     0.565715
      1906.0     1.694828   297.261030   579.982770  1767.057188     0.443253   116.435233    59.104358    57.330875    57.311663    57.843177     0.025436   286.418897   280.469655     1.935770     0.836835    -0.577091
      1907.0     0.152199   297.675259   579.398727  1766.736844     0.469807   114.066921    57.885084    56.181837    57.670363    57.205814     0.029275   286.582197   280.610324     2.031916     1.263313    -0.144205
      1908.0     0.286956   298.099333   579.062372  1766.494391     0.456446   115.968010    58.347990    57.620020    58.042379    57.514021     0.034185   286.599714   280.671883     2.170020     1.170325    -0.285906
      1909.0     0.267051   298.523409   578.100932  1765.954634     0.486186   114.100348    57.726067    56.374281    57.409887    57.110794     0.039395   286.524869   280.686541     2.337946     1.576713     0.240664
      1910.0     2.788017   298.960645   577.905018  1766.443567     0.638785   119.638933    60.358209    59.280724    57.732515    58.793297     0.031740   286.441986   280.434133     2.246777     1.760825     0.571850
      1911.0     0.022430   299.427462   577.498339  1766.552071     0.524481   114.963117    57.815026    57.148091    57.968982    57.210947     0.019816   286.632929   280.650322     2.013638     1.010758    -0.866539
      1912.0    -0.067550   299.940303   576.808359  1765.803662     0.408505   113.602852    57.477620    56.125232    57.671373    56.895871     0.015043   286.542007   280.517466     1.872909     1.271729    -0.027093
      1913.0     2.884913   300.476156   576.739231  1765.618531     0.628938   121.132803    61.487320    59.645483    58.923529    59.406556     0.013068   286.445933   280.366412     1.774634     2.149891     0.668158
      1914.0     1.504805   300.998870   576.931929  1765.818034     0.522901   118.229020    59.822118    58.406902    58.466623    58.435783     0.012002   286.494855   280.510829     1.693953     1.193638    -0.230343
      1915.0     1.460804   301.521569   577.010938  1766.032212     0.408546   117.186848    59.696713    57.490134    58.270193    58.291471     0.011238   286.471397   280.618342     1.623168     1.326233    -0.192900
      1916.0     2.110412   302.054130   577.278893  1765.905410     0.473948   119.285299    60.695806    58.589493    58.727603    58.760257     0.010881   286.545715   280.616859     1.564918     1.667594     0.159456
      1917.0    -0.225674   302.563687   576.938254  1765.814690     0.411672   112.851971    56.952134    55.899836    57.275756    56.764289     0.010324   286.597577   280.812238     1.507144     0.528484    -0.420747
      1918.0    -0.439295   303.007490   575.930687  1764.361380     0.553527   115.096546    58.193457    56.903089    58.726451    57.214000     0.010100   286.614914   280.656535     1.460411     1.987024    -0.059141
      1919.0     0.094984   303.405274   575.255594  1763.340498     0.505145   114.554252    58.222194    56.332059    57.964902    57.309542     0.010094   286.518023   280.515348     1.421721     1.587745     0.365522
      1920.0     1.970863   303.799766   575.371027  1763.766214     0.496954   118.909094    60.413668    58.495426    58.244550    58.748572     0.010678   286.510803   280.511808     1.398434     1.549663     0.078306
      1921.0     2.021232   304.171249   575.445188  1764.271432     0.427862   120.047827    60.880702    59.167125    58.494716    59.250271     0.011798   286.542613   280.625679     1.393455     1.556271     0.250336
      1922.0     0.304256   304.513139   575.001358  1764.270347     0.571567   116.396741    58.970840    57.425901    58.386763    57.854560     0.012771   286.706680   280.860860     1.394866     1.560111    -0.531118
      1923.0    -0.124018   304.851737   574.651704  1763.235853     0.625858   117.082268    59.352378    57.729890    59.259771    57.976726     0.014561   286.738647   280.959211     1.421459     1.725306    -0.248551
      1924.0     1.730937   305.157479   574.872839  1762.848355     0.698567   119.653138    60.792640    58.860498    58.899592    59.199225     0.016724   286.740077   280.971153     1.468963     1.372280     0.687131
      1925.0    -0.139266   305.374451   574.536920  1762.447178     0.620179   115.684605    58.518480    57.166125    58.246931    57.330390     0.019455   286.783585   280.874341     1.541058     1.524009    -0.515364
      1926.0     0.144923   305.545396   574.432677  1761.694161     0.463409   117.929769    59.540109    58.389660    58.618439    58.116479     0.023317   286.786275   280.895419     1.650317     1.527872     0.251057
      1927.0     0.261475   305.729494   574.224897  1761.206033     0.632120   118.489568    59.940186    58.549383    59.082219    58.516668     0.026986   286.789820   280.961456     1.774899     1.631298    -0.077424
      1928.0     1.689582   305.903728   574.013649  1761.650865     0.708099   118.040547    59.670182    58.370365    57.427851    58.473314     0.031121   286.664271   280.785474     1.923566     1.408116     0.600632
      1929.0     0.051822   306.054951   573.445198  1761.576430     0.579269   119.223400    60.016624    59.206776    59.199780    58.546106     0.035160   286.678747   280.758868     2.086135     2.038969    -0.579239
      1930.0    -0.352693   306.209465   573.355988  1760.889861     0.508055   118.664349    60.043221    58.621127    59.588221    58.646447     0.030580   286.709050   280.953606     2.075189     1.485985    -0.255206
      1931.0     1.807984   306.409997   573.259849  1760.726015     0.603055   121.074692    61.689195    59.385497    59.187866    59.768803     0.025397   286.570508   280.499954     2.018955     2.016530     0.744783
      1932.0     0.931146   306.672993   573.261622  1761.156496     0.852099   118.765780    60.000712    58.765068    58.739940    58.681595     0.025011   286.734230   280.856501     2.034228     1.317344    -0.488826
      1933.0    -0.324277   306.988587   572.601371  1760.081837     0.527019   121.648156    61.300515    60.347641    61.028946    59.466931     0.025658   286.789530   281.061602     2.068973     2.493835    -0.487356
      1934.0     4.243886   307.366651   573.348679  1760.700368     0.445359   126.713605    64.103584    62.610022    59.297554    61.659778     0.026747   286.491875   280.503151     2.114780     1.696498     1.743693
      1935.0     2.452489   307.879495   573.338428  1762.590847     0.488429   121.406370    60.843447    60.562923    58.303225    59.583759     0.029328   286.514567   280.569603     2.198507     1.269939    -0.609945
      1936.0     1.176102   308.569865   573.204982  1762.901897     0.716498   120.233045    59.965048    60.267997    59.236630    58.433437     0.033896   286.766609   280.808670     2.338070     1.665057    -1.114242
      1937.0     1.231385   309.273368   572.937956  1761.555302     0.442651   122.496517    61.478096    61.018421    60.352931    59.514089     0.038379   286.807533   280.987508     2.495433     2.231034     0.507754
      1938.0     2.203297   309.865112   572.980357  1761.851017     0.609384   122.615572    61.537173    61.078399    59.394788    60.053232     0.043645   286.738642   280.830307     2.687609     1.441539     0.362729
      1939.0     0.006688   310.400965   572.214159  1761.554440     0.724236   117.090478    58.679165    58.411312    58.740794    57.780915     0.049302   286.938192   281.172582     2.909246     1.664449    -0.663302
      1940.0     0.409105   310.903944   571.574231  1760.737021     0.733671   119.812384    60.086548    59.725835    59.668914    58.856052     0.048022   286.881976   281.067726     2.998888     1.870424     0.004558
      1941.0     2.325534   311.347749   571.273332  1760.554798     0.713339   121.785992    61.724705    60.061287    59.170481    59.828390     0.045970   286.721532   280.903282     3.052045     2.197214     0.840132
      1942.0     0.950125   311.696215   571.014867  1761.050922     0.658316   117.983155    59.859700    58.123455    58.451315    58.593636     0.047300   286.690315   280.867808     3.159289     1.524528    -0.353804
      1943.0    -0.349278   311.903322   570.025140  1761.126789     0.695711   114.651577    57.895995    56.755582    57.617994    57.392047     0.049797   286.831619   280.996854     3.293488     1.493675    -0.301813
      1944.0    -0.373152   311.962494   569.136065  1760.406588     0.667251   117.295758    59.190345    58.105414    58.559448    57.811868     0.050964   286.890147   281.097328     3.406021     2.267551    -0.027378
      1945.0    -1.249730   311.952632   568.411457  1759.584180     0.605789   116.836864    58.814051    58.022813    58.786275    57.850250     0.052027   286.888209   281.219340     3.514901     1.688409    -0.113617
      1946.0     1.371189   311.972358   568.285740  1759.455611     0.441367   123.227111    62.877218    60.349892    60.039618    60.545055     0.054717   286.732641   280.969121     3.657682     2.457880     0.634007
      1947.0     1.753269   312.031532   568.408505  1760.520170     0.126103   121.715653    61.932829    59.782824    58.513178    59.838999     0.057895   286.547841   280.763364     3.819641     1.971066     0.261261
      1948.0     1.186820   312.100568   568.552889  1761.782689     0.105861   120.919637    61.179707    59.739930    58.387675    59.479206     0.060968   286.525009   280.630826     3.989162     1.556116    -0.170989
      1949.0     0.599976   312.212345   568.432999  1762.028989     0.375528   122.031075    61.659918    60.371157    59.690557    59.810473     0.065929   286.588603   280.683858     4.207164     1.969335    -0.126385
      1950.0     0.089538   312.383292   568.052425  1762.263636     0.399247   118.054302    59.749681    58.304621    58.477138    58.421564     0.070324   286.723895   280.753794     4.427267     1.708691    -0.290220
      1951.0    -2.271825   312.606840   566.847166  1761.268299     0.647542   116.457869    58.359622    58.098247    59.745622    57.761344     0.074582   286.969495   281.023933     4.654608     1.803537    -0.988942
      1952.0    -0.433843   312.915862   565.728546  1759.800908     0.589665   118.333702    59.604441    58.729261    59.168455    58.441334     0.080572   286.966166   281.150640     4.930945     2.281728     0.740270
      1953.0     1.850768   313.284056   565.069318  1759.713197     0.657224   121.841240    62.005742    59.835499    59.518848    60.116263     0.088352   286.740550   280.825851     5.265095     2.548706     0.685126
      1954.0     2.237733   313.642386   564.838067  1760.477220     0.703727   121.044208    61.251062    59.793146    58.408757    59.501788     0.100055   286.639216   280.648880     5.716661     1.980526     0.329008
      1955.0     0.314733   313.964559   564.115503  1760.894727     0.740134   120.468706    60.993693    59.475014    59.956047    59.468345     0.111505   286.676066   280.748189     6.211813     2.247911    -0.905209
      1956.0     0.742466   314.260428   563.509636  1760.933460     0.594196   119.271627    60.674941    58.596686    58.939350    59.145603     0.123318   286.656598   280.870649     6.754835     2.135206     0.167519
      1957.0     1.251303   314.566161   563.007896  1761.244442     0.574440   121.072033    61.407599    59.664434    59.201439    59.843591     0.135378   286.587257   280.593023     7.341873     2.065747     0.331170
      1958.0     0.699351   314.931069   561.777556  1761.437839     0.714873   117.037217    59.711800    57.325417    58.278747    58.528822     0.146055   286.587789   280.622670     7.934586     2.413318     0.056679
      1959.0     0.610140   315.453783   560.881742  1761.723096     0.740538   117.065996    59.403274    57.662721    58.437139    58.346121     0.157015   286.724078   280.796837     8.559120     1.952968    -0.376276
      1960.0    -0.862520   316.144147   559.503849  1760.523659     0.607685   116.702833    59.029947    57.672886    59.764355    57.838541     0.125722   286.730186   280.832181     8.278785     2.569299    -0.726377
      1961.0     3.123424   316.870670   559.539542  1759.880074     0.683083   123.240697    63.044354    60.196343    59.881984    60.507827     0.084261   286.676587   280.897987     7.568201     2.500834     1.269428
      1962.0     1.720569   317.564318   559.245664  1760.490933     0.918656   118.032573    59.842211    58.190362    58.351795    58.454589     0.070663   286.697675   280.750249     7.231032     1.681500    -0.508065
      1963.0     2.391976   318.221805   558.616865  1760.690246     0.809148   119.375094    61.062080    58.313014    58.609985    59.234284     0.068475   286.633469   280.687810     7.084832     2.456595     0.424986
      1964.0     3.298482   318.833272   558.146782  1762.026383     0.959814   118.759423    61.055389    57.704034    57.773120    59.300457     0.069279   286.452878   280.465543     7.013717     2.225016     0.191200
      1965.0     1.346279   319.510494   557.098418  1763.102440     1.036335   114.093220    58.132788    55.960432    57.031007    57.405786     0.070091   286.608353   280.692347     6.965478     1.775365    -0.701278
      1966.0     0.948760   320.312632   555.887744  1762.382497     0.901253   118.223225    60.215152    58.008073    59.481907    58.613807     0.072501   286.589750   280.668521     6.968160     2.812020    -0.148156
      1967.0     3.806932   321.104905   555.802680  1762.724808     0.769791   125.994228    64.435181    61.559047    60.585528    61.642328     0.076642   286.329023   280.279902     7.033349     2.877916     0.714489
      1968.0     5.506279   321.923482   556.105889  1764.497108     0.968745   125.895856    63.946501    61.949355    58.763648    61.360105     0.084213   286.343615   280.300382     7.208807     2.283186     0.824157
      1969.0     1.799615   322.965607   555.330986  1766.013276     0.944332   117.490215    59.662300    57.827915    58.618785    58.520792     0.091691   286.555199   280.426694     7.430017     1.916411    -1.614161
      1970.0     2.682014   324.099779   554.158522  1765.766618     1.078306   116.649047    59.654527    56.994519    58.162319    58.291191     0.081284   286.552757   280.651031     7.302632     2.535801     0.375531
      1971.0     2.407221   325.276691   553.232758  1765.914425     1.243644   116.455898    59.367016    57.088882    58.393385    58.309195     0.066347   286.552503   280.569651     7.018295     1.983585    -0.231997
      1972.0     2.372636   327.042067   551.936175  1764.907188     1.236558   115.235628    58.877640    56.357988    59.142492    57.852869     0.061904   286.572957   280.665276     6.885162     2.321353    -0.282386
      1973.0     5.393788   329.017805   551.149022  1764.451452     1.309081   122.330622    62.903952    59.426669    60.559042    60.520520     0.062716   286.550036   280.587423     6.853225     3.170586     0.417214
      1974.0     3.801781   330.099361   551.055220  1764.583667     1.263487   122.398550    62.801250    59.597299    60.096724    60.376766     0.064971   286.546847   280.613032     6.868712     2.518286     0.147826
      1975.0     2.261864   330.526726   551.065798  1764.996465     1.104494   120.785504    62.112081    58.673423    59.442311    59.751982     0.068961   286.445780   280.418755     6.944139     2.349521    -0.103127
      1976.0     4.061249   331.351896   551.003667  1766.102072     0.993439   121.991077    62.700504    59.290573    58.909167    60.599200     0.073734   286.333028   280.153023     7.065964     2.163436     0.584426
      1977.0     6.105215   332.844406   550.928513  1767.307918     1.084344   124.432871    63.697830    60.735041    59.336164    60.994276     0.079378   286.289157   280.203018     7.236536     2.778707     0.452266
      1978.0     4.252295   334.521003   550.514231  1768.517175     1.403696   119.641860    61.089665    58.552195    59.351249    59.414902     0.083762   286.445648   280.466309     7.410367     2.089046    -1.145604
      1979.0     3.683189   336.256778   549.741455  1767.851466     1.431076   119.168664    61.121808    58.046856    60.086424    59.176919     0.088333   286.598793   280.543373     7.609666     2.717665    -0.243796
      1980.0     5.997617   338.041859   549.501468  1767.670541     1.671911   121.007619    62.203339    58.804280    59.141433    59.973050     0.080776   286.638237   280.703267     7.556120     2.470276     1.012542
      1981.0     4.298124   339.389705   548.986386  1768.389556     1.607940   122.004672    62.440940    59.563732    60.085127    60.261131     0.069612   286.647835   280.590408     7.370122     2.694892    -0.543011
      1982.0     3.717459   340.425252   548.729381  1768.386369     1.490357   122.732263    63.291883    59.440380    60.601843    60.696782     0.067124   286.535240   280.496590     7.315564     2.852106     0.098127
      1983.0     5.943912   341.815853   548.779704  1769.570784     1.714775   121.641484    62.886301    58.755183    59.061872    60.485244     0.068073   286.363619   280.113197     7.327087     2.350733     0.238957
      1984.0     4.669122   343.453001   548.657541  1769.862372     1.574182   124.386718    63.832915    60.553803    61.584256    60.998924     0.070410   286.523539   280.576108     7.382040     2.956154    -0.876921
      1985.0     6.660746   344.971792   549.249861  1770.307304     1.610303   125.638279    64.713983    60.924296    60.207116    61.657191     0.072837   286.500687   280.470001     7.455171     2.464472     1.005143
      1986.0     3.232962   346.523480   548.633004  1770.526839     1.681926   119.338935    61.086703    58.252231    60.264915    59.498796     0.076625   286.620280   280.761007     7.574355     2.204764    -0.985655
      1987.0     5.628251   348.443361   548.175171  1770.096694     1.671945   121.994467    62.769974    59.224493    60.243202    60.217195     0.082145   286.593366   280.686361     7.754906     3.010612     0.404139
      1988.0     8.171677   350.563763   548.407001  1770.741342     1.792166   127.100675    65.530947    61.569728    60.838191    62.186868     0.087470   286.623525   280.790576     7.957264     3.112248     0.704029
      1989.0     6.534411   352.289659   548.971803  1771.819524     1.980888   125.526399    64.466749    61.059650    60.899026    61.477474     0.091521   286.664711   280.823972     8.155104     2.424473    -0.499734
      1990.0     4.801344   353.601352   548.914121  1772.061082     1.729255   125.286891    64.307394    60.979497    61.254728    61.419491     0.079717   286.740957   280.861677     8.019793     2.945587    -0.076796
      1991.0     5.270062   354.755246   549.134123  1772.502905     1.703024   126.914152    64.994855    61.919297    61.115501    62.018650     0.064647   286.554535   280.566996     7.740260     2.756203     0.461326
      1992.0     5.697757   355.685586   549.216303  1774.301870     1.917837   124.655417    64.393634    60.261783    59.825515    61.730812     0.061666   286.376203   280.238813     7.644393     2.580641     0.106333
      1993.0     3.405644   356.583060   549.041552  1774.909898     1.795264   124.735753    64.013740    60.722013    61.511664    61.258206     0.061909   286.608729   280.713239     7.610492     2.930286    -0.861487
      1994.0     6.404302   357.914492   549.618926  1775.681024     1.628096   128.119815    65.884893    62.234922    61.130372    62.538907     0.064157   286.501996   280.605517     7.631189     2.768611     0.637410
      1995.0     6.524909   359.676562   550.063326  1776.331969     1.711242   128.826876    66.099791    62.727085    62.216085    62.510349     0.066412   286.632515   280.645584     7.673769     3.145041    -0.356681
      1996.0     5.993815   361.366310   550.433571  1776.994501     1.802030   124.542479    63.745590    60.796889    60.408173    61.133674     0.070214   286.856290   280.981486     7.767061     2.241670     0.062969
      1997.0     4.399163   363.098795   550.205460  1776.856727     1.811322   124.974714    63.362413    61.612301    61.707251    60.757871     0.075638   286.972674   281.240738     7.920070     2.832653    -0.811605
      1998.0     8.151297   365.225796   550.820546  1776.540140     1.656175   133.506434    68.024162    65.482271    63.160764    64.000937     0.080439   286.854258   281.180033     8.089274     3.408139     1.156759
      1999.0     8.035859   367.168660   551.510154  1777.994132     1.904695   132.246633    67.123127    65.123506    62.234995    63.669734     0.084482   286.870572   281.061292     8.263960     2.763786    -0.019253
      2000.0     6.019372   368.671020   551.935443  1778.840476     2.022358   128.887396    65.472633    63.414763    61.902392    62.343672     0.083333   286.980136   281.086563     8.335502     2.703672    -0.405064
      2001.0     4.780807   370.304894   551.747734  1778.823262     2.051439   125.938518    63.735424    62.203094    61.651471    61.457942     0.071303   287.147738   281.413518     8.145836     2.465190    -0.176315
      2002.0     6.584848   372.415444   551.980571  1779.036680     2.013863   128.220930    65.250714    62.970216    62.399112    62.363784     0.059267   287.035784   281.313596     7.887393     2.654093    -0.248746
      2003.0     7.457131   374.634463   551.874746  1778.669505     2.164349   128.486406    65.928570    62.557836    62.494043    62.635210     0.057590   287.132973   281.449048     7.785013     3.399185     0.508342
      2004.0     7.172036   376.544469   552.552811  1778.908837     2.097841   133.118551    67.799848    65.318703    63.870024    64.047937     0.059833   287.105916   281.321905     7.764276     3.073846    -0.061419
      2005.0     8.533807   378.421607   553.396117  1779.963621     2.107786   133.856979    68.265343    65.591636    62.876748    64.453203     0.058941   287.098595   281.373248     7.696687     2.968833     0.521671
      2006.0     8.402838   380.348049   554.382984  1781.561673     2.064450   134.296222    68.230962    66.065260    63.060073    64.425269     0.051331   287.094157   281.310000     7.490004     2.818826    -0.232856
      2007.0     6.805342   382.202170   554.841911  1782.440195     2.152649   128.819152    65.524378    63.294774    62.045487    62.569485     0.050226   287.355868   281.656517     7.396019     2.495966    -0.354524
      2008.0     6.432864   384.049718   555.124945  1782.583025     1.995571   130.862766    66.744704    64.118062    63.338396    63.469650     0.052783   287.314519   281.698997     7.404228     2.992020    -0.011576
      2009.0    10.025009   385.959729   556.197546  1784.202955     1.973879   140.148610    70.931986    69.216624    63.821256    66.415294     0.105319   287.093763   281.125013     8.506274     3.444092     0.974108
      2010.0     7.166001   388.116299   556.618685  1785.855857     2.232605   131.672006    66.082886    65.589120    62.693528    63.163599     0.164128   287.389305   281.814771    10.035927     2.498148    -1.182831
      2011.0     6.662663   390.355050   556.584180  1785.500717     2.362037   130.835214    66.057200    64.778014    63.573968    63.033667     0.111355   287.520050   281.835762     9.430464     3.058038    -0.185161
      2012.0     7.299569   392.623403   556.580215  1785.101386     2.323684   133.293317    67.603090    65.690228    64.370547    64.176011     0.147280   287.634153   282.030474    10.423263     3.431044     0.204795
      2013.0     7.408097   394.947618   556.533792  1785.340830     2.379517   131.211205    66.474230    64.736975    63.217803    63.499861     0.249455   287.695778   282.059456    13.053091     3.020792     0.042613
      2014.0     4.990522   396.989114   556.156006  1784.566953     2.448824   131.110085    65.852647    65.257439    64.421578    62.845916     0.253944   287.802060   282.412265    14.053727     3.384517    -0.801785
      2015.0    10.565272   400.177939   556.476451  1784.257559     2.737221   134.177657    68.426830    65.750827    64.117640    64.767606     0.166298   287.730583   282.210660    12.968500     3.338779     0.959360
      2016.0     8.694664   402.433152   556.800419  1785.033293     2.633218   134.163807    68.270964    65.892843    63.716932    64.715233     0.113307   287.731603   282.210396    12.076455     3.231763     0.222567
      2017.0    11.479954   405.322819   557.618864  1786.210953     2.639429   140.231305    71.121074    69.110232    65.075464    66.537450     0.115258   287.664569   282.016980    12.075686     3.765178     0.284326
      2018.0    10.114020   408.281538   558.578426  1787.145589     2.680458   137.783801    69.620756    68.163048    65.185220    65.550767     0.130678   287.799962   282.276021    12.395015     3.110424    -0.569089
      2019.0    11.241019   411.391460   559.232584  1787.713397     2.741547   139.060060    70.222251    68.837811    64.967286    66.043539     0.152684   287.828926   282.446348    12.953384     3.524553     0.508445
      2020.0    10.104409   414.596721   559.750849  1788.332510     2.729328   140.533739    70.780298    69.753442    66.694785    66.561358     0.180281   287.861201   282.450096    13.757724     3.700675    -0.752540
      2021.0    12.185225   417.894036   560.448353  1789.335709     2.765844   140.242803    71.295957    68.946846    65.255112    67.063077     0.200013   287.835012   282.388713    14.531826     3.535376     0.804766
      2022.0    11.703792   421.266950   561.094360  1790.432760     2.875348   141.539436    71.945801    69.593646    66.619205    67.422952     0.227369   287.760432   282.360522    15.553858     3.876832    -0.293304
      2023.0    12.347489   424.702345   561.709966  1791.968032     2.728080   139.712829    70.659471    69.053357    64.747275    66.662854     0.255857   287.807546   282.277438    16.715517     3.381011     0.380307
      2024.0    10.785699   428.196903   561.747989  1793.225809     2.885818   135.945617    68.369246    67.576371    64.370418    64.995876     0.285513   288.020177   282.564667    18.013147     3.335347    -0.632319
      2025.0     9.973414   431.753927   561.447106  1793.053921     3.096894   138.836974    69.970078    68.866896    66.994152    66.281879     0.303150   288.085297   282.567416    19.146603     3.989081    -0.540384
      2026.0    13.054962   435.376701   562.172696  1792.919356     3.073109   144.635786    73.368434    71.267352    67.400670    68.302629     0.256133   288.032664   282.595884    18.887209     4.340216     1.036523
      2027.0    13.238034   439.068505   563.357836  1794.283567     3.127898   142.691099    72.197038    70.494061    66.268421    67.690740     0.245018   288.108871   282.698395    19.090786     3.321158     0.058107
      2028.0    13.136096   442.826053   564.091444  1795.772568     3.167436   144.673210    73.226228    71.446982    67.407801    68.492095     0.255989   288.133532   282.600087    19.688961     4.000525    -0.404707
      2029.0    13.229957   446.652651   564.887993  1796.808594     3.308793   145.834115    73.157786    72.676329    67.457350    68.521606     0.269648   288.302630   282.874021    20.383793     3.839631     0.028230
      2030.0    11.363807   450.548279   565.478895  1796.839218     3.099864   147.852448    73.692911    74.159551    69.763888    69.075980     0.276611   288.541728   283.360255    20.977167     4.026015    -0.718533
      2031.0    14.408867   454.509666   566.341619  1797.503048     3.246842   149.845476    75.380155    74.465320    68.689498    70.440119     0.242168   288.280017   282.802104    20.665594     4.077312     1.086792
      2032.0    13.691518   458.533496   567.126597  1799.196071     3.418862   144.075405    72.007519    72.067886    66.595858    68.018366     0.231963   288.482867   283.132517    20.671570     3.204175    -0.270514
      2033.0    11.756485   462.603352   567.084810  1799.276534     3.374283   142.920954    71.413759    71.507206    67.939837    67.435286     0.234653   288.528684   283.236041    20.899235     4.020248    -0.585015
      2034.0    14.630646   466.719247   567.934022  1800.185266     3.459852   150.192657    74.489006    75.703651    68.098744    69.720890     0.236522   288.577540   283.261353    21.120569     3.918904     0.713414
      2035.0    12.767091   470.887732   568.308272  1800.832218     3.307962   146.515591    73.486319    73.029271    69.001770    68.938548     0.236740   288.708468   283.340393    21.314825     4.173522    -0.710174
      2036.0    13.515467   475.108820   569.101141  1801.072479     3.549666   148.003920    74.142639    73.861281    69.250486    69.567866     0.218088   288.738541   283.457977    21.091007     3.781904     0.077119
      2037.0    14.686719   479.382509   570.092104  1801.683461     3.421593   150.474501    75.645606    74.828895    69.588172    70.463927     0.214354   288.776235   283.579295    21.089464     4.190716     0.264774
      2038.0    14.709328   483.712078   571.134539  1803.015672     3.486137   149.155533    74.687400    74.468132    68.721713    70.055816     0.218329   288.725118   283.514956    21.245161     3.589149     0.001892
      2039.0    14.774821   488.100821   571.732468  1803.847397     3.678986   148.538654    74.345086    74.193568    68.653131    69.758308     0.228623   288.884481   283.700111    21.572126     3.988849     0.273452
      2040.0    12.931937   492.545456   572.043037  1804.089045     3.703086   147.511967    73.237463    74.274504    69.581992    69.109385     0.232958   289.084343   284.024389    21.826731     3.817509    -0.714255
      2041.0    14.313798   497.045972   572.657189  1804.220064     3.697065   152.606266    75.924001    76.682264    70.758301    71.167352     0.216771   289.043132   283.944600    21.650356     4.142497     0.278032
      2042.0    13.665496   501.599091   572.887110  1804.561659     3.834994   147.818858    73.447708    74.371150    69.367988    69.458068     0.215845   289.063482   283.924894    21.718895     3.759719    -0.251515
      2043.0    15.894028   506.201523   573.627600  1805.082972     3.740478   154.380196    77.190411    77.189784    70.714503    71.866717     0.223351   289.145111   284.103467    21.972548     4.583204     0.630902
      2044.0    15.215997   510.853265   574.593380  1805.751455     3.707341   155.862283    77.618828    78.243454    71.899649    72.399010     0.236626   289.072548   283.964254    22.400488     4.254038    -0.169122
      2045.0    15.636556   515.551028   575.423008  1806.988215     3.755022   152.585341    75.903144    76.682197    69.903718    71.098636     0.239036   289.153030   284.168393    22.661623     3.974881    -0.041842
      2046.0    15.812167   520.301393   576.335873  1807.932481     3.834909   154.600989    76.926909    77.674080    70.981840    71.979022     0.216829   289.074097   283.995377    22.385574     4.035021     0.052915
      2047.0    15.580998   525.104359   577.201007  1809.042261     3.668198   156.743553    77.435539    79.308014    71.627582    72.533760     0.213254   289.138499   284.047035    22.392023     4.036645    -0.203601
      2048.0    15.078095   529.959923   577.362991  1809.611903     3.611552   152.413927    75.611743    76.802184    70.404911    71.287365     0.216688   289.200648   284.084178    22.540487     4.162394     0.312811
      2049.0    16.144477   534.871385   578.148808  1810.978441     3.784379   154.458137    76.635088    77.823050    70.651379    71.898716     0.222816   289.226725   284.124613    22.772802     3.950555    -0.119201
      2050.0    14.488596   539.835422   578.416970  1811.217438     3.727790   151.830297    75.303480    76.526817    70.959266    70.901547     0.229609   289.399378   284.505511    23.058193     4.133772    -0.296716
      2051.0    16.997926   544.855357   579.192972  1812.264034     3.599300   158.037235    78.873127    79.164109    71.880833    73.479070     0.249542   289.263646   284.144803    23.667208     4.618054     0.551641
      2052.0    17.155363   549.931182   580.264560  1813.709828     3.905438   157.948501    78.568633    79.379868    71.942811    73.111704     0.276542   289.397837   284.223735    24.537048     4.385340    -0.276900
      2053.0    13.936395   555.056310   580.687822  1814.139414     3.897805   152.379076    75.052587    77.326489    71.689669    71.060526     0.298761   289.659894   284.742449    25.432501     3.568800    -1.058729
      2054.0    13.244147   560.230763   580.354123  1812.553318     3.838665   155.694778    76.473731    79.221047    73.766966    72.042207     0.322296   289.766780   285.157557    26.450104     4.765223    -0.138664
      2055.0    18.057893   565.457806   581.022712  1813.377482     3.932358   160.574381    79.328059    81.246323    71.852289    74.005479     0.334010   289.617434   284.555311    27.295393     4.653991     1.329026
      2056.0    14.811907   570.737448   581.633458  1813.545746     3.775511   158.514858    77.861160    80.653699    73.740863    73.030008     0.317456   289.826121   284.987539    27.528957     4.220403    -0.879119
      2057.0    15.963476   576.072982   582.016191  1813.533298     3.852782   157.502860    77.761733    79.741127    72.620302    72.952661     0.331615   289.826548   284.887438    28.306242     4.426340     0.344807
      2058.0    17.247079   581.464398   582.727691  1813.813656     4.053095   161.552853    80.086813    81.466042    73.791394    74.377786     0.350629   289.838498   284.921130    29.233629     4.997525     0.306034
      2059.0    16.669408   586.908419   583.672522  1814.543845     3.997501   162.751955    79.960023    82.791932    74.236538    74.637512     0.369632   289.933228   285.129773    30.229942     4.377679    -0.329215
      2060.0    16.440655   592.411603   584.223799  1814.262805     3.915337   164.403200    81.207763    83.195441    75.742768    75.577474     0.383586   289.924973   285.200727    31.177317     5.079007     0.115747
      2061.0    18.460572   597.973972   585.487576  1815.418732     4.076051   163.791969    80.844991    82.946978    73.779951    75.284198     0.368139   289.972173   285.096072    31.500927     4.297015     0.348320
      2062.0    16.349734   603.588938   585.882160  1816.074140     4.022208   159.339929    78.346280    80.993649    73.564052    73.544314     0.369216   290.073484   285.199659    32.053555     4.407382    -0.675145
      2063.0    17.874139   609.263079   586.484881  1816.623202     3.947606   164.225898    80.661617    83.564281    74.121067    75.102374     0.377785   290.099355   285.263415    32.741085     4.956521     0.432244
      2064.0    18.185066   614.996387   587.393004  1817.511120     3.989690   168.830125    82.847482    85.982643    76.063366    76.994567     0.393795   290.112462   285.316798    33.607140     4.944792     0.043283
      2065.0    17.344024   620.788877   588.451070  1818.288878     3.990231   165.700828    81.220225    84.480604    75.397464    75.684343     0.408044   290.282115   285.605212    34.490723     4.477816    -0.490880
      2066.0    16.191802   626.640540   588.711536  1818.004862     3.953127   163.621241    79.895010    83.726231    75.432378    75.010298     0.398394   290.306346   285.507167    34.888191     4.624246    -0.138065
      2067.0    16.959929   632.548080   589.047802  1817.648424     4.057548   167.267480    81.680233    85.587246    76.581509    76.148916     0.395573   290.336156   285.550448    35.341045     5.195052    -0.076156
      2068.0    17.623164   638.518093   589.910794  1817.410277     4.039456   168.911792    82.445699    86.466093    76.828035    76.945614     0.400873   290.438293   285.746908    35.926392     4.637093     0.355725
      2069.0    18.115123   644.550565   590.727805  1817.647608     4.209118   168.621560    82.802189    85.819371    76.832454    77.046373     0.408464   290.489866   285.708722    36.564064     4.938805    -0.023412
      2070.0    17.539814   650.645499   591.604739  1817.594995     4.256802   169.508872    82.902540    86.606332    77.644151    76.991044     0.406922   290.664490   285.998060    37.014069     5.034562    -0.600493
      2071.0    18.187537   656.816038   592.547876  1817.103668     4.158288   171.357081    83.371005    87.986076    77.482801    77.591849     0.357306   290.828667   286.347066    36.363552     4.836020     0.600374
      2072.0    16.946573   663.045756   592.989598  1817.002770     4.050064   168.086275    81.557647    86.528628    77.085882    76.648400     0.337151   290.874242   286.407700    36.068325     4.467525    -0.336584
      2073.0    18.204103   669.324785   593.208652  1817.339713     4.200583   165.753238    80.652742    85.100496    75.213739    75.706575     0.337531   290.964012   286.562780    36.126060     4.727113     0.155894
      2074.0    16.754909   675.636688   593.228606  1816.818914     4.292804   168.035083    81.570501    86.464592    77.775041    76.566088     0.345249   291.064110   286.605133    36.366779     4.984449    -0.688154
      2075.0    16.848746   682.014343   593.886564  1814.691563     4.056874   176.178680    84.937964    91.240717    80.696269    78.663798     0.341333   291.128324   286.794098    36.406384     5.616207     0.094880
      2076.0    20.537253   688.490618   594.935207  1815.200338     4.072350   172.781606    84.260864    88.520742    76.546792    78.586359     0.305436   290.936117   286.371857    35.731171     4.625862     1.530792
      2077.0    18.463926   695.032645   595.409023  1816.620160     3.953478   169.626035    82.092323    87.533712    76.676065    77.062357     0.289195   291.107002   286.536764    35.302845     4.556149    -1.033530
      2078.0    17.117125   701.640414   595.601587  1815.509553     4.058815   174.886340    84.241655    90.644685    80.259951    78.609314     0.286211   291.314331   287.028005    35.107265     5.439777    -0.540030
      2079.0    19.860039   708.313935   596.806621  1815.620395     4.141490   180.452260    86.986126    93.466134    80.240676    80.735282     0.289387   291.320961   287.019000    35.064404     5.045809     0.383764
      2080.0    20.216930   715.020341   597.682946  1815.827616     4.141243   176.617377    85.947520    90.669865    79.106659    79.879833     0.294388   291.333522   286.974617    35.111950     5.191354     0.565953
      2081.0    20.489614   721.792488   598.862071  1816.915752     4.129642   176.661158    85.563631    91.097544    78.544228    79.674793     0.277597   291.428764   287.032776    34.733356     4.709695     0.042428
      2082.0    18.172336   728.663255   599.116123  1817.322745     4.255823   170.965282    82.072069    88.893213    77.897501    77.319316     0.275347   291.650057   287.357363    34.603416     4.498701    -0.985178
      2083.0    15.993048   735.599774   598.821867  1814.732981     4.205084   174.845735    83.211619    91.634115    81.192633    78.182655     0.279947   291.785062   287.571607    34.639164     5.323220    -0.420214
      2084.0    19.213476   742.634914   599.079095  1813.293663     4.179741   176.170803    84.918546    91.252257    79.763457    79.364167     0.286165   291.753609   287.397474    34.758232     5.297150     1.040027
      2085.0    18.931132   749.735812   599.362345  1812.926063     4.183308   176.368674    84.873521    91.495152    80.117998    79.582623     0.286622   291.756554   287.488408    34.801243     5.007648    -0.167775
      2086.0    19.246520   756.902457   599.924650  1812.477955     4.281324   177.691925    85.102642    92.589286    80.299468    79.641841     0.259373   291.916641   287.799927    34.249775     4.898493    -0.209520
      2087.0    18.493342   764.167710   600.261861  1810.923993     4.282055   177.213228    84.852727    92.360501    80.985253    79.263952     0.249030   292.063131   288.022499    33.930035     5.251564    -0.167339
      2088.0    18.130058   771.498722   600.547644  1809.330404     4.250789   175.581563    83.993949    91.587615    80.645885    78.828761     0.247490   292.076846   287.926585    33.771015     4.879404    -0.223535
      2089.0    18.498527   778.895486   600.783258  1807.911510     4.198568   179.590538    85.788145    93.802394    82.103951    80.157801     0.251045   292.097435   287.908727    33.743839     5.394730    -0.527256
      2090.0    21.871462   786.390877   601.626945  1807.025047     4.146727   183.604501    88.987623    94.616878    81.903799    82.447984     0.251444   292.035744   287.828339    33.690006     5.695952     1.430649
      2091.0    20.809227   793.984881   602.845865  1807.267656     4.218547   180.520638    86.713785    93.806861    81.145306    80.797233     0.232401   292.174054   288.096748    33.227779     4.697624    -0.590683
      2092.0    20.145628   801.644644   603.463407  1806.021243     4.118126   183.487786    87.812761    95.675026    82.909112    81.723836     0.226827   292.275681   288.164200    32.974201     5.471383     0.061137
      2093.0    21.223557   809.370154   604.434886  1805.991290     4.103285   182.455696    87.602834    94.852862    81.710300    81.848670     0.227444   292.274190   288.128797    32.850468     4.782685     0.168323
      2094.0    20.629786   817.194289   605.419289  1805.287665     4.183975   183.860371    87.625512    96.234859    82.517347    81.486777     0.232666   292.467628   288.397954    32.857796     5.154332    -0.326945
      2095.0    18.279656   825.117033   605.511597  1803.034362     4.113876   184.549117    87.222834    97.326287    84.459589    81.671037     0.231191   292.630984   288.834241    32.766804     5.459485    -0.535248
      2096.0    23.124168   833.105536   606.547149  1802.255552     4.028673   193.654263    92.606758   101.047505    84.941729    85.063550     0.197762   292.302325   288.026980    31.976479     6.507657     0.900630
      2097.0    23.722418   841.192670   608.204889  1803.552241     4.203353   188.027736    89.767277    98.260459    81.954464    83.592911     0.182579   292.481618   288.392543    31.418299     4.516626     0.341759
      2098.0    19.534432   849.378418   608.632557  1803.145718     4.167697   182.635202    86.608074    96.027127    83.366333    81.241223     0.177323   292.743261   288.817540    31.026722     4.939183    -1.718587
      2099.0    19.253265   857.629919   608.826322  1800.172930     4.173036   185.456323    87.831071    97.625269    84.887574    81.933313     0.180825   292.976095   289.243716    30.834484     5.703976     0.018527
      2100.0    22.179929   865.980040   609.631058  1798.654491     4.201366   189.043582    90.282392    98.761190    84.488216    83.914876     0.175046   292.934619   289.034546    30.490602     5.562780     0.945099