        time     emission          CO2         cveg        csoil        fgco2         fgpp         fnpp           ra          frh     fvegsoil         fluc          tas     tas_land        cprod     fcvegout    fcsoilout
      1850.0     2.795425   283.923842   584.201306  1769.657355    -0.042731   120.148748    60.641310    59.507438    57.142858    59.312016     0.000511   286.251645   280.247350     0.007065     1.231113     0.055553
      1851.0    -1.618605   284.055342   583.738747  1770.306286    -0.007079   110.825232    55.589009    55.236223    56.616612    55.770840     0.000910   286.491229   280.604937     0.012831     0.280729    -1.494704
      1852.0    -1.610580   284.196702   582.715449  1769.490544     0.180325   110.868715    55.722442    55.146273    56.953128    55.838709     0.001036   286.653514   280.887594     0.015314     0.907031    -0.298677
      1853.0    -0.340849   284.328199   582.214850  1767.973358     0.168600   116.937768    58.880349    58.057419    58.755516    57.815946     0.001230   286.684062   280.932714     0.018657     1.565002     0.577616
      1854.0    -0.135505   284.443257   582.490198  1767.623632     0.143697   116.623911    58.759354    57.864557    58.398245    57.797643     0.001299   286.604212   280.815069     0.020302     0.686364    -0.250876
      1855.0     2.126474   284.545169   582.802774  1767.671894     0.114601   118.856507    60.228923    58.627583    57.549034    58.690208     0.001214   286.492627   280.584976     0.020229     1.226139     1.092912
      1856.0    -0.050200   284.660230   582.647647  1768.409980     0.127371   113.064465    57.000062    56.064403    56.520844    56.742779     0.001218   286.581576   280.746745     0.021087     0.412411    -0.516151
      1857.0    -1.754872   284.804879   582.020604  1768.262866     0.175495   111.308329    55.576697    55.731632    56.923165    55.803339     0.001229   286.796661   281.252597     0.022039     0.400401    -0.972713
      1858.0     0.377862   284.969246   581.455754  1766.628172     0.140891   118.177702    59.747926    58.429776    58.947372    58.417872     0.001250   286.568642   280.812487     0.023031     1.894903     1.105194
      1859.0     2.305058   285.146776   582.216735  1767.286600     0.352202   118.526345    59.953716    58.572629    57.474658    58.562107     0.001185   286.504224   280.724289     0.023020     0.630628     0.429022
      1860.0    -1.759971   285.337447   581.603522  1766.923709     0.188613   113.695297    56.883220    56.812077    58.258220    56.730769     0.001066   286.570895   280.732900     0.022023     0.765664    -1.164560
      1861.0    -0.386411   285.524831   580.905193  1766.526245     0.068244   112.057480    56.666273    55.391207    56.594248    56.597452     0.000977   286.466662   280.689397     0.021133     0.767150     0.400668
      1862.0     1.919887   285.699073   580.758655  1766.843346     0.058446   117.150271    59.757844    57.392427    57.344448    58.280617     0.000840   286.314206   280.537326     0.019819     1.623765     0.619068
      1863.0     1.204073   285.870008   581.308198  1767.873489    -0.044758   116.721716    59.058511    57.663205    57.232852    57.874243     0.000794   286.337748   280.435155     0.019699     0.634725    -0.388752
      1864.0     0.997606   286.040957   581.513792  1768.336406    -0.155863   117.413930    59.621587    57.792343    57.874127    58.302239     0.000826   286.422023   280.526647     0.020711     1.113754    -0.034804
      1865.0     0.411904   286.211908   581.650560  1768.674780    -0.117090   115.626723    58.499847    57.126875    57.347541    57.682110     0.000855   286.492790   280.685196     0.021607     0.680970    -0.003806
      1866.0    -0.321897   286.382858   581.204398  1768.480847     0.126794   113.922663    57.747817    56.174846    57.606288    57.141206     0.000877   286.453468   280.625112     0.022357     1.052773    -0.271148
      1867.0     0.694703   286.547227   581.233987  1768.610937     0.231933   114.967736    58.091913    56.875823    57.029097    57.151620     0.000872   286.527537   280.625760     0.022438     0.910704    -0.007567
      1868.0     0.293961   286.695163   581.459484  1767.784123     0.053542   119.201799    59.951070    59.250729    59.000258    58.427001     0.000944   286.576075   280.734416     0.023505     1.298572     0.253557
      1869.0     1.288198   286.826658   582.056238  1767.872505    -0.052656   118.738172    60.213810    58.524362    58.143640    58.653097     0.001053   286.551081   280.789490     0.025077     0.963959     0.421075
      1870.0     0.223838   286.954871   582.036145  1768.246167    -0.060920   116.756120    58.858055    57.898065    57.826342    57.982596     0.002042   286.532715   280.653030     0.043010     0.895553    -0.217408
      1871.0    -0.801965   287.096232   581.936846  1768.206629     0.066596   114.303779    57.398534    56.905245    57.590133    56.943434     0.004175   286.605904   280.757072     0.091012     0.554398    -0.607160
      1872.0     0.671118   287.263893   581.440554  1767.601575     0.160186   115.504656    58.572670    56.931986    57.443224    57.489171     0.005579   286.532509   280.659770     0.136650     1.579791     0.651000
      1873.0     1.322233   287.454564   581.814546  1768.292014     0.279488   116.225350    59.084887    57.140464    57.452603    57.917655     0.008801   286.518707   280.578423     0.225047     0.793240    -0.225386
      1874.0    -1.136118   287.661673   581.500890  1767.716868     0.260850   114.030833    57.292714    56.738119    58.118901    56.648621     0.011810   286.729780   280.824689     0.324921     0.957748    -0.895134
      1875.0    -0.123253   287.885222   581.479628  1766.875077     0.385477   116.131283    58.466114    57.665169    58.391853    57.623729     0.013800   286.747971   280.938304     0.415277     0.863647     0.073667
      1876.0    -0.873140   288.115342   580.842401  1765.630241     0.333199   113.895143    57.250121    56.645022    57.847120    56.830861     0.015987   286.785627   281.127925     0.517867     1.056487     0.228576
      1877.0     1.226719   288.348752   580.698693  1764.817497     0.501272   118.538108    60.034605    58.503503    58.704106    58.364847     0.019681   286.716418   280.858017     0.660414     1.813466     0.473485
      1878.0     1.205439   288.585447   581.285191  1764.940798     0.089616   121.286647    60.882433    60.404214    59.169736    59.410541     0.024777   286.546374   280.612002     0.849134     0.885394     0.117503
      1879.0     3.372989   288.822145   582.108404  1765.864563     0.162276   123.652125    62.469717    61.182408    58.596244    60.093631     0.032392   286.436152   280.542684     1.112450     1.552872     0.573623
      1880.0     1.974358   289.068709   582.593820  1767.375407     0.349846   118.103992    59.562617    58.541375    57.347511    58.519729     0.026926   286.460116   280.346998     1.120788     0.557473    -0.338626
      1881.0    -0.977421   289.334985   582.115048  1767.144340     0.125086   114.745788    57.468076    57.277711    58.028588    56.941005     0.016507   286.652209   280.855761     0.976086     1.005843    -0.856517
      1882.0     2.507619   289.604559   582.311789  1767.264096     0.232016   119.733852    60.734033    58.999819    57.863531    59.016141     0.013461   286.379761   280.296054     0.929190     1.521151     1.032854
      1883.0     1.260393   289.857691   582.379384  1768.360498     0.393539   116.121256    58.468189    57.653067    57.029492    57.833082     0.012286   286.549004   280.462125     0.906768     0.567512    -0.292813
      1884.0    -0.027681   290.114114   581.543314  1768.043375     0.610936   113.044324    57.024122    56.020203    57.097724    56.613282     0.012049   286.444990   280.489474     0.899036     1.246910    -0.167319
      1885.0     2.837978   290.393543   581.374899  1768.873769     0.388547   117.224691    59.912705    57.311986    56.922377    58.521727     0.012866   286.291295   280.303474     0.913487     1.559393     0.768956
      1886.0     1.410817   290.692702   581.530703  1770.249210     0.411181   117.229661    58.997668    58.231993    57.552706    57.990418     0.013293   286.294952   280.209012     0.927551     0.851445    -0.937729
      1887.0     0.953924   291.011588   581.750820  1770.029473     0.289830   116.595981    59.137147    57.458835    58.014506    57.878759     0.013657   286.448751   280.623675     0.942753     1.038271     0.083990
      1888.0     0.567687   291.353484   581.506975  1769.770567     0.235913   116.136230    59.040726    57.095503    58.306981    57.872076     0.013924   286.431974   280.616249     0.957397     1.412496    -0.175999
      1889.0     2.316247   291.701947   582.071288  1770.091169     0.235534   120.125317    60.702421    59.422896    58.141600    59.023593     0.014296   286.413582   280.528458     0.975051     1.114515     0.561391
      1890.0     0.873591   292.050421   581.994247  1770.501416     0.348177   116.603088    58.944043    57.659044    58.020246    58.049464     0.015521   286.423162   280.369789     1.013965     0.971621    -0.381030
      1891.0     0.290254   292.405467   581.909561  1769.827666     0.361609   117.521341    59.093974    58.427367    58.712358    57.901673     0.018062   286.559059   280.748619     1.087616     1.276987    -0.136934
      1892.0    -0.216702   292.747360   581.210644  1769.213217     0.409961   112.848438    57.162541    55.685897    57.298811    56.786648     0.022610   286.414853   280.340492     1.217082     1.074809     0.102286
      1893.0    -0.410795   293.066241   580.737577  1768.393751     0.290493   115.492607    58.396875    57.095731    58.542337    57.347997     0.025651   286.584862   280.825249     1.335815     1.521945    -0.374874
      1894.0     1.388248   293.371974   581.078518  1768.004419     0.286062   120.300333    61.018420    59.281913    59.310560    59.191633     0.028352   286.530111   280.686020     1.459824     1.485845     0.270406
      1895.0     1.479025   293.664554   581.344991  1768.347155     0.199923   117.795280    59.847703    57.947577    57.924553    58.666726     0.030658   286.431931   280.532987     1.585593     0.914505     0.399437
      1896.0     0.917427   293.947282   581.161045  1768.585268     0.331374   117.609834    59.819905    57.789930    58.560334    58.570144     0.033564   286.399114   280.493609     1.730072     1.433706    -0.228304
      1897.0    -0.347097   294.236575   580.771719  1768.544913     0.477904   114.684557    57.714917    56.969640    57.867682    57.161883     0.037910   286.640757   280.963966     1.914805     0.942361    -0.665445
      1898.0    -0.335929   294.548881   580.354827  1767.394846     0.377423   119.065931    59.343668    59.722264    59.429242    58.316723     0.041794   286.630798   280.885910     2.105265     1.443836     0.037548
      1899.0     2.581745   294.894069   580.788725  1767.026766     0.293574   122.871253    62.158485    60.712768    59.210944    59.894461     0.045379   286.461828   280.611560     2.300693     1.830126     1.051598
      1900.0     1.525908   295.249112   581.050288  1767.784525     0.264189   120.450073    60.635921    59.814152    58.705296    59.302643     0.035426   286.322833   280.260333     2.205267     1.071715    -0.160413
      1901.0     0.324087   295.587719   580.542313  1767.936404     0.304279   115.151280    58.049187    57.102093    57.409991    57.297622     0.022317   286.416512   280.403773     1.973531     1.259540    -0.264247
      1902.0    -0.375935   295.913173   579.974069  1767.366046     0.597132   115.147780    58.008549    57.139231    58.387197    57.243746     0.018574   286.523933   280.404895     1.871843     1.333048    -0.573092
      1903.0    -0.800963   296.232056   579.535713  1766.169506     0.460835   114.731622    57.747018    56.984603    58.397360    57.119386     0.019218   286.518898   280.500290     1.848746     1.065987    -0.081434
      1904.0     0.470734   296.547651   578.987210  1765.155412     0.137669   116.146986    59.146209    57.000777    58.140910    57.876330     0.020463   286.358370   280.380468     1.848327     1.818383     0.749513
      1905.0     3.062091   296.882972   579.558424  1765.948583     0.118551   121.652308    62.139325    59.512983    58.494457    59.853343     0.022107   286.176537   280.225871     1.867792     1.714768     0.565715
      1906.0     1.694828   297.261030   579.982770  1767.057188     0.443253   116.435233    59.104358    57.330875    57.311663    57.843177     0.025436   286.418897   280.469655     1.935770     0.836835    -0.577091
      1907.0     0.152199   297.675259   579.398727  1766.736844     0.469807   114.066921    57.885084    56.181837    57.670363    57.205814     0.029275   286.582197   280.610324     2.031916     1.263313    -0.144205
      1908.0     0.286956   298.099333   579.062372  1766.494391     0.456446   115.968010    58.347990    57.620020    58.042379    57.514021     0.034185   286.599714   280.671883     2.170020     1.170325    -0.285906
      1909.0     0.267051   298.523409   578.100932  1765.954634     0.486186   114.100348    57.726067    56.374281    57.409887    57.110794     0.039395   286.524869   280.686541     2.337946     1.576713     0.240664
      1910.0     2.788017   298.960645   577.905018  1766.443567     0.638785   119.638933    60.358209    59.280724    57.732515    58.793297     0.031740   286.441986   280.434133     2.246777     1.760825     0.571850
      1911.0     0.022430   299.427462   577.498339  1766.552071     0.524481   114.963117    57.815026    57.148091    57.968982    57.210947     0.019816   286.632929   280.650322     2.013638     1.010758    -0.866539
      1912.0    -0.067550   299.940303   576.808359  1765.803662     0.408505   113.602852    57.477620    56.125232    57.671373    56.895871     0.015043   286.542007   280.517466     1.872909     1.271729    -0.027093
      1913.0     2.884913   300.476156   576.739231  1765.618531     0.628938   121.132803    61.487320    59.645483    58.923529    59.406556     0.013068   286.445933   280.366412     1.774634     2.149891     0.668158
      1914.0     1.504805   300.998870   576.931929  1765.818034     0.522901   118.229020    59.822118    58.406902    58.466623    58.435783     0.012002   286.494855   280.510829     1.693953     1.193638    -0.230343
      1915.0     1.460804   301.521569   577.010938  1766.032212     0.408546   117.186848    59.696713    57.490134    58.270193    58.291471     0.011238   286.471397   280.618342     1.623168     1.326233    -0.192900
      1916.0     2.110412   302.054130   577.278893  1765.905410     0.473948   119.285299    60.695806    58.589493    58.727603    58.760257     0.010881   286.545715   280.616859     1.564918     1.667594     0.159456
      1917.0    -0.225674   302.563687   576.938254  1765.814690     0.411672   112.851971    56.952134    55.899836    57.275756    56.764289     0.010324   286.597577   280.812238     1.507144     0.528484    -0.420747
      1918.0    -0.439295   303.007490   575.930687  1764.361380     0.553527   115.096546    58.193457    56.903089    58.726451    57.214000     0.010100   286.614914   280.656535     1.460411     1.987024    -0.059141
      1919.0     0.094984   303.405274   575.255594  1763.340498     0.505145   114.554252    58.222194    56.332059    57.964902    57.309542     0.010094   286.518023   280.515348     1.421721     1.587745     0.365522
      1920.0     1.970863   303.799766   575.371027  1763.766214     0.496954   118.909094    60.413668    58.495426    58.244550    58.748572     0.010678   286.510803   280.511808     1.398434     1.549663     0.078306
      1921.0     2.021232   304.171249   575.445188  1764.271432     0.427862   120.047827    60.880702    59.167125    58.494716    59.250271     0.011798   286.542613   280.625679     1.393455     1.556271     0.250336
      1922.0     0.304256   304.513139   575.001358  1764.270347     0.571567   116.396741    58.970840    57.425901    58.386763    57.854560     0.012771   286.706680   280.860860     1.394866     1.560111    -0.531118
      1923.0    -0.124018   304.851737   574.651704  1763.235853     0.625858   117.082268    59.352378    57.729890    59.259771    57.976726     0.014561   286.738647   280.959211     1.421459     1.725306    -0.248551
      1924.0     1.730937   305.157479   574.872839  1762.848355     0.698567   119.653138    60.792640    58.860498    58.899592    59.199225     0.016724   286.740077   280.971153     1.468963     1.372280     0.687131
      1925.0    -0.139266   305.374451   574.536920  1762.447178     0.620179   115.684605    58.518480    57.166125    58.246931    57.330390     0.019455   286.783585   280.874341     1.541058     1.524009    -0.515364
      1926.0     0.144923   305.545396   574.432677  1761.694161     0.463409   117.929769    59.540109    58.389660    58.618439    58.116479     0.023317   286.786275   280.895419     1.650317     1.527872     0.251057
      1927.0     0.261475   305.729494   574.224897  1761.206033     0.632120   118.489568    59.940186    58.549383    59.082219    58.516668     0.026986   286.789820   280.961456     1.774899     1.631298    -0.077424
      1928.0     1.689582   305.903728   574.013649  1761.650865     0.708099   118.040547    59.670182    58.370365    57.427851    58.473314     0.031121   286.664271   280.785474     1.923566     1.408116     0.600632
      1929.0     0.051822   306.054951   573.445198  1761.576430     0.579269   119.223400    60.016624    59.206776    59.199780    58.546106     0.035160   286.678747   280.758868     2.086135     2.038969    -0.579239
      1930.0    -0.352693   306.209465   573.355988  1760.889861     0.508055   118.664349    60.043221    58.621127    59.588221    58.646447     0.030580   286.709050   280.953606     2.075189     1.485985    -0.255206
      1931.0     1.807984   306.409997   573.259849  1760.726015     0.603055   121.074692    61.689195    59.385497    59.187866    59.768803     0.025397   286.570508   280.499954     2.018955     2.016530     0.744783
      1932.0     0.931146   306.672993   573.261622  1761.156496     0.852099   118.765780    60.000712    58.765068    58.739940    58.681595     0.025011   286.734230   280.856501     2.034228     1.317344    -0.488826
      1933.0    -0.324277   306.988587   572.601371  1760.081837     0.527019   121.648156    61.300515    60.347641    61.028946    59.466931     0.025658   286.789530   281.061602     2.068973     2.493835    -0.487356
      1934.0     4.243886   307.366651   573.348679  1760.700368     0.445359   126.713605    64.103584    62.610022    59.297554    61.659778     0.026747   286.491875   280.503151     2.114780     1.696498     1.743693
      1935.0     2.452489   307.879495   573.338428  1762.590847     0.488429   121.406370    60.843447    60.562923    58.303225    59.583759     0.029328   286.514567   280.569603     2.198507     1.269939    -0.609945
      1936.0     1.176102   308.569865   573.204982  1762.901897     0.716498   120.233045    59.965048    60.267997    59.236630    58.433437     0.033896   286.766609   280.808670     2.338070     1.665057    -1.114242
      1937.0     1.231385   309.273368   572.937956  1761.555302     0.442651   122.496517    61.478096    61.018421    60.352931    59.514089     0.038379   286.807533   280.987508     2.495433     2.231034     0.507754
      1938.0     2.203297   309.865112   572.980357  1761.851017     0.609384   122.615572    61.537173    61.078399    59.394788    60.053232     0.043645   286.738642   280.830307     2.687609     1.441539     0.362729
      1939.0     0.006688   310.400965   572.214159  1761.554440     0.724236   117.090478    58.679165    58.411312    58.740794    57.780915     0.049302   286.938192   281.172582     2.909246     1.664449    -0.663302
      1940.0     0.409105   310.903944   571.574231  1760.737021     0.733671   119.812384    60.086548    59.725835    59.668914    58.856052     0.048022   286.881976   281.067726     2.998888     1.870424     0.004558
      1941.0     2.325534   311.347749   571.273332  1760.554798     0.713339   121.785992    61.724705    60.061287    59.170481    59.828390     0.045970   286.721532   280.903282     3.052045     2.197214     0.840132
      1942.0     0.950125   311.696215   571.014867  1761.050922     0.658316   117.983155    59.859700    58.123455    58.451315    58.593636     0.047300   286.690315   280.867808     3.159289     1.524528    -0.353804
      1943.0    -0.349278   311.903322   570.025140  1761.126789     0.695711   114.651577    57.895995    56.755582    57.617994    57.392047     0.049797   286.831619   280.996854     3.293488     1.493675    -0.301813
      1944.0    -0.373152   311.962494   569.136065  1760.406588     0.667251   117.295758    59.190345    58.105414    58.559448    57.811868     0.050964   286.890147   281.097328     3.406021     2.267551    -0.027378
      1945.0    -1.249730   311.952632   568.411457  1759.584180     0.605789   116.836864    58.814051    58.022813    58.786275    57.850250     0.052027   286.888209   281.219340     3.514901     1.688409    -0.113617
      1946.0     1.371189   311.972358   568.285740  1759.455611     0.441367   123.227111    62.877218    60.349892    60.039618    60.545055     0.054717   286.732641   280.969121     3.657682     2.457880     0.634007
      1947.0     1.753269   312.031532   568.408505  1760.520170     0.126103   121.715653    61.932829    59.782824    58.513178    59.838999     0.057895   286.547841   280.763364     3.819641     1.971066     0.261261
      1948.0     1.186820   312.100568   568.552889  1761.782689     0.105861   120.919637    61.179707    59.739930    58.387675    59.479206     0.060968   286.525009   280.630826     3.989162     1.556116    -0.170989
      1949.0     0.599976   312.212345   568.432999  1762.028989     0.375528   122.031075    61.659918    60.371157    59.690557    59.810473     0.065929   286.588603   280.683858     4.207164     1.969335    -0.126385
      1950.0     0.089538   312.383292   568.052425  1762.263636     0.399247   118.054302    59.749681    58.304621    58.477138    58.421564     0.070324   286.723895   280.753794     4.427267     1.708691    -0.290220
      1951.0    -2.271825   312.606840   566.847166  1761.268299     0.647542   116.457869    58.359622    58.098247    59.745622    57.761344     0.074582   286.969495   281.023933     4.654608     1.803537    -0.988942
      1952.0    -0.433843   312.915862   565.728546  1759.800908     0.589665   118.333702    59.604441    58.729261    59.168455    58.441334     0.080572   286.966166   281.150640     4.930945     2.281728     0.740270
      1953.0     1.850768   313.284056   565.069318  1759.713197     0.657224   121.841240    62.005742    59.835499    59.518848    60.116263     0.088352   286.740550   280.825851     5.265095     2.548706     0.685126
      1954.0     2.237733   313.642386   564.838067  1760.477220     0.703727   121.044208    61.251062    59.793146    58.408757    59.501788     0.100055   286.639216   280.648880     5.716661     1.980526     0.329008
      1955.0     0.314733   313.964559   564.115503  1760.894727     0.740134   120.468706    60.993693    59.475014    59.956047    59.468345     0.111505   286.676066   280.748189     6.211813     2.247911    -0.905209
      1956.0     0.742466   314.260428   563.509636  1760.933460     0.594196   119.271627    60.674941    58.596686    58.939350    59.145603     0.123318   286.656598   280.870649     6.754835     2.135206     0.167519
      1957.0     1.251303   314.566161   563.007896  1761.244442     0.574440   121.072033    61.407599    59.664434    59.201439    59.843591     0.135378   286.587257   280.593023     7.341873     2.065747     0.331170
      1958.0     0.699351   314.931069   561.777556  1761.437839     0.714873   117.037217    59.711800    57.325417    58.278747    58.528822     0.146055   286.587789   280.622670     7.934586     2.413318     0.056679
      1959.0     0.610140   315.453783   560.881742  1761.723096     0.740538   117.065996    59.403274    57.662721    58.437139    58.346121     0.157015   286.724078   280.796837     8.559120     1.952968    -0.376276
      1960.0    -0.862520   316.144147   559.503849  1760.523659     0.607685   116.702833    59.029947    57.672886    59.764355    57.838541     0.125722   286.730186   280.832181     8.278785     2.569299    -0.726377
      1961.0     3.123424   316.870670   559.539542  1759.880074     0.683083   123.240697    63.044354    60.196343    59.881984    60.507827     0.084261   286.676587   280.897987     7.568201     2.500834     1.269428
      1962.0     1.720569   317.564318   559.245664  1760.490933     0.918656   118.032573    59.842211    58.190362    58.351795    58.454589     0.070663   286.697675   280.750249     7.231032     1.681500    -0.508065
      1963.0     2.391976   318.221805   558.616865  1760.690246     0.809148   119.375094    61.062080    58.313014    58.609985    59.234284     0.068475   286.633469   280.687810     7.084832     2.456595     0.424986
      1964.0     3.298482   318.833272   558.146782  1762.026383     0.959814   118.759423    61.055389    57.704034    57.773120    59.300457     0.069279   286.452878   280.465543     7.013717     2.225016     0.191200
      1965.0     1.346279   319.510494   557.098418  1763.102440     1.036335   114.093220    58.132788    55.960432    57.031007    57.405786     0.070091   286.608353   280.692347     6.965478     1.775365    -0.701278
      1966.0     0.948760   320.312632   555.887744  1762.382497     0.901253   118.223225    60.215152    58.008073    59.481907    58.613807     0.072501   286.589750   280.668521     6.968160     2.812020    -0.148156
      1967.0     3.806932   321.104905   555.802680  1762.724808     0.769791   125.994228    64.435181    61.559047    60.585528    61.642328     0.076642   286.329023   280.279902     7.033349     2.877916     0.714489
      1968.0     5.506279   321.923482   556.105889  1764.497108     0.968745   125.895856    63.946501    61.949355    58.763648    61.360105     0.084213   286.343615   280.300382     7.208807     2.283186     0.824157
      1969.0     1.799615   322.965607   555.330986  1766.013276     0.944332   117.490215    59.662300    57.827915    58.618785    58.520792     0.091691   286.555199   280.426694     7.430017     1.916411    -1.614161
      1970.0     2.682014   324.099779   554.158522  1765.766618     1.078306   116.649047    59.654527    56.994519    58.162319    58.291191     0.081284   286.552757   280.651031     7.302632     2.535801     0.375531
      1971.0     2.407221   325.276691   553.232758  1765.914425     1.243644   116.455898    59.367016    57.088882    58.393385    58.309195     0.066347   286.552503   280.569651     7.018295     1.983585    -0.231997
      1972.0     2.372636   327.042067   551.936175  1764.907188     1.236558   115.235628    58.877640    56.357988    59.142492    57.852869     0.061904   286.572957   280.665276     6.885162     2.321353    -0.282386
      1973.0     5.393788   329.017805   551.149022  1764.451452     1.309081   122.330622    62.903952    59.426669    60.559042    60.520520     0.062716   286.550036   280.587423     6.853225     3.170586     0.417214
      1974.0     3.801781   330.099361   551.055220  1764.583667     1.263487   122.398550    62.801250    59.597299    60.096724    60.376766     0.064971   286.546847   280.613032     6.868712     2.518286     0.147826
      1975.0     2.261864   330.526726   551.065798  1764.996465     1.104494   120.785504    62.112081    58.673423    59.442311    59.751982     0.068961   286.445780   280.418755     6.944139     2.349521    -0.103127
      1976.0     4.061249   331.351896   551.003667  1766.102072     0.993439   121.991077    62.700504    59.290573    58.909167    60.599200     0.073734   286.333028   280.153023     7.065964     2.163436     0.584426
      1977.0     6.105215   332.844406   550.928513  1767.307918     1.084344   124.432871    63.697830    60.735041    59.336164    60.994276     0.079378   286.289157   280.203018     7.236536     2.778707     0.452266
      1978.0     4.252295   334.521003   550.514231  1768.517175     1.403696   119.641860    61.089665    58.552195    59.351249    59.414902     0.083762   286.445648   280.466309     7.410367     2.089046    -1.145604
      1979.0     3.683189   336.256778   549.741455  1767.851466     1.431076   119.168664    61.121808    58.046856    60.086424    59.176919     0.088333   286.598793   280.543373     7.609666     2.717665    -0.243796
      1980.0     5.997617   338.041859   549.501468  1767.670541     1.671911   121.007619    62.203339    58.804280    59.141433    59.973050     0.080776   286.638237   280.703267     7.556120     2.470276     1.012542
      1981.0     4.298124   339.389705   548.986386  1768.389556     1.607940   122.004672    62.440940    59.563732    60.085127    60.261131     0.069612   286.647835   280.590408     7.370122     2.694892    -0.543011
      1982.0     3.717459   340.425252   548.729381  1768.386369     1.490357   122.732263    63.291883    59.440380    60.601843    60.696782     0.067124   286.535240   280.496590     7.315564     2.852106     0.098127
      1983.0     5.943912   341.815853   548.779704  1769.570784     1.714775   121.641484    62.886301    58.755183    59.061872    60.485244     0.068073   286.363619   280.113197     7.327087     2.350733     0.238957
      1984.0     4.669122   343.453001   548.657541  1769.862372     1.574182   124.386718    63.832915    60.553803    61.584256    60.998924     0.070410   286.523539   280.576108     7.382040     2.956154    -0.876921
      1985.0     6.660746   344.971792   549.249861  1770.307304     1.610303   125.638279    64.713983    60.924296    60.207116    61.657191     0.072837   286.500687   280.470001     7.455171     2.464472     1.005143
      1986.0     3.232962   346.523480   548.633004  1770.526839     1.681926   119.338935    61.086703    58.252231    60.264915    59.498796     0.076625   286.620280   280.761007     7.574355     2.204764    -0.985655
      1987.0     5.628251   348.443361   548.175171  1770.096694     1.671945   121.994467    62.769974    59.224493    60.243202    60.217195     0.082145   286.593366   280.686361     7.754906     3.010612     0.404139
      1988.0     8.171677   350.563763   548.407001  1770.741342     1.792166   127.100675    65.530947    61.569728    60.838191    62.186868     0.087470   286.623525   280.790576     7.957264     3.112248     0.704029
      1989.0     6.534411   352.289659   548.971803  1771.819524     1.980888   125.526399    64.466749    61.059650    60.899026    61.477474     0.091521   286.664711   280.823972     8.155104     2.424473    -0.499734
      1990.0     4.801344   353.601352   548.914121  1772.061082     1.729255   125.286891    64.307394    60.979497    61.254728    61.419491     0.079717   286.740957   280.861677     8.019793     2.945587    -0.076796
      1991.0     5.270062   354.755246   549.134123  1772.502905     1.703024   126.914152    64.994855    61.919297    61.115501    62.018650     0.064647   286.554535   280.566996     7.740260     2.756203     0.461326
      1992.0     5.697757   355.685586   549.216303  1774.301870     1.917837   124.655417    64.393634    60.261783    59.825515    61.730812     0.061666   286.376203   280.238813     7.644393     2.580641     0.106333
      1993.0     3.405644   356.583060   549.041552  1774.909898     1.795264   124.735753    64.013740    60.722013    61.511664    61.258206     0.061909   286.608729   280.713239     7.610492     2.930286    -0.861487
      1994.0     6.404302   357.914492   549.618926  1775.681024     1.628096   128.119815    65.884893    62.234922    61.130372    62.538907     0.064157   286.501996   280.605517     7.631189     2.768611     0.637410
      1995.0     6.524909   359.676562   550.063326  1776.331969     1.711242   128.826876    66.099791    62.727085    62.216085    62.510349     0.066412   286.632515   280.645584     7.673769     3.145041    -0.356681
      1996.0     5.993815   361.366310   550.433571  1776.994501     1.802030   124.542479    63.745590    60.796889    60.408173    61.133674     0.070214   286.856290   280.981486     7.767061     2.241670     0.062969
      1997.0     4.399163   363.098795   550.205460  1776.856727     1.811322   124.974714    63.362413    61.612301    61.707251    60.757871     0.075638   286.972674   281.240738     7.920070     2.832653    -0.811605
      1998.0     8.151297   365.225796   550.820546  1776.540140     1.656175   133.506434    68.024162    65.482271    63.160764    64.000937     0.080439   286.854258   281.180033     8.089274     3.408139     1.156759
      1999.0     8.035859   367.168660   551.510154  1777.994132     1.904695   132.246633    67.123127    65.123506    62.234995    63.669734     0.084482   286.870572   281.061292     8.263960     2.763786    -0.019253
      2000.0     6.019372   368.671020   551.935443  1778.840476     2.022358   128.887396    65.472633    63.414763    61.902392    62.343672     0.083333   286.980136   281.086563     8.335502     2.703672    -0.405064
      2001.0     4.780807   370.304894   551.747734  1778.823262     2.051439   125.938518    63.735424    62.203094    61.651471    61.457942     0.071303   287.147738   281.413518     8.145836     2.465190    -0.176315
      2002.0     6.584848   372.415444   551.980571  1779.036680     2.013863   128.220930    65.250714    62.970216    62.399112    62.363784     0.059267   287.035784   281.313596     7.887393     2.654093    -0.248746
      2003.0     7.457131   374.634463   551.874746  1778.669505     2.164349   128.486406    65.928570    62.557836    62.494043    62.635210     0.057590   287.132973   281.449048     7.785013     3.399185     0.508342
      2004.0     7.172036   376.544469   552.552811  1778.908837     2.097841   133.118551    67.799848    65.318703    63.870024    64.047937     0.059833   287.105916   281.321905     7.764276     3.073846    -0.061419
      2005.0     8.533807   378.421607   553.396117  1779.963621     2.107786   133.856979    68.265343    65.591636    62.876748    64.453203     0.058941   287.098595   281.373248     7.696687     2.968833     0.521671
      2006.0     8.402838   380.348049   554.382984  1781.561673     2.064450   134.296222    68.230962    66.065260    63.060073    64.425269     0.051331   287.094157   281.310000     7.490004     2.818826    -0.232856
      2007.0     6.805342   382.202170   554.841911  1782.440195     2.152649   128.819152    65.524378    63.294774    62.045487    62.569485     0.050226   287.355868   281.656517     7.396019     2.495966    -0.354524
      2008.0     6.432864   384.049718   555.124945  1782.583025     1.995571   130.862766    66.744704    64.118062    63.338396    63.469650     0.052783   287.314519   281.698997     7.404228     2.992020    -0.011576
      2009.0    10.025009   385.959729   556.197546  1784.202955     1.973879   140.148610    70.931986    69.216624    63.821256    66.415294     0.105319   287.093763   281.125013     8.506274     3.444092     0.974108
      2010.0     7.166001   388.116299   556.618685  1785.855857     2.232605   131.672006    66.082886    65.589120    62.693528    63.163599     0.164128   287.389305   281.814771    10.035927     2.498148    -1.182831
      2011.0     6.662663   390.355050   556.584180  1785.500717     2.362037   130.835214    66.057200    64.778014    63.573968    63.033667     0.111355   287.520050   281.835762     9.430464     3.058038    -0.185161
      2012.0     7.299569   392.623403   556.580215  1785.101386     2.323684   133.293317    67.603090    65.690228    64.370547    64.176011     0.147280   287.634153   282.030474    10.423263     3.431044     0.204795
      2013.0     7.408097   394.947618   556.533792  1785.340830     2.379517   131.211205    66.474230    64.736975    63.217803    63.499861     0.249455   287.695778   282.059456    13.053091     3.020792     0.042613
      2014.0     4.990522   396.989114   556.156006  1784.566953     2.448824   131.110085    65.852647    65.257439    64.421578    62.845916     0.253944   287.802060   282.412265    14.053727     3.384517    -0.801785
      2015.0    10.782741   400.177939   556.488480  1784.355337     2.594598   136.335585    69.568639    66.766946    64.822282    65.722567     0.172064   287.713674   282.257754    13.097927     3.513598     1.111901
      2016.0     8.837475   402.429866   557.069316  1785.426372     2.393774   138.754255    70.639597    68.114658    65.503844    66.392640     0.166385   287.552116   281.893089    13.277084     3.666121    -0.182239
      2017.0    11.921670   405.296523   557.998782  1786.449446     2.493086   141.928199    71.931605    69.996594    64.973434    67.105311     0.194087   287.522807   281.802165    14.131172     3.896828     1.108803
      2018.0    10.081670   408.202629   558.600172  1788.330474     2.590925   136.524158    69.138174    67.385984    64.286232    65.388677     0.237047   287.717100   282.233625    15.456879     3.148106    -0.778583
      2019.0     9.997236   411.230370   558.546994  1789.195731     2.676633   135.431421    68.827513    66.603907    64.415481    65.001786     0.287260   287.769424   282.348028    17.153908     3.878906    -0.278952
      2020.0    10.897703   414.327150   559.067502  1789.763629     2.727286   139.668519    70.935091    68.733597    65.653419    66.344216     0.314038   287.765348   282.235222    18.561684     4.070198     0.122899
      2021.0    11.502087   417.502827   559.988822  1790.740029     2.719098   140.397194    71.521370    68.875833    65.730583    66.895058     0.263035   287.870308   282.416534    18.327604     3.704982     0.188075
      2022.0    10.883085   420.770563   560.747989  1791.825336     2.658195   139.508871    70.513211    68.995660    65.608158    66.181814     0.248955   287.950378   282.622454    18.545532     3.572231    -0.511651
      2023.0    11.932453   424.150053   561.687180  1792.549385     2.706217   142.453313    72.026234    70.427080    66.325146    67.220708     0.257451   288.011609   282.505608    19.140585     3.866334     0.171513
      2024.0    11.458051   427.644616   562.325777  1793.147784     2.981856   139.657128    70.395577    69.261579    65.653212    66.335781     0.271414   288.131790   282.717224    19.872601     3.421171     0.084170
      2025.0     9.375553   431.250939   562.289680  1792.880836     2.933912   137.633602    69.231797    68.401805    66.586682    65.506202     0.296418   288.265167   283.020671    20.895323     3.761692    -0.813532
      2026.0    12.597480   434.965767   562.326719  1793.079400     3.091790   143.306934    72.692839    70.614136    67.003629    68.210978     0.332869   288.098971   282.564931    22.279999     4.444782     1.008785
      2027.0    13.977882   438.789073   562.954089  1794.504523     3.170628   145.576528    73.697613    71.878916    66.871444    68.519172     0.374721   288.223485   282.902911    23.943073     4.551071     0.222604
      2028.0    14.227871   442.720866   563.911456  1796.234512     3.210720   147.275698    74.215985    73.059712    67.437518    68.975864     0.414882   288.247286   282.823008    25.737516     4.282755    -0.191642
      2029.0    12.304700   446.761141   564.449434  1796.854441     3.310963   145.808294    73.001452    72.806842    68.436852    68.457099     0.456728   288.423775   283.136139    27.719790     4.006375    -0.599683
      2030.0    13.577133   450.909904   564.856485  1797.175937     3.233482   147.153500    74.110347    73.043153    68.323744    69.111347     0.462785   288.413063   283.015821    29.047216     4.591948     0.466107
      2031.0    13.853012   455.170443   565.693884  1798.197200     3.369595   146.694932    73.633296    73.061635    68.085708    68.848064     0.352321   288.529971   283.074582    27.728403     3.947834    -0.258907
      2032.0    14.776533   459.552614   566.484191  1799.258694     3.479102   147.215375    73.968859    73.246539    67.808116    69.091759     0.316656   288.648911   283.473434    27.363165     4.086770     0.222148
      2033.0    14.959584   464.062998   566.978907  1800.388427     3.510121   146.711193    73.864827    72.846444    67.763967    69.149975     0.315967   288.607681   283.283429    27.555195     4.220058     0.256276
      2034.0    13.315816   468.704878   567.145107  1801.055579     3.489849   143.257177    71.705453    71.551735    67.894395    67.683055     0.324842   288.662059   283.403511    27.962381     3.856186    -0.878492
      2035.0    15.974138   473.478258   567.901206  1801.668406     3.593104   151.129003    75.707670    75.421333    69.182346    70.255457     0.339259   288.646250   283.309781    28.542948     4.696114     0.460283
      2036.0    16.205812   478.386417   568.425293  1803.133169     3.767223   146.441367    73.511528    72.929839    67.227507    69.011086     0.357286   288.820239   283.606222    29.280827     3.976355     0.318816
      2037.0    14.608625   483.426079   568.683327  1803.554791     3.626816   148.363433    74.177930    74.185533    69.564105    69.250685     0.372421   288.873533   283.726105    30.042286     4.669181    -0.735042
      2038.0    17.287575   488.597243   569.465357  1804.051162     4.027657   152.023511    76.514371    75.509139    69.736455    70.866759     0.393788   288.900024   283.621295    31.007853     4.865581     0.633933
      2039.0    15.770547   493.906475   570.178249  1804.949794     3.961370   149.983878    74.701335    75.282542    69.590650    69.877144     0.417745   289.106773   284.094131    32.123447     4.111300    -0.612139
      2040.0    18.473452   500.563565   569.251453  1804.693025     4.101147   149.959363    75.059493    74.899907    69.826940    69.988100     0.885358   289.093613   284.019964    43.026497     5.998152     0.417930
      2041.0    16.354440   506.155508   570.147765  1805.027954     4.053744   152.486567    76.246898    76.239669    71.211848    70.927584     0.433746   289.153631   284.088409    35.945118     4.423003    -0.619194
      2042.0    17.980867   511.691576   571.456416  1805.480402     3.979915   152.416761    76.468447    75.948315    69.830081    71.178286     0.240322   289.169439   284.034607    32.129925     3.981510     0.895757
      2043.0    16.118160   517.033679   572.277795  1806.616555     4.017477   149.829577    74.871677    74.957900    69.847182    70.105253     0.163581   289.294004   284.268583    29.811172     3.945045    -0.878082
      2044.0    15.521826   522.148946   572.943487  1806.359304     3.879361   151.793848    75.696066    76.097782    70.476345    70.569362     0.131572   289.446584   284.480878    28.155214     4.461012     0.350268
      2045.0    17.238546   527.047239   574.054004  1806.931195     3.873485   158.499077    79.540359    78.958732    71.822356    73.186206     0.123094   289.371073   284.374268    26.973528     5.243621     0.791959
      2046.0    15.943796   531.735137   575.294937  1808.601020     3.901369   155.525030    77.892069    77.633012    71.186231    72.643888     0.134380   289.315262   284.169017    26.314041     4.007197    -0.212168
      2047.0    13.170009   536.219217   575.811194  1809.039755     3.895448   150.077892    74.529011    75.548914    70.525945    70.118369     0.146810   289.578356   284.572319    25.862186     3.894353    -0.846312
      2048.0    12.071160   540.506043   576.099991  1808.302520     3.906053   151.153984    74.833974    76.320014    71.481224    70.082094     0.164288   289.712842   284.887281    25.687767     4.463078    -0.661895
      2049.0    15.275743   544.598908   577.046802  1808.039386     3.787545   159.095226    79.736578    79.358689    72.363735    73.454798     0.181488   289.591347   284.682162    25.680779     5.334928     1.354197
      2050.0    16.373613   548.501115   579.258442  1810.062752     3.740351   163.378214    81.365759    82.012504    72.328353    74.882018     0.180742   289.732114   284.820147    25.417877     4.272052     0.530298
      2051.0    11.051731   552.186341   580.076287  1810.638199     3.668249   156.680840    77.331553    79.349350    73.223528    72.130147     0.146384   289.859202   284.974546    24.393476     4.383498    -1.668828
      2052.0    13.770898   555.588845   581.226393  1810.292130     3.550428   163.231084    81.762147    81.469121    73.939895    75.005564     0.198591   289.683540   284.766408    25.119675     5.606292     1.411739
      2053.0    13.511422   558.646165   583.175536  1812.289603     3.588971   165.474789    82.322681    83.152374    73.895677    75.506835     0.282871   289.690984   284.837621    26.889791     4.866437    -0.386314
      2054.0    13.233763   561.338579   585.064270  1813.844269     3.585825   166.157834    83.014015    83.144012    73.923482    75.906390     0.371230   289.756025   284.881157    29.231161     5.218698     0.428242
      2055.0     9.388198   563.669375   585.814939  1815.513759     3.293662   158.236075    78.562589    79.673662    72.257315    72.950441     0.445444   289.858142   284.846794    31.706120     4.861304    -0.976364
      2056.0     6.326403   565.645125   585.503749  1814.888282     3.222859   158.030038    78.232740    79.797594    73.775132    72.961662     0.515823   290.008375   285.186531    34.415203     5.581972    -0.187993
      2057.0     7.977839   567.275692   585.588541  1815.073748     3.164156   163.325654    81.394529    81.931282    74.316102    74.953902     0.594462   290.022390   285.258128    37.572315     6.355678     0.452334
      2058.0     6.011541   568.557792   585.709371  1815.631121     3.050342   162.224882    80.451788    81.773430    74.252863    74.328728     0.673203   290.158315   285.463882    41.018566     6.001895    -0.481508
      2059.0     5.431040   569.497998   585.606851  1815.608751     2.944535   163.166649    81.075713    82.091470    74.555943    74.901367     0.742610   290.066251   285.282140    44.512646     6.276333     0.367793
      2060.0     4.007143   570.102878   585.342884  1816.144929     2.807882   159.615745    79.182875    80.433032    73.280740    73.597895     0.740645   290.069494   285.292127    46.622330     5.848785    -0.219022
      2061.0     4.806035   570.385594   585.542432  1816.391777     2.733754   164.647498    82.279352    82.368233    74.709409    75.498120     0.459375   289.978055   285.005150    42.399391     6.581596     0.541862
      2062.0     2.780323   570.405314   586.184988  1817.515851     2.552281   161.778830    80.097084    81.681879    73.965719    74.552854     0.342283   289.983337   285.012103    40.072895     4.901541    -0.536939
      2063.0     1.717389   570.214637   585.791764  1817.390055     2.462524   155.709685    77.880483    77.829237    72.559481    72.406566     0.318233   289.970726   285.116188    39.168575     5.867107    -0.027120
      2064.0     3.009069   569.826715   586.154398  1817.996171     2.503276   162.016392    80.637704    81.378814    73.406634    74.391538     0.324253   290.006114   285.209730    38.870079     5.883406     0.378788
      2065.0     0.712244   569.238257   586.367278  1817.919399     2.292187   164.784661    81.725305    83.059392    75.760262    74.904566     0.339569   290.037092   285.220225    38.892345     6.607823    -0.778923
      2066.0     1.038015   568.449267   586.816572  1817.523121     2.198568   163.361875    81.239156    82.122849    74.566118    74.629013     0.357194   290.183952   285.549723    39.107544     6.160719     0.459173
      2067.0     0.521654   567.459742   586.969608  1818.035162     2.068949   161.065626    80.625692    80.440136    73.757826    74.423506     0.391315   290.022377   285.330894    39.830494     6.048947     0.153640
      2068.0     0.387568   566.269682   586.605912  1818.867133     2.140505   159.188621    79.542126    79.646730    72.438082    73.637486     0.451161   289.888295   284.943522    41.337967     6.268102     0.367433
      2069.0    -1.444232   564.879084   585.830754  1819.510416     1.885654   159.860858    79.716812    80.144327    73.470447    73.533564     0.545228   290.003115   285.213252    43.935535     6.958125    -0.580167
      2070.0     0.625045   563.287953   585.722334  1820.746237     1.767635   163.770810    81.878299    81.892659    72.909070    75.041520     0.586245   290.049049   285.091784    45.849564     6.945051     0.896629
      2071.0    -3.282048   561.519305   585.939868  1821.591864     1.754999   160.628064    79.199909    81.428156    74.174130    73.465311     0.340650   290.276357   285.569979    41.623299     5.517064    -1.554446
      2072.0    -4.449487   559.632309   585.392779  1819.537472     1.579399   161.317611    79.986188    81.331423    75.508339    73.972758     0.208835   290.213590   285.539439    38.471188     6.560519     0.518811
      2073.0    -1.511471   557.686135   585.701195  1819.831319     1.413765   163.032986    81.712967    81.320019    73.997215    74.969428     0.153962   290.062935   285.184237    36.350983     6.435123     0.678366
      2074.0    -1.530534   555.700518   586.044759  1820.998186     1.284305   162.539541    81.459472    81.080068    73.691932    74.880395     0.127690   290.022967   285.176028    34.686111     6.235513     0.021597
      2075.0    -2.149372   553.672161   586.039110  1821.808671     1.326083   159.328076    80.030155    79.297921    72.984999    73.790479     0.112361   289.931674   284.968488    33.259117     6.245325    -0.005005
      2076.0    -3.555101   551.591204   586.315426  1822.345307     1.429842   156.650624    78.086037    78.564625    72.691723    72.429873     0.101548   290.119499   285.359759    31.984772     5.379811    -0.798486
      2077.0    -4.645919   549.460932   585.910563  1821.098558     1.259373   163.321934    81.011223    82.310711    75.804072    74.424390     0.092846   290.141800   285.379389    30.825653     6.991695    -0.132934
      2078.0    -1.524013   547.281353   586.563499  1821.346045     0.993296   166.456222    83.991211    82.465011    75.290048    76.795539     0.085358   289.965762   284.992172    29.762884     6.542737     1.258004
      2079.0    -2.263433   545.042602   587.243329  1822.859338     1.086597   164.297043    81.849542    82.447501    74.072772    75.156670     0.078724   290.018850   284.996549    28.784594     6.013043    -0.429396
      2080.0    -5.179387   542.751246   586.882988  1822.554642     0.830431   160.860628    80.156676    80.703953    74.938989    74.137148     0.072733   290.048650   285.122884    27.881254     6.379869    -0.497145
      2081.0    -1.582550   540.413872   587.160611  1823.633719     1.078422   161.390617    81.238960    80.151657    72.596537    74.752899     0.067243   290.046120   285.211596    27.044657     6.208438     1.077285
      2082.0    -5.840046   538.050191   587.017161  1824.278378     0.895513   160.141719    78.949303    81.192417    74.340214    73.410380     0.062425   290.229861   285.528636    26.271639     5.682373    -1.574493
      2083.0    -5.253426   535.686519   586.452115  1823.124776     0.853969   160.098321    79.920847    80.177729    74.819108    73.777134     0.058428   290.141741   285.206698    25.558985     6.708504     0.111628
      2084.0    -2.610665   533.329416   586.585539  1823.402025     0.972096   160.753863    80.808450    79.945664    73.058236    74.514661     0.054799   289.997983   284.914162    24.896503     6.160115     1.179176
      2085.0    -3.048653   530.972319   586.947932  1824.752837     0.919148   162.955550    81.346509    81.609238    73.908354    74.938864     0.051308   290.198868   285.283841    24.277330     6.045055    -0.320302
      2086.0    -5.481109   528.615216   586.574136  1824.728466     0.644411   161.942257    80.611565    81.330735    75.382969    74.496357     0.047835   290.228615   285.568746    23.696371     6.488961    -0.862240
      2087.0    -3.149531   526.261400   586.211575  1825.089746     0.675572   159.463427    80.266759    79.196677    72.827100    74.453114     0.044821   289.951790   285.005913    23.157784     6.176197     1.264734
      2088.0    -4.564573   523.904300   586.111845  1826.217533     0.697325   158.973903    79.504083    79.469874    73.485107    73.644495     0.042179   290.100792   285.346265    22.655554     5.959264    -0.968398
      2089.0    -6.694519   521.540625   585.292703  1825.433623     0.427397   155.012798    77.123843    77.889133    73.105124    72.115479     0.039935   290.147519   285.265676    22.187117     5.827328    -0.205735
      2090.0    -3.723500   519.173661   584.692812  1825.517353     0.451417   158.765007    80.159018    78.606022    72.912017    73.954669     0.038084   290.029101   285.111979    21.753489     6.804208     0.958922
      2091.0    -4.771506   516.806697   584.120144  1826.468475     0.475736   155.885772    77.993224    77.892548    72.037598    72.778011     0.035071   290.082296   285.314234    21.321066     5.787882    -0.210710
      2092.0    -6.239116   514.443022   583.135757  1826.244052     0.356750   154.569747    77.411224    77.158523    72.908062    72.273306     0.032651   290.016286   285.177930    20.916016     6.122305    -0.410333
      2093.0    -4.308472   512.089208   582.804116  1826.474538     0.576337   158.942121    79.895328    79.046792    73.430960    73.867333     0.030729   290.001155   285.147568    20.536592     6.359636     0.205888
      2094.0    -5.665372   509.748545   582.146539  1826.226928     0.420953   156.914323    78.472400    78.441922    73.418500    72.967841     0.029078   290.167971   285.527173    20.178434     6.162137    -0.203050
      2095.0    -5.492632   507.424319   581.931304  1825.831120     0.313840   161.221605    80.089699    81.131906    74.662830    74.104365     0.027608   290.140480   285.307599    19.838913     6.200569    -0.162656
      2096.0    -4.729119   505.109957   581.260730  1825.884002     0.150021   156.345085    78.815037    77.530049    72.693959    73.226084     0.026278   289.932167   285.075719    19.516148     6.259527     0.479243
      2097.0    -3.974910   502.805456   581.012684  1826.736810     0.119502   158.623648    79.999880    78.623768    72.930585    73.962331     0.025065   289.897560   285.033429    19.208582     6.285594     0.178938
      2098.0    -4.137742   500.514100   580.599210  1827.679544     0.376887   156.009445    78.752248    77.257197    72.168937    73.255775     0.023957   289.876287   284.871379    18.914896     5.909947     0.144104
      2099.0    -4.800056   498.229325   579.889506  1828.473297     0.183474   155.034002    78.343042    76.690960    72.046931    72.594735     0.022942   289.906311   284.927686    18.633913     6.458011    -0.245949
      2100.0    -4.285946   495.951120   579.442566  1829.047648     0.178882   156.331989    79.143391    77.188598    72.604401    73.382230     0.022012   289.875880   284.940514    18.364565     6.208101     0.203477