        time     emission          CO2         cveg        csoil        fgco2         fgpp         fnpp           ra          frh     fvegsoil         fluc          tas     tas_land        cprod     fcvegout    fcsoilout
      1850.0    -1.512974   283.923842   581.960373  1775.163492     0.039043   114.985376    57.439621    57.545754    58.363350    57.356158     0.000533   286.960976   281.301811     0.007834     1.079638     0.452717
      1851.0     0.710311   284.055342   581.635734  1774.538607     0.147694   117.165422    59.276846    57.888576    58.105865    58.095651     0.001059   286.787160   281.003952     0.015768     1.505834     0.614670
      1852.0     0.579255   284.196702   581.982631  1774.748748     0.270896   117.298881    59.062479    58.236401    58.160684    57.949499     0.001324   286.892306   281.077543     0.020897     0.766083    -0.421325
      1853.0    -1.266121   284.328199   582.028959  1773.753333     0.033926   117.447126    58.430783    59.016343    59.092753    57.724597     0.001451   287.093849   281.426463     0.024386     0.659858    -0.372741
      1854.0    -0.021742   284.443257   581.813310  1773.061676    -0.066983   118.811523    59.870071    58.941453    59.110101    58.743933     0.001424   286.865967   280.978030     0.025988     1.341787     0.325490
      1855.0     0.861055   284.545169   582.232757  1772.986525    -0.145968   119.398507    60.391638    59.006869    58.599328    58.950875     0.001476   286.759107   280.905835     0.028308     1.021316     0.426698
      1856.0    -0.302370   284.660230   582.279560  1773.270563    -0.090368   117.278640    59.212852    58.065788    58.639891    58.298139     0.001551   286.711370   280.968081     0.030704     0.867910    -0.625790
      1857.0     0.670852   284.804879   582.453422  1773.170213     0.113934   116.225360    58.705330    57.520030    57.510512    57.777808     0.001512   286.762263   281.004153     0.031672     0.753660     0.367646
      1858.0    -0.094288   284.969246   582.150264  1773.130339     0.163437   114.575341    57.547407    57.027935    57.229164    57.099890     0.001436   286.822599   281.020706     0.031951     0.750676    -0.089401
      1859.0    -1.496437   285.146776   581.462560  1772.179988     0.157206   114.566151    57.036394    57.529757    58.101505    56.869591     0.001424   286.874273   281.103925     0.033017     0.854506    -0.281563
      1860.0     1.119772   285.337447   581.321022  1771.724990    -0.001134   117.966753    59.982773    57.983980    58.252828    58.532501     0.001313   286.701642   280.907893     0.032796     1.591811     0.734671
      1861.0     1.829719   285.524831   581.817102  1772.375532     0.099792   118.514872    60.338937    58.175935    58.010623    59.052521     0.001299   286.606328   280.881627     0.033764     0.790336     0.391355
      1862.0     1.506563   285.699073   581.866337  1773.775680     0.041330   116.965683    59.246402    57.719280    57.141588    58.375186     0.001252   286.533206   280.671979     0.033993     0.821981    -0.166550
      1863.0    -0.180255   285.870008   581.415153  1774.266727    -0.130182   115.369113    58.315108    57.054005    57.747696    57.678658     0.001224   286.620773   280.697024     0.034434     1.087634    -0.560084
      1864.0    -0.283060   286.040957   581.216746  1773.890112     0.082532   116.739181    58.935348    57.803833    58.697466    58.065148     0.001263   286.715533   280.885887     0.035526     1.068607    -0.255703
      1865.0     0.105930   286.211908   581.073944  1773.405351     0.056165   116.051594    58.958702    57.092893    58.287849    57.843524     0.001303   286.704867   280.839175     0.036331     1.257980     0.040435
      1866.0     1.816854   286.382858   581.756279  1773.417039     0.052756   121.086125    61.565510    59.520615    59.134090    59.792807     0.001273   286.569682   280.694720     0.036366     1.090369     0.647028
      1867.0     1.217505   286.547227   582.405065  1774.242624    -0.035755   118.939672    60.173769    58.765903    58.273019    58.841452     0.001233   286.535708   280.618889     0.036442     0.683531    -0.257152
      1868.0     1.619645   286.695163   582.706507  1774.646798    -0.045303   119.801745    60.540125    59.261620    58.146339    58.947874     0.001199   286.605281   280.816040     0.036688     1.290809     0.397360
      1869.0     0.016264   286.826658   582.549908  1775.415418     0.051979   114.635464    57.847679    56.787785    57.168898    57.554650     0.001217   286.662463   280.847506     0.037674     0.449627    -0.382868
      1870.0    -0.885637   286.954871   582.108863  1775.185459     0.083178   114.825988    57.482480    57.343508    57.722770    56.812533     0.001820   286.825114   281.007917     0.048769     1.110992    -0.680278
      1871.0    -1.730545   287.096232   581.683124  1773.678730     0.172686   116.531161    58.322822    58.208339    59.439965    57.858442     0.002810   286.883166   281.051066     0.066849     0.890118    -0.074795
      1872.0    -0.894276   287.263893   580.911389  1772.477213     0.346954   115.074330    57.820564    57.253766    58.357242    57.468374     0.004255   286.909358   281.034103     0.100137     1.123925     0.312649
      1873.0     0.030278   287.454564   580.645057  1771.567497     0.263434   119.379395    59.887311    59.492084    59.461122    58.758842     0.007826   286.851234   281.010572     0.186239     1.394802     0.207436
      1874.0     1.078979   287.661673   580.801454  1771.515577     0.260875   118.122694    59.792042    58.330651    58.380738    58.551261     0.011240   286.746841   280.939438     0.290442     1.084384     0.222443
      1875.0     2.241273   287.885222   581.243259  1771.973214     0.176500   120.908490    61.307993    59.600497    58.643679    59.580637     0.013604   286.636180   280.841883     0.390025     1.285550     0.479321
      1876.0     0.654483   288.115342   581.153635  1773.050647     0.227828   114.554263    57.919542    56.634721    56.972127    57.525531     0.015314   286.588938   280.734380     0.484582     0.483635    -0.524029
      1877.0     0.192794   288.348752   580.888522  1772.733435     0.045832   116.402609    59.083857    57.318752    58.357939    57.752729     0.018257   286.698013   280.884552     0.609438     1.596242    -0.287997
      1878.0     2.228760   288.585447   581.320418  1773.063230     0.270561   121.169721    61.303250    59.866471    58.726181    59.644023     0.022494   286.656362   280.937113     0.772407     1.227331     0.588047
      1879.0     0.543743   288.822145   581.507299  1773.555865     0.158576   117.753610    59.583846    58.169764    58.587281    58.412289     0.027810   286.657155   280.813357     0.976464     0.984676    -0.667627
      1880.0     0.927031   289.068709   582.223306  1773.306131     0.070003   120.510719    60.883118    59.627601    59.401004    59.113507     0.022958   286.753001   280.967105     0.976143     1.053604    -0.037762
      1881.0     0.630142   289.334985   582.351305  1772.862810     0.108216   117.881100    59.660538    58.220563    58.568478    58.501127     0.014771   286.713725   280.812152     0.864014     1.031411     0.375971
      1882.0     0.353452   289.604559   582.280941  1772.784225    -0.031584   116.098758    58.741819    57.356938    57.841368    57.643855     0.012071   286.690847   280.848948     0.822208     1.168328    -0.118929
      1883.0     2.405093   289.857691   582.579855  1773.116738     0.092217   119.754321    60.885534    58.868788    57.956572    59.179031     0.010891   286.503988   280.592649     0.799410     1.407588     0.889946
      1884.0     2.546233   290.114114   582.956672  1774.937592     0.579343   117.199348    59.327998    57.871350    56.745773    58.239709     0.010723   286.404727   280.265007     0.792882     0.711472    -0.326918
      1885.0    -1.226261   290.393543   582.417916  1774.574511     0.428309   115.479269    57.900372    57.578896    59.002338    57.405387     0.011096   286.652997   280.814969     0.796927     1.033741    -1.233870
      1886.0     1.452139   290.692702   582.331334  1773.969603     0.337723   118.573967    60.268773    58.305194    58.614735    58.769404     0.011870   286.622393   280.759692     0.813149     1.585951     0.759577
      1887.0     1.520162   291.011588   582.784336  1773.977029     0.226749   119.451547    60.597749    58.853798    58.837667    58.791367     0.012368   286.640394   280.865929     0.828278     1.353380    -0.053727
      1888.0     0.779031   291.353484   582.968427  1773.883793     0.235402   118.104748    59.911484    58.193263    58.937396    58.776067     0.012880   286.626221   280.803655     0.847027     0.951327    -0.068093
      1889.0     1.361139   291.701947   583.197945  1774.031287     0.331274   118.054522    59.909276    58.145246    58.445418    58.591643     0.013284   286.674739   280.864967     0.865981     1.088116    -0.001269
      1890.0    -0.642396   292.050421   582.823992  1773.696906     0.250425   115.237360    57.897518    57.339842    58.324946    57.598899     0.014573   286.700554   280.892593     0.904864     0.672572    -0.391666
      1891.0     2.168433   292.405467   582.363631  1773.497648     0.350970   117.316355    59.609723    57.706632    57.335528    58.415892     0.017208   286.428856   280.327998     0.978994     1.654192     1.279622
      1892.0     0.640355   292.747360   582.036128  1774.408662     0.430447   115.785573    58.461713    57.323861    57.763310    57.836671     0.021790   286.646497   280.774679     1.109548     0.952544    -0.837653
      1893.0    -0.670564   293.066241   581.366633  1773.373038     0.382798   115.745239    58.252590    57.492649    58.788173    57.270860     0.025028   286.619837   280.725113     1.234892     1.651225    -0.481689
      1894.0     0.997382   293.371974   581.369603  1772.981984    -0.002863   120.241965    61.119422    59.122543    59.453637    59.610199     0.028873   286.499985   280.755575     1.386470     1.506254     0.547617
      1895.0     1.732651   293.664554   581.568748  1773.456880     0.346557   121.400323    61.212644    60.187679    59.158000    59.474846     0.031452   286.483732   280.569908     1.525663     1.538653    -0.158050
      1896.0     2.453725   293.947282   582.283312  1773.806304     0.328696   121.500163    61.435260    60.064904    58.565163    59.529679     0.034294   286.590986   280.687988     1.676502     1.191017     0.615091
      1897.0     2.611214   294.236575   583.109892  1774.832656     0.287281   123.027369    61.878833    61.148536    58.868174    59.851213     0.039083   286.539286   280.471761     1.877644     1.201039    -0.043312
      1898.0    -0.732059   294.548881   582.884580  1774.740762     0.273376   117.435292    58.473925    58.961367    58.839787    57.970767     0.042540   286.745453   280.951576     2.067329     0.728470    -0.777126
      1899.0     0.506322   294.894069   582.338286  1774.247567     0.131603   118.037176    59.473258    58.563918    58.506151    58.500890     0.045019   286.716418   280.951970     2.243243     1.518663     0.487933
      1900.0     1.516519   295.249112   582.275394  1774.453625     0.108055   120.317513    60.887252    59.430261    58.954883    59.235310     0.035724   286.602112   280.778089     2.161839     1.714834     0.074369
      1901.0     1.648319   295.587719   582.520693  1775.115005     0.374499   118.875928    59.707601    59.168327    57.902180    58.463621     0.024057   286.707937   280.740860     1.965825     0.998680    -0.099939
      1902.0    -2.137848   295.913173   581.927910  1774.138325     0.234272   116.001220    57.363927    58.637292    59.192399    57.124966     0.020987   286.870679   280.989199     1.889868     0.831745    -1.090753
      1903.0     1.689788   296.232056   581.289833  1773.785176     0.397748   117.039936    59.498700    57.541235    57.601505    58.672044     0.020700   286.625020   280.666707     1.860855     1.464733     1.423688
      1904.0     1.237065   296.547651   580.963807  1774.405832     0.468831   115.950211    58.937164    57.013047    57.566344    57.829219     0.021668   286.548533   280.617724     1.861767     1.433971    -0.357781
      1905.0    -0.145465   296.882972   580.403286  1774.169755     0.491009   113.990868    57.497920    56.492948    57.545737    57.082393     0.023164   286.667257   280.772293     1.880564     0.976048    -0.227266
      1906.0     0.410625   297.261030   579.663450  1773.564589     0.523462   116.203293    58.814213    57.389080    58.367865    57.940679     0.026620   286.663478   280.885712     1.950079     1.613370     0.177979
      1907.0     0.685866   297.675259   579.419878  1773.392589     0.470290   116.908139    59.155109    57.753030    58.447820    58.122561     0.031777   286.597936   280.784709     2.076746     1.276120    -0.153259
      1908.0     2.032974   298.099333   579.215375  1773.934091     0.569997   117.127779    59.427975    57.699804    57.496356    58.277713     0.036803   286.577319   280.716746     2.227731     1.354765     0.239856
      1909.0     0.450576   298.523409   578.465523  1774.018905     0.489623   113.154861    57.195342    55.959519    56.757759    56.872860     0.041724   286.618675   280.860934     2.399194     1.072334     0.030286
      1910.0     0.433913   298.960645   577.714614  1773.551470     0.544412   117.291960    59.409222    57.882738    59.043508    58.035356     0.033921   286.630931   280.770724     2.311228     2.124774    -0.540716
      1911.0     1.036887   299.427462   577.679376  1773.047001     0.594217   115.562081    58.561208    57.000872    57.740077    57.516140     0.021208   286.565023   280.743073     2.065560     1.080305     0.280532
      1912.0     1.204239   299.940303   577.339347  1773.103305     0.753220   114.079129    58.013610    56.065518    57.280841    57.195382     0.016396   286.453425   280.492813     1.923711     1.158257    -0.141763
      1913.0     0.997740   300.476156   576.897860  1772.269176     0.574400   118.541518    60.082236    58.459282    59.369556    58.689356     0.014305   286.381271   280.302516     1.821397     1.834366     0.153929
      1914.0     2.525946   300.998870   577.223573  1772.492100     0.452676   119.208751    60.874924    58.333827    58.468249    59.010444     0.013514   286.289080   280.236295     1.744290     1.538767     0.319270
      1915.0     1.672395   301.521569   577.318179  1772.843393     0.597880   116.157204    59.112747    57.044457    57.751705    58.011972     0.012759   286.525004   280.581116     1.673383     1.006168    -0.091026
      1916.0    -0.366464   302.054130   576.586553  1772.237937     0.750312   113.531214    57.368789    56.162425    58.154840    56.631582     0.011897   286.724854   280.840146     1.603634     1.468833    -0.917801
      1917.0     2.304137   302.563687   576.598375  1771.358061     0.675763   120.024546    61.162532    58.862014    59.104662    59.311353     0.011005   286.548360   280.657120     1.535966     1.839356     1.086567
      1918.0     1.763935   303.007490   576.807447  1771.711926     0.570708   120.308392    60.863197    59.445195    59.139287    59.301598     0.011228   286.603577   280.598549     1.494839     1.352526    -0.191554
      1919.0     0.558784   303.405274   576.529673  1771.717474     0.650206   116.395286    58.961043    57.434243    58.427995    58.000669     0.011354   286.711917   280.781548     1.458541     1.238148    -0.432873
      1920.0     0.058410   303.799766   576.097849  1770.798474     0.629735   116.793617    59.102757    57.690859    58.947732    57.933732     0.012871   286.619433   280.722158     1.457177     1.600849    -0.095000
      1921.0     2.191516   304.171249   575.882693  1770.837486     0.652502   117.789122    59.864918    57.924204    57.577428    58.356748     0.014255   286.531621   280.565285     1.463429     1.723326     0.740308
      1922.0     2.122968   304.513139   576.101412  1771.388763     0.657976   119.909461    60.894763    59.014699    58.627926    58.948154     0.015808   286.619647   280.882848     1.484030     1.727890    -0.231049
      1923.0     1.118917   304.851737   576.208031  1771.623991     0.577308   117.665191    59.598821    58.066370    58.263269    58.248738     0.017400   286.600850   280.773692     1.516368     1.243464    -0.249759
      1924.0     1.852786   305.157479   576.066493  1771.328466     0.549686   119.897564    60.812957    59.084607    58.623128    59.065361     0.020161   286.513168   280.569618     1.583527     1.889134     0.737759
      1925.0    -0.030774   305.374451   576.164818  1771.576601     0.703570   119.007713    59.911159    59.096553    59.479385    58.571382     0.024259   286.677862   280.756546     1.695297     1.241452    -1.156138
      1926.0    -0.207299   305.545396   576.099891  1770.621374     0.553700   119.139007    59.875161    59.263846    59.318726    58.450443     0.027832   286.784348   281.050552     1.815347     1.489645     0.086945
      1927.0     0.894309   305.729494   575.558529  1770.155906     0.369129   120.098700    60.964769    59.133932    59.202482    59.376808     0.030952   286.511856   280.645938     1.941120     2.129323     0.639792
      1928.0     1.918030   305.903728   575.913211  1770.551099     0.502165   122.075453    61.545038    60.530415    58.855321    59.556239     0.032584   286.518313   280.620962     2.045163     1.634117     0.305726
      1929.0     0.585289   306.054951   576.011307  1771.575136     0.629496   116.652898    58.651874    58.001024    57.376712    57.627923     0.034406   286.653926   280.921783     2.155999     0.925855    -0.772826
      1930.0    -2.208098   306.209465   574.661697  1770.160224     0.405914   114.106116    57.551303    56.554813    58.901450    56.972441     0.031467   286.665426   281.051463     2.165815     1.928471    -0.514096
      1931.0     1.513220   306.409997   574.522782  1769.503698     0.571861   119.271740    60.865268    58.406471    58.741527    59.022656     0.027394   286.462001   280.437215     2.131128     1.981527     0.937655
      1932.0     1.533619   306.672993   574.615079  1769.781171     0.469678   118.834214    60.701637    58.132576    58.475257    59.028173     0.027710   286.538193   280.619082     2.165821     1.581168     0.275443
      1933.0     1.190270   306.988587   574.318939  1770.522433     0.598088   116.854755    59.558602    57.296153    57.927695    58.269467     0.028600   286.601301   280.671435     2.213629     1.585275    -0.399490
      1934.0     0.659725   307.366651   573.879728  1770.653183     0.476295   117.328177    59.508048    57.820130    58.443083    58.258232     0.029630   286.671865   280.648163     2.268785     1.689027    -0.315602
      1935.0     0.636175   307.879495   573.628523  1769.868692     0.400690   117.783473    59.671260    58.112214    58.819760    58.234161     0.031923   286.746226   280.889259     2.354604     1.688304     0.198892
      1936.0     2.878476   308.569865   573.283986  1770.304855     0.659729   118.513066    60.188248    58.324819    57.697964    58.498671     0.035598   286.729663   280.845001     2.481057     2.034113     0.364545
      1937.0     1.625451   309.273368   573.095863  1770.719587     0.649629   117.631865    59.569816    58.062049    58.312210    58.294190     0.040577   286.803688   281.031268     2.651784     1.463749    -0.432753
      1938.0     1.261792   309.865112   572.825616  1770.073441     0.650773   119.049758    60.533709    58.516049    59.349576    58.815240     0.045432   286.777400   280.952548     2.840446     1.988716     0.111811
      1939.0     0.887475   310.400965   572.456008  1769.771719     0.702931   117.511461    59.547790    57.963672    58.696814    58.306707     0.049046   286.744583   280.906077     3.018634     1.610690    -0.088385
      1940.0     0.518229   310.903944   571.816953  1769.288345     0.716137   116.491135    58.928055    57.563080    58.388833    57.780114     0.047827   286.762199   280.869138     3.100874     1.786996    -0.125344
      1941.0     1.912272   311.347749   571.313066  1769.275058     0.749505   118.736281    60.333245    58.403035    58.224347    58.859844     0.045382   286.720545   280.877889     3.138682     1.977289     0.648784
      1942.0     1.283548   311.696215   570.892036  1769.524233     0.787543   120.730152    61.256092    59.474060    59.606351    59.486938     0.045601   286.725123   280.828451     3.213999     2.190183    -0.368588
      1943.0     0.956097   311.903322   570.829692  1769.693303     0.777127   119.446699    60.325858    59.120842    58.767887    58.938170     0.048539   286.795031   280.910449     3.345290     1.450032     0.001214
      1944.0    -1.135546   311.962494   570.064343  1769.134677     0.791199   117.635747    58.995662    58.640085    59.201023    57.926145     0.049860   286.923772   281.047989     3.451783     1.834866    -0.716253
      1945.0     0.343536   311.952632   569.688724  1768.032056     0.599048   121.320448    61.623879    59.696569    59.941774    59.401544     0.050698   286.770721   280.907918     3.547818     2.597954     0.562391
      1946.0     2.095906   311.972358   570.172187  1768.579497     0.406931   123.849553    62.871272    60.978281    59.259881    60.537520     0.053562   286.653430   280.789866     3.686762     1.850289     0.730199
      1947.0     1.962938   312.031532   570.817299  1769.563358     0.418353   124.817402    62.912847    61.904555    59.547165    60.578096     0.056447   286.703908   280.961576     3.835765     1.689639     0.047070
      1948.0     0.074841   312.100568   570.330782  1770.211528     0.536169   118.069206    59.708970    58.360236    58.398611    58.515058     0.059833   286.796178   280.941895     4.004011     1.680429    -0.531724
      1949.0    -0.352447   312.212345   569.670106  1769.829165     0.515480   119.145482    60.438911    58.706571    59.572865    58.918964     0.064114   286.811033   281.000168     4.203170     2.180622    -0.271537
      1950.0     0.084428   312.383292   569.207575  1769.712932     0.684197   118.431613    59.538226    58.893387    58.588078    58.510583     0.069568   286.826284   280.812734     4.439979     1.490174     0.038737
      1951.0    -2.104894   312.606840   567.776842  1768.424912     0.819873   113.648638    57.339996    56.308642    58.729671    56.889652     0.072910   286.966014   281.178492     4.646823     1.881077    -0.551999
      1952.0    -0.748199   312.915862   566.648837  1766.529466     0.728883   119.654332    60.443293    59.211039    60.484870    58.854362     0.078425   286.879115   281.153692     4.905341     2.716936     0.264937
      1953.0     2.082027   313.284056   566.475971  1766.587862     0.729347   122.002511    62.280563    59.721947    59.586962    60.426054     0.087319   286.636912   280.710533     5.253872     2.027376     0.780696
      1954.0     1.265777   313.642386   565.991377  1767.125896     0.702102   120.050415    61.050170    59.000245    59.166414    59.265559     0.100080   286.768723   280.947667     5.727785     2.269204    -0.438890
      1955.0     1.748308   313.964559   565.847010  1767.534534     0.526524   120.668164    61.471816    59.196349    58.782557    59.715233     0.112677   286.694544   280.917806     6.252780     1.900950     0.524039
      1956.0     1.288025   314.260428   565.343783  1768.212903     0.622065   119.732683    60.800930    58.931753    58.614984    59.099321     0.123252   286.712405   280.829544     6.779184     2.204836    -0.194032
      1957.0    -0.159760   314.566161   564.401884  1768.150727     0.779499   117.627254    59.582187    58.045067    58.993612    58.394125     0.134539   286.791646   280.983050     7.351670     2.129961    -0.537311
      1958.0    -0.310123   314.931069   563.245065  1767.466071     0.773866   116.082359    58.868268    57.214091    58.482638    57.905287     0.145237   286.937286   281.271283     7.942254     2.119800     0.107305
      1959.0     0.602805   315.453783   561.817802  1767.191026     0.677877   119.337011    60.669945    58.667066    59.522075    59.399735     0.158544   286.764887   280.899183     8.615129     2.697473     0.152705
      1960.0     0.983281   316.144147   560.747583  1767.366191     0.585283   116.216836    59.203372    57.013464    58.018076    58.349344     0.127422   286.659655   280.676811     8.347895     1.924247     0.156102
      1961.0     1.324136   316.870670   559.429456  1767.761194     0.742561   115.507588    58.814700    56.692888    57.571679    58.004145     0.084956   286.707746   280.766640     7.626427     2.128682     0.037464
      1962.0     0.713201   317.564318   558.125908  1767.839241     0.929901   115.507929    58.462421    57.045507    58.008059    57.692590     0.070686   286.842506   281.001325     7.279632     2.073379    -0.393516
      1963.0    -0.250390   318.221805   556.648300  1766.630655     1.067158   114.765865    58.185937    56.579929    58.701528    57.479551     0.067852   286.798566   280.990036     7.118843     2.183994    -0.013391
      1964.0     3.746339   318.833272   555.809064  1767.320613     0.971776   119.961177    61.719035    58.242141    57.979385    59.747454     0.069129   286.360535   280.294228     7.053438     2.810816     1.078112
      1965.0     2.727983   319.510494   555.284077  1768.545182     0.891275   119.103943    61.246048    57.857894    58.518144    59.360683     0.070310   286.454569   280.567210     7.011613     2.410353    -0.382030
      1966.0     3.576372   320.312632   554.839061  1769.916283     0.871946   118.971303    61.303882    57.667421    58.002609    59.534864     0.073166   286.356547   280.392103     7.026299     2.214033     0.161154
      1967.0     3.551169   321.104905   554.460075  1771.292988     1.136492   118.506345    60.726690    57.779656    57.735151    58.951454     0.076882   286.362261   280.252762     7.086623     2.154222    -0.160402
      1968.0     0.612479   321.923482   553.549635  1771.109389     0.956039   117.537856    59.763579    57.774277    59.467434    58.592799     0.083891   286.536023   280.630351     7.250475     2.081221    -0.691036
      1969.0     3.375574   322.965607   552.901097  1770.950375     0.957435   120.735748    61.981545    58.754203    59.374709    59.720354     0.093091   286.369133   280.442721     7.507986     2.909728     0.504660
      1970.0     4.232731   324.099779   552.258052  1772.173948     1.056561   117.322263    60.351207    56.971056    57.241901    58.721330     0.083707   286.323199   280.201052     7.410754     2.272923     0.255855
      1971.0     3.301446   325.276691   551.722559  1772.889620     1.122150   118.551131    60.884524    57.666607    58.874079    59.196415     0.067558   286.410082   280.527303     7.111482     2.223602    -0.393336
      1972.0     4.458365   327.042067   550.838341  1773.273236     1.300278   115.061192    59.107821    55.953371    57.487060    57.690386     0.063002   286.427841   280.485886     6.979481     2.301652    -0.180291
      1973.0     4.968352   329.017805   550.295064  1773.194663     1.332120   118.881124    61.104469    57.776656    59.237206    59.359277     0.065757   286.453641   280.452682     6.993747     2.288469     0.200644
      1974.0     4.463512   330.099361   549.847230  1773.699747     1.368529   120.032467    61.855250    58.177216    58.675739    59.663355     0.068264   286.347112   280.202944     7.027432     2.639730     0.482531
      1975.0     1.363189   330.526726   549.170748  1774.662770     1.356015   116.825265    59.928456    56.896810    58.421794    58.437429     0.070934   286.465014   280.389880     7.086809     2.167509    -0.947388
      1976.0     2.009681   331.351896   548.371431  1773.863481     0.998477   121.073260    62.059839    59.013421    60.257304    59.881430     0.075818   286.487818   280.546611     7.215889     2.977725     0.423415
      1977.0     6.021963   332.844406   548.723358  1774.567073     1.233221   125.078937    64.557948    60.520989    60.354287    61.562660     0.080367   286.420237   280.417290     7.367837     2.643361     0.504781
      1978.0     5.362853   334.521003   548.636667  1775.550766     1.397549   120.812231    61.833865    58.978366    58.961181    59.663527     0.083789   286.489100   280.455928     7.519525     2.257029    -0.281347
      1979.0     5.437070   336.256778   548.323185  1775.927593     1.447549   121.352977    62.389271    58.963706    59.568248    60.042625     0.087592   286.471725   280.494250     7.694978     2.660128     0.097550
      1980.0     4.828962   338.041859   548.054682  1776.488780     1.443717   121.644974    62.360206    59.284768    60.207100    60.174733     0.080327   286.516172   280.476201     7.640106     2.453975    -0.593554
      1981.0     3.986729   339.389705   547.845264  1776.037965     1.409779   122.248151    62.872876    59.375275    60.626203    60.284752     0.068967   286.583847   280.654101     7.444837     2.797543     0.109364
      1982.0     3.354571   340.425252   547.651353  1776.348645     1.411948   119.285164    61.388317    57.896847    59.165169    59.514007     0.067007   286.550990   280.671506     7.393797     2.068221     0.038157
      1983.0     5.567701   341.815853   547.480373  1776.597798     1.687488   121.860184    62.872633    58.987552    59.379439    60.374869     0.068832   286.482379   280.464826     7.420071     2.668743     0.746277
      1984.0     4.482494   343.453001   547.070467  1777.022530     1.518773   122.603623    63.109945    59.493678    60.981966    60.512824     0.071283   286.530370   280.587936     7.477433     3.007028    -0.893874
      1985.0     5.883524   344.971792   547.426253  1777.220087     1.544865   124.460182    64.212896    60.247286    60.442594    61.177349     0.073486   286.555461   280.705213     7.546423     2.679761     0.537197
      1986.0     5.701885   346.523480   547.783574  1777.876009     1.497554   124.526198    63.737312    60.788886    60.274952    60.786834     0.077650   286.574598   280.774231     7.673440     2.593157    -0.144040
      1987.0     7.919412   348.443361   548.307386  1779.000430     1.667039   125.797758    64.610328    61.187430    59.814077    61.591822     0.083811   286.533793   280.605176     7.869007     2.494693     0.653325
      1988.0     6.386352   350.563763   548.177780  1780.255589     1.880827   121.252298    62.110241    59.142056    59.448735    59.952865     0.088888   286.684580   280.777555     8.071050     2.286983    -0.751029
      1989.0     3.573127   352.289659   547.347677  1779.656016     1.748246   121.508150    61.989970    59.518180    61.119157    59.823586     0.093367   286.835889   281.111099     8.282123     2.996487    -0.695998
      1990.0     7.178681   353.601352   547.760452  1780.068691     1.633665   130.511811    67.470810    63.041001    61.820545    63.633997     0.080888   286.608096   280.754122     8.136729     3.424038     1.400777
      1991.0     6.875678   354.755246   548.778250  1781.964024     1.831590   129.861089    66.320440    63.540649    60.966351    62.712130     0.065489   286.616015   280.725019     7.851765     2.590511    -0.149554
      1992.0     5.980643   355.685586   549.352333  1783.519608     1.958615   125.618947    64.633024    60.985923    59.874693    61.432674     0.062052   286.599983   280.584432     7.745255     2.626267     0.002398
      1993.0     4.004701   356.583060   549.757243  1784.356097     1.714337   125.154487    64.417239    60.737248    61.271426    61.531875     0.062487   286.627719   280.771451     7.713381     2.480454    -0.576041
      1994.0     5.184412   357.914492   549.818902  1784.817001     1.708482   124.275570    64.074281    60.201290    60.738973    61.061902     0.064431   286.588755   280.607407     7.727311     2.950720    -0.137975
      1995.0     7.247837   359.676562   550.214159  1785.661186     1.865066   126.698750    65.244064    61.454686    60.834805    62.120407     0.066453   286.724009   280.811251     7.762242     2.728400     0.441417
      1996.0     6.068556   361.366310   550.633248  1786.060103     1.903745   127.722141    65.343732    62.378409    61.964571    62.042054     0.070622   286.937564   281.121109     7.860008     2.882589    -0.321435
      1997.0     4.672226   363.098795   550.738735  1785.642474     1.709139   126.762623    64.704792    62.057831    62.602134    61.776026     0.076548   286.903188   281.092178     8.022499     2.823280    -0.408479
      1998.0     7.403665   365.225796   551.261535  1785.437255     1.485095   132.637439    67.262583    65.374856    62.966273    63.606169     0.080801   286.952881   281.123711     8.181154     3.133613     0.845116
      1999.0     7.012842   367.168660   551.744960  1786.307713     1.687969   130.087946    66.244588    63.843359    62.199018    62.812402     0.084378   286.964884   281.190432     8.346684     2.948762    -0.257074
      2000.0     6.722625   368.671020   552.766589  1787.049814     1.815762   131.747809    67.112138    64.635671    62.556647    63.540894     0.083390   287.148354   281.496162     8.418535     2.549615     0.242146
      2001.0     5.512840   370.304894   552.817491  1787.780584     1.792026   126.718135    64.573266    62.144869    61.531863    61.743923     0.071559   287.273956   281.588824     8.232389     2.778441    -0.518711
      2002.0     7.356588   372.415444   553.194464  1788.113086     2.096287   128.507800    65.596955    62.910845    62.018369    62.542137     0.060031   287.271222   281.473991     7.984974     2.677845     0.191266
      2003.0     6.007328   374.634463   553.241605  1787.895631     2.262171   128.034901    65.049086    62.985814    63.178584    62.340576     0.058331   287.442088   281.825976     7.884845     2.661369    -0.620552
      2004.0     6.484712   376.544469   553.305641  1787.637676     2.212180   128.659870    65.641030    63.018841    62.533119    62.584246     0.060597   287.464635   281.858350     7.864485     2.992748     0.309082
      2005.0     7.358151   378.421607   553.634544  1787.741717     2.121055   132.919359    67.809808    65.109551    63.658810    64.222669     0.059898   287.461736   281.844106     7.798609     3.258236     0.459817
      2006.0     6.194770   380.348049   554.027813  1787.986687     2.492330   128.803231    65.265253    63.537978    62.845795    62.434734     0.052017   287.540222   281.850449     7.586744     2.437251    -0.656031
      2007.0     5.395012   382.202170   553.829571  1787.407672     2.312716   127.627332    64.397228    63.230104    62.477503    62.112240     0.050451   287.562487   282.017092     7.483037     2.483231     0.213752
      2008.0     6.681639   384.049718   553.537896  1787.409126     2.084669   131.002910    66.698736    64.304174    63.145130    63.437507     0.052221   287.351357   281.714419     7.472157     3.552903     0.290923
      2009.0     8.231246   385.959729   554.270750  1788.425400     1.827990   136.614961    69.668366    66.946594    64.281536    65.533034     0.105337   287.234866   281.625343     8.578471     3.402478     0.235224
      2010.0     9.320287   388.116299   555.098734  1790.343651     2.000960   134.306952    68.000886    66.306067    62.235591    64.508213     0.165055   287.233617   281.594289    10.124689     2.664689     0.354370
      2011.0     7.555073   390.355050   555.289320  1791.997359     2.237909   128.252163    64.661920    63.590244    61.230806    61.971870     0.111250   287.380692   281.626808     9.501502     2.499464    -0.912645
      2012.0     5.640609   392.623403   554.740660  1791.286463     2.166829   129.629606    65.582336    64.047270    63.860614    62.791115     0.151377   287.615013   282.094574    10.585037     3.339881    -0.358603
      2013.0     9.893648   394.947618   555.136457  1791.525393     2.368196   140.039961    71.255212    68.784749    65.301981    66.644367     0.254492   287.410291   281.606725    13.250541     4.215048     1.103456
      2014.0     8.918166   396.989114   556.050052  1793.029974     2.309399   137.623478    69.875315    67.748163    64.207518    65.913631     0.255418   287.489812   281.688688    14.192371     3.048089     0.201533
      2015.0    10.277526   400.177939   556.395185  1793.987081     2.437403   134.803407    68.702250    66.101156    64.374908    64.825819     0.165979   287.526418   281.799370    13.066193     3.531299    -0.506195
      2016.0     8.959798   402.433152   557.563321  1795.101356     2.679016   135.629931    69.172791    66.457140    64.477328    65.293657     0.112695   287.632833   281.962631    12.157324     2.710998    -0.297947
      2017.0     8.204665   405.322819   557.594733  1794.968894     2.653259   132.899522    67.346515    65.553007    64.713906    64.035365     0.113594   287.732068   282.102712    12.125616     3.279738    -0.546079
      2018.0    10.529208   408.281538   558.152299  1794.882615     2.645789   136.939921    69.972762    66.967160    65.016224    65.745349     0.129473   287.683253   281.922819    12.440935     3.669846     0.815405
      2019.0    12.130156   411.391460   559.030821  1796.158511     2.805088   137.632385    70.273695    67.358698    64.202523    66.014292     0.151714   287.766602   282.103508    12.991673     3.380873     0.535874
      2020.0     9.332415   414.596721   559.213922  1797.082387     2.817895   134.052219    67.541704    66.510515    64.559539    64.340104     0.181221   287.906499   282.392878    13.831506     3.018499    -1.143311
      2021.0    10.913366   417.894036   559.256659  1797.367980     2.725386   136.734319    69.493102    67.241216    64.883644    65.652918     0.201666   287.937492   282.416435    14.627087     3.797447     0.483681
      2022.0    11.903638   421.266950   559.783494  1798.445011     2.769886   137.385608    69.954685    67.430936    64.558277    65.829885     0.228698   287.886548   282.339554    15.651865     3.597952     0.194578
      2023.0    10.627015   424.702345   560.158935  1799.267642     2.960748   135.068311    68.163982    66.904329    64.351519    64.754236     0.257147   288.028048   282.496440    16.822023     3.034305    -0.419915
      2024.0     9.562581   428.196903   559.753801  1798.607861     2.984747   135.162264    68.173893    66.988371    65.468737    64.711809     0.284860   288.177411   282.745468    18.081627     3.867218    -0.097147
      2025.0    11.938755   431.753927   560.288637  1798.595894     2.866290   143.832616    72.920786    70.911831    67.664594    68.150596     0.301471   288.075625   282.593890    19.184052     4.235355     0.497969
      2026.0    12.704100   435.376701   561.079996  1799.893443     3.081812   140.998511    71.151036    69.847475    65.574745    67.044858     0.255141   288.122584   282.613271    18.928053     3.314819     0.172563
      2027.0    12.664430   439.068505   561.596166  1800.977274     3.069908   141.839081    71.772467    70.066614    66.366993    67.239415     0.245742   288.188970   282.923559    19.163555     4.016882    -0.211409
      2028.0    12.510018   442.826053   562.220749  1802.176599     3.233566   141.026337    70.692427    70.333911    65.786398    66.783446     0.256928   288.284332   282.818347    19.771990     3.284399    -0.202278
      2029.0    10.966346   446.652651   562.661973  1801.697117     3.069240   144.790790    72.191718    72.599072    68.658138    67.810870     0.270308   288.434006   283.118647    20.467260     3.939624    -0.367787
      2030.0    14.160475   450.548279   563.275006  1802.722183     3.301141   147.247033    73.786432    73.460616    67.264494    69.017331     0.276928   288.287053   282.755623    21.058184     4.156052     0.727771
      2031.0    12.181349   454.509666   563.889391  1803.923868     3.362802   141.191292    70.691557    70.499735    66.613059    66.887477     0.242057   288.499814   283.016541    20.738960     3.189695    -0.927266
      2032.0    10.136573   458.533496   563.611239  1802.203420     3.331164   144.046422    71.610147    72.436276    69.546874    67.521964     0.231974   288.673780   283.387296    20.746265     4.366335    -0.304463
      2033.0    15.324814   462.603352   564.569120  1802.509996     3.356459   150.976057    75.730891    75.245179    68.486971    70.505087     0.234185   288.436157   283.011424    20.961906     4.267910     1.711541
      2034.0    15.499257   466.719247   565.965921  1804.799705     3.326877   150.466288    75.859006    74.607281    68.474074    70.373525     0.235319   288.403890   282.920802    21.164240     4.088681    -0.390259
      2035.0    14.849360   470.887732   567.220068  1806.418136     3.311532   148.523599    74.674299    73.849299    68.114775    69.833771     0.235388   288.560933   283.239660    21.347363     3.586381     0.100565
      2036.0    12.398055   475.108820   568.004722  1807.380399     3.454371   144.203935    71.924190    72.279745    68.194872    67.849441     0.216687   288.826078   283.787305    21.113728     3.290095    -1.307694
      2037.0    11.292521   479.382509   568.034110  1806.438683     3.504304   141.653453    70.675909    70.977544    68.261281    67.097625     0.212341   288.943789   283.783780    21.092720     3.548896    -0.221940
      2038.0    14.973810   483.712078   568.806639  1805.931955     3.483142   154.854578    77.636622    77.217955    71.308998    71.732640     0.216196   288.885727   283.620033    21.237598     5.131453     0.930370
      2039.0    16.514925   488.100821   570.543087  1807.609028     3.647682   155.850745    77.539884    78.310861    69.877902    71.994563     0.224557   288.905446   283.619598    21.511438     3.808874     0.439588
      2040.0    14.484021   492.545456   571.363990  1808.920458     3.721168   150.037305    74.840937    75.196368    69.530216    70.274952     0.229364   289.032468   283.808334    21.758818     3.745082    -0.566694
      2041.0    11.950339   497.045972   571.684004  1808.405923     3.639786   147.759745    72.637609    75.122136    70.081104    68.861455     0.213098   289.310735   284.403651    21.569691     3.456139    -0.705114
      2042.0    14.131228   501.599091   571.734420  1808.099728     3.688045   150.150466    74.816739    75.333727    70.078022    70.464292     0.211777   289.222593   284.046580    21.618870     4.302032     0.692465
      2043.0    16.731196   506.201523   572.644958  1809.370949     3.734586   155.212600    77.638342    77.574258    70.247321    72.211780     0.220307   289.086749   283.897743    21.883419     4.516023     0.693239
      2044.0    15.930368   510.853265   573.495608  1811.104717     3.792613   151.637449    76.018459    75.618991    69.620252    71.175590     0.234178   289.078695   283.905258    22.321707     3.992219    -0.178431
      2045.0    16.934010   515.551028   574.749123  1812.848977     3.606771   157.603749    78.690843    78.912906    71.086479    72.901568     0.236982   289.153150   283.968402    22.591574     4.535760     0.070829
      2046.0    15.283275   520.301393   575.611338  1814.270824     3.664284   153.848013    75.982854    77.865159    70.388280    71.447652     0.213753   289.170222   283.987831    22.293661     3.672988    -0.362475
      2047.0    14.411640   525.104359   576.153360  1815.025486     3.765488   151.716635    75.015069    76.701566    70.567901    70.555039     0.207959   289.413259   284.379575    22.245247     3.918009    -0.767524
      2048.0    15.039690   529.959923   576.893285  1814.628481     3.528754   157.314310    78.288703    79.025607    72.979538    72.757128     0.209451   289.411158   284.300059    22.333366     4.791649     0.174595
      2049.0    17.322101   534.871385   578.449629  1815.610429     3.577220   161.364981    79.914584    81.450397    72.327048    74.198120     0.213718   289.390053   284.364365    22.497625     4.160120     0.889124
      2050.0    15.774438   539.835422   579.515816  1817.231276     3.816420   157.060560    77.293698    79.766862    71.788743    72.566119     0.221552   289.448430   284.361351    22.771067     3.661393    -0.843471
      2051.0    13.971202   544.855357   579.944529  1816.569169     3.942008   154.348515    76.039980    78.308535    72.592935    71.426349     0.241954   289.736763   284.979268    23.365553     4.184917    -0.504478
      2052.0    13.352442   549.931182   580.141002  1814.843945     3.856143   158.542953    77.577186    80.965767    74.458891    72.756073     0.270311   289.714617   284.852976    24.243578     4.624640     0.022406
      2053.0    18.189992   555.056310   580.961369  1815.309222     3.835381   160.993180    80.228956    80.764224    72.296750    74.491969     0.292880   289.578957   284.474228    25.134451     4.916621     1.729942
      2054.0    17.149429   560.230763   581.970361  1817.399764     3.836793   159.840033    79.368560    80.471474    72.596251    74.014013     0.316603   289.588745   284.479301    26.146540     4.345554    -0.672780
      2055.0    15.915704   565.457806   582.556015  1818.379531     3.955712   156.828937    77.784420    79.044517    72.591616    73.069452     0.328453   289.642822   284.613060    26.987431     4.129315    -0.501931
      2056.0    16.002759   570.737448   582.800230  1818.821588     3.998512   156.038694    77.460170    78.578525    72.283901    72.604865     0.309385   289.654600   284.629880    27.157595     4.611089    -0.121093
      2057.0    16.677009   576.072982   583.566988  1818.819228     3.934051   162.423126    80.242091    82.181035    74.382685    74.640783     0.324951   289.793599   284.845090    27.945238     4.834550     0.260458
      2058.0    16.632767   581.464398   584.592087  1819.547594     3.970963   160.671157    79.038158    81.633002    73.411550    74.003574     0.342679   289.918780   284.971110    28.832682     4.009481    -0.136342
      2059.0    15.084830   586.908419   585.173775  1818.797407     3.979459   162.436341    79.397792    83.038549    75.388974    73.983172     0.361074   290.168917   285.377663    29.798199     4.832931    -0.655614
      2060.0    17.636967   592.411603   586.295332  1818.485719     3.836211   169.383235    83.564795    85.818445    76.732692    77.093929     0.376817   290.093798   285.252645    30.764517     5.349304     0.672924
      2061.0    18.584332   597.973972   587.935635  1819.634534     3.911114   167.546985    82.462561    85.084423    74.980052    76.559121     0.363162   290.191711   285.353676    31.119970     4.263137     0.430255
      2062.0    17.879706   603.588938   589.008543  1820.645641     3.949934   165.346979    81.448396    83.898585    74.833099    75.717431     0.364285   290.240532   285.383784    31.674259     4.658054    -0.126775
      2063.0    17.921452   609.263079   589.878336  1821.671455     4.017455   164.340585    80.528235    83.812350    74.066896    75.371512     0.372849   290.292953   285.358780    32.361916     4.286931     0.278800
      2064.0    14.138246   614.996387   589.741736  1821.701610     4.048537   159.884218    77.049417    82.834801    74.658121    73.093817     0.387971   290.589867   286.034709    33.208973     4.092201    -1.594459
      2065.0    13.861032   620.788877   589.229041  1819.363872     3.991293   163.435554    79.167614    84.267940    76.989825    74.631931     0.402701   290.654060   286.201327    34.098900     5.048378    -0.020156
      2066.0    18.830096   626.640540   589.993221  1818.795125     3.963492   172.924800    84.622374    88.302426    77.316481    78.065646     0.393600   290.391899   285.682549    34.506443     5.792548     1.317913
      2067.0    19.826149   632.548080   591.215815  1820.778673     4.027695   170.691042    83.534309    87.156733    75.348974    77.679323     0.392040   290.358683   285.475123    34.986721     4.632391     0.346801
      2068.0    16.385279   638.518093   591.803152  1821.559350     4.093032   165.110361    80.131811    84.978550    75.841352    75.264777     0.396525   290.661011   286.113358    35.559982     4.279697    -1.357252
      2069.0    16.773795   644.550565   592.023046  1820.440556     3.903027   169.386464    82.575132    86.811332    77.590082    77.050461     0.403209   290.782956   286.358892    36.179138     5.304777     0.579173
      2070.0    18.694651   650.645499   592.435855  1821.028955     3.855465   169.911207    83.246608    86.664599    76.378275    77.482830     0.400457   290.670197   286.013596    36.598228     5.350969     0.516156
      2071.0    19.136856   656.816038   593.754432  1822.025723     3.950525   172.982318    84.607818    88.374500    77.524562    78.539283     0.349031   290.824908   286.277494    35.898022     4.749958     0.017953
      2072.0    17.008916   663.045756   594.543789  1822.462725     4.079719   168.049576    81.625312    86.424264    77.150641    76.503424     0.328573   291.047353   286.643618    35.576260     4.332532    -1.084219
      2073.0    17.155122   669.324785   594.940738  1821.344758     3.945632   170.913568    83.443430    87.470137    78.692270    77.726757     0.329256   290.945162   286.387779    35.618713     5.319725     0.152454
      2074.0    18.542802   675.636688   595.948612  1821.226960     4.051927   172.095713    83.998652    88.097066    78.071835    78.166914     0.338845   291.001083   286.503184    35.881466     4.823859     0.212878
      2075.0    19.119857   682.014343   596.916713  1821.589784     3.996123   174.094534    84.677562    89.416979    78.066905    78.621315     0.335817   291.087868   286.529182    35.935219     5.088139     0.191586
      2076.0    16.579831   688.490618   597.427350  1821.042836     4.061234   170.919743    82.246010    88.673733    78.663856    77.285763     0.300634   291.250682   286.833827    35.274693     4.449610    -0.831144
      2077.0    17.957762   695.032645   597.604339  1820.193685     4.190665   171.903282    83.210857    88.692424    78.471570    78.172166     0.285037   291.184255   286.657562    34.863297     4.861703     0.549747
      2078.0    18.499968   701.640414   597.783922  1819.546386     4.202341   171.199269    83.492880    87.706389    78.383236    77.880246     0.282346   291.253932   286.908707    34.680595     5.433051     0.144308
      2079.0    18.912445   708.313935   599.251957  1819.384598     4.126355   178.553578    86.781043    91.772536    81.055279    80.263111     0.283772   291.359632   287.073532    34.605865     5.049897    -0.630380
      2080.0    19.015528   715.020341   600.080018  1818.954430     4.028769   175.291763    84.666958    90.624813    78.940452    79.223572     0.288811   291.434825   287.118210    34.648521     4.615316     0.713288
      2081.0    18.860182   721.792488   600.638985  1818.753081     4.240572   175.101808    84.547894    90.553922    79.458663    78.841093     0.274667   291.432554   287.096766    34.324314     5.147827    -0.416222
      2082.0    18.652383   728.663255   601.047633  1818.622868     4.085213   171.956691    83.213711    88.742980    78.239749    78.410468     0.273019   291.463249   287.005842    34.217358     4.394595     0.300932
      2083.0    17.519292   735.599774   601.082239  1817.469009     4.022083   177.195565    85.490338    91.705227    81.575069    79.624230     0.278992   291.672516   287.457944    34.294624     5.831502    -0.796981
      2084.0    21.209259   742.634914   602.193567  1817.320609     4.044360   182.596623    88.238777    94.357846    80.809233    81.768525     0.285634   291.572332   287.239077    34.441540     5.358923     1.107692
      2085.0    18.834022   749.735812   602.636469  1817.315139     4.224622   174.557234    84.246980    90.310254    79.655506    79.145680     0.285131   291.657593   287.277669    34.481163     4.658398    -0.504356
      2086.0    17.021014   756.902457   602.807082  1815.854873     4.194852   173.659747    83.558321    90.101428    80.966527    78.542374     0.257453   291.893557   287.811020    33.930119     4.845331    -0.963886
      2087.0    19.997370   764.167710   602.814772  1814.670670     4.211468   175.674820    84.646044    91.028776    79.268089    79.340138     0.247107   291.798640   287.601568    33.616955     5.298217     1.256252
      2088.0    21.114748   771.498722   603.258719  1815.373893     4.190287   178.640806    86.291491    92.349316    79.707846    80.804006     0.246690   291.875048   287.770869    33.488464     5.043538     0.392937
      2089.0    19.548129   778.895486   603.098385  1815.718306     4.325957   174.444464    83.948327    90.496137    79.405768    78.857812     0.250668   291.963854   287.751417    33.480888     5.250849    -0.892370
      2090.0    19.470595   786.390877   603.681265  1815.069073     4.154541   178.861525    85.634667    93.226857    81.106799    80.036975     0.251186   292.161237   288.091960    33.441940     5.014813    -0.420591
      2091.0    19.734068   793.984881   603.963318  1814.082908     4.133226   179.125783    86.047299    93.078495    81.305906    80.468210     0.231882   292.241325   288.253293    32.986500     5.297025     0.148469
      2092.0    20.796762   801.644644   604.787532  1813.161336     4.135774   183.102328    88.369625    94.732704    82.674079    81.937111     0.227025   292.225128   288.072762    32.757423     5.608300     0.184604
      2093.0    20.041016   809.370154   605.455237  1812.560398     4.176392   180.260645    86.627124    93.633520    81.857510    80.950335     0.228323   292.389346   288.419223    32.660114     5.009084    -0.306238
      2094.0    19.263512   817.194289   605.631968  1810.895796     4.041162   180.811761    86.422155    94.389606    82.576465    80.786956     0.234272   292.480726   288.532537    32.696239     5.458468    -0.124907
      2095.0    22.655841   825.117033   606.382905  1810.815322     4.172686   184.325997    88.709271    95.616730    81.624852    82.652094     0.232946   292.408132   288.267220    32.622982     5.306236     1.107716
      2096.0    21.002469   833.105536   606.765672  1810.850990     4.120784   180.959848    86.793925    94.165924    81.623101    81.169058     0.198504   292.643733   288.786397    31.824314     5.242099    -0.489711
      2097.0    19.777142   841.192670   606.863807  1810.031971     4.273529   180.423711    86.497674    93.926037    82.751926    81.132985     0.182976   292.636782   288.675163    31.265593     5.266554    -0.799922
      2098.0    19.039038   849.378418   606.792912  1808.321802     4.204764   179.220869    85.406513    93.814356    82.718242    80.347226     0.177727   292.844648   289.069308    30.878630     5.130182    -0.660847
      2099.0    21.708160   857.629919   607.343490  1806.002285     4.284717   185.541618    88.500961    97.040668    83.356131    82.157980     0.180918   292.895360   289.016983    30.684345     5.792393     1.121366
      2100.0    21.185089   865.980040   608.183078  1805.238911     4.228083   186.842947    88.998257    97.844690    84.374988    83.084890     0.175481   292.946508   289.143476    30.350273     5.073780    -0.526724