        time     emission          CO2         cveg        csoil        fgco2         fgpp         fnpp           ra          frh     fvegsoil         fluc          tas     tas_land        cprod     fcvegout    fcsoilout
      1850.0     7.446789   286.756545   584.600252  1763.513102     0.464367   119.121890    60.021616    59.100273    58.170520    58.768557 4.281190e-11   286.474434   280.636449 5.136001e-08     0.797424    -0.368868
      1851.0     7.808659   289.624119   584.900508  1764.132998     0.760296   117.924329    59.724303    58.200026    57.862650    58.465385 4.238585e-11   286.524974   280.593012 5.084890e-08     0.958661    -0.017161
      1852.0     6.424478   292.520340   585.045385  1764.405885     0.957760   116.152585    58.323654    57.828931    58.082712    57.658137 4.196405e-11   286.706205   280.781003 5.034288e-08     0.520640    -0.697462
      1853.0     6.509934   295.445567   584.788442  1763.624257     1.192414   115.580302    58.121140    57.459162    58.107139    57.280984 4.154644e-11   286.681038   280.864344 4.984188e-08     1.097098    -0.044527
      1854.0     7.655191   298.400008   584.793850  1763.220999     1.483594   116.303541    58.601841    57.701700    57.825415    57.678026 4.113299e-11   286.748217   280.999466 4.934588e-08     0.918407     0.255868
      1855.0     8.828922   301.384011   585.504476  1762.742748     1.588268   121.185782    61.532389    59.653393    59.657465    59.161374 4.072366e-11   286.635178   280.999354 4.885481e-08     1.660388    -0.017840
      1856.0    11.404226   304.397844   587.304107  1763.144495     1.598946   126.662376    64.120748    62.541628    59.772507    61.008498 4.031839e-11   286.492526   280.745857 4.836863e-08     1.312619     0.834244
      1857.0    10.914198   307.441824   589.031170  1764.816557     1.777928   124.813598    62.515730    62.297868    58.947119    60.377962 3.991716e-11   286.576055   280.817233 4.788729e-08     0.410704    -0.241218
      1858.0     9.586523   310.516254   589.960751  1765.648014     1.952741   120.932078    60.643721    60.288356    58.680967    59.007591 3.951992e-11   286.722631   280.990326 4.741073e-08     0.706550    -0.504833
      1859.0     7.922669   313.621412   590.499579  1764.955551     2.158476   118.871113    59.365842    59.505271    59.306984    57.977237 3.912664e-11   286.828529   281.198179 4.693893e-08     0.849776    -0.637284
      1860.0    11.291874   316.757612   591.743593  1764.630934     2.235989   124.172181    62.637426    61.534754    59.442253    60.055435 3.873727e-11   286.731789   280.989555 4.647181e-08     1.337978     0.937799
      1861.0    11.797233   319.925191   593.634838  1765.310635     2.251615   126.265842    63.778756    62.487086    60.091532    60.768200 3.835177e-11   286.643486   280.883153 4.600934e-08     1.119311    -0.003032
      1862.0    12.640679   323.124462   595.747817  1766.246446     2.316241   127.224534    64.412454    62.812080    59.955401    61.377138 3.797012e-11   286.531197   280.757729 4.555148e-08     0.922337     0.485927
      1863.0    13.746506   326.355703   597.915948  1768.273917     2.393410   128.306040    64.612947    63.693093    59.156369    61.536243 3.759225e-11   286.522552   280.618332 4.509818e-08     0.908574     0.352404
      1864.0    11.376383   329.619253   599.629819  1769.560226     2.388983   124.499347    62.527953    61.971394    59.515920    59.942909 3.721815e-11   286.786016   281.120079 4.464938e-08     0.871173    -0.859320
      1865.0    11.235552   332.915461   601.547521  1769.441958     2.479608   127.696406    64.064722    63.631685    61.331801    60.909403 3.684778e-11   286.811755   281.220698 4.420505e-08     1.237616    -0.304130
      1866.0    13.758747   336.244596   604.300137  1770.350545     2.421914   133.720454    67.191362    66.529093    61.971256    63.341033 3.648108e-11   286.673035   280.933848 4.376514e-08     1.097713     0.461190
      1867.0    13.365914   339.607044   606.803113  1771.569253     2.648852   130.763062    65.716505    65.046557    61.201355    62.350088 3.611804e-11   286.715942   280.875394 4.332961e-08     0.863441    -0.069975
      1868.0    12.626588   343.003111   609.248465  1772.283884     2.751749   128.310367    64.282673    64.027693    60.723315    61.094987 3.575861e-11   286.993813   281.253698 4.289841e-08     0.742334    -0.342959
      1869.0    11.923389   346.433138   611.265746  1771.986122     2.756297   130.705489    65.168297    65.537191    62.390798    62.050050 3.540276e-11   287.049411   281.333656 4.247151e-08     1.100966    -0.042986
      1870.0    14.519887   349.897472   614.033081  1772.695999     2.937381   133.409207    66.914210    66.494998    61.760356    63.059279 3.505044e-11   286.985283   281.441859 4.204885e-08     1.087596     0.589045
      1871.0    14.423268   353.396461   616.534111  1774.224795     3.159446   131.004379    65.698151    65.306228    60.945026    62.567109 3.470164e-11   286.983411   281.325979 4.163040e-08     0.630012     0.093287
      1872.0    13.476662   356.930410   618.745834  1775.425362     3.106051   130.124082    65.128299    64.995783    61.345612    62.112036 3.435630e-11   287.082138   281.533752 4.121611e-08     0.804540    -0.434143
      1873.0    12.448750   360.499727   620.325633  1776.297531     3.056123   127.373308    63.266759    64.106549    60.531459    61.070566 3.401441e-11   287.125211   281.565628 4.080595e-08     0.616395    -0.333063
      1874.0    14.613154   364.104734   622.445457  1776.721178     3.000526   134.424017    67.305128    67.118889    62.410865    63.447946 3.367591e-11   286.997950   281.334145 4.039987e-08     1.737358     0.613434
      1875.0    15.377716   367.745768   625.708099  1777.949852     3.032683   137.023301    68.143139    68.880162    62.605900    63.889301 3.334078e-11   287.042465   281.500277 3.999783e-08     0.991195     0.054727
      1876.0    15.124449   371.423240   628.701843  1779.345962     3.283892   134.830514    66.891944    67.938571    61.954787    63.279908 3.300899e-11   287.180519   281.627922 3.959979e-08     0.618292    -0.070989
      1877.0    14.128536   375.137463   631.122308  1780.085446     3.481085   133.726696    66.059602    67.667094    62.416556    62.814632 3.268050e-11   287.291433   281.750348 3.920570e-08     0.824504    -0.341408
      1878.0    15.382617   378.888851   633.724147  1780.718909     3.503061   135.367503    67.513144    67.854360    62.654187    63.613260 3.235528e-11   287.276861   281.817218 3.881555e-08     1.298044     0.325611
      1879.0    16.351339   382.677713   636.930513  1781.878427     3.672457   139.996322    69.463389    70.532933    63.914560    65.017870 3.203329e-11   287.290349   281.779864 3.842927e-08     1.239153    -0.056208
      1880.0    15.620870   386.504491   640.157242  1783.078937     3.536837   137.954967    68.612409    69.342557    63.674058    64.749436 3.171451e-11   287.296527   281.752823 3.804685e-08     0.636244    -0.125132
      1881.0    16.405033   390.369537   643.273201  1784.049052     3.652815   141.301719    70.205169    71.096550    64.682804    65.611726 3.139890e-11   287.347282   281.799517 3.766822e-08     1.477483    -0.041192
      1882.0    15.159053   394.273258   646.505780  1784.753829     3.632612   138.318869    68.041691    70.277179    63.866356    64.467634 3.108644e-11   287.552404   282.228643 3.729336e-08     0.341479    -0.103499
      1883.0    13.449709   398.215968   648.677870  1784.847714     3.769497   136.100798    66.435815    69.664983    64.147534    63.694211 3.077708e-11   287.666412   282.292348 3.692223e-08     0.569514    -0.547208
      1884.0    16.003688   402.198144   651.243581  1784.558408     3.728143   143.656222    70.561920    73.094301    65.750071    66.125594 3.047080e-11   287.650017   282.301432 3.655481e-08     1.870615     0.664829
      1885.0    18.176927   406.220101   654.894729  1786.362216     3.735099   144.922701    71.649059    73.273642    64.790719    67.055051 3.016757e-11   287.543350   282.006137 3.619103e-08     0.942861     0.460523
      1886.0    15.246178   410.282316   657.962398  1787.511657     3.809357   140.747855    68.761806    71.986050    65.006255    65.197028 2.986735e-11   287.766123   282.265701 3.583087e-08     0.497109    -0.958668
      1887.0    15.162094   414.385137   660.277229  1787.100425     3.734044   141.196416    69.225654    71.970762    65.574035    65.647068 2.957013e-11   287.755173   282.386360 3.547430e-08     1.263755     0.484265
      1888.0    18.485262   418.529008   663.827959  1788.624132     3.717462   148.065667    72.913202    75.152465    65.944578    68.180018 2.927586e-11   287.644758   282.156382 3.512127e-08     1.182454     0.711733
      1889.0    17.337445   422.714277   666.988971  1790.637151     3.728085   145.254561    71.002053    74.252508    65.333473    67.020448 2.898452e-11   287.617716   281.982056 3.477176e-08     0.820592    -0.326044
      1890.0    16.974686   426.941423   669.991410  1792.041516     3.749221   143.444154    70.115539    73.328615    64.905314    66.314378 2.869608e-11   287.760867   282.364037 3.442573e-08     0.798721     0.004699
      1891.0    17.723826   431.210825   672.977486  1793.504288     3.748798   146.999867    71.616612    75.383255    65.700495    67.447448 2.841051e-11   287.865217   282.541382 3.408314e-08     1.183088     0.284181
      1892.0    16.923755   435.522960   675.839472  1795.187994     3.943133   146.359196    70.794781    75.564415    66.017966    67.139026 2.812778e-11   287.956156   282.624644 3.374396e-08     0.793769    -0.562646
      1893.0    15.643526   439.878182   678.667820  1795.560079     3.934497   147.493750    71.001188    76.492562    67.629937    67.210757 2.784787e-11   288.095551   282.826825 3.340816e-08     0.962082    -0.791265
      1894.0    18.336733   444.276967   681.657565  1795.995906     4.133005   147.168003    72.226387    74.941617    66.420694    68.106788 2.757074e-11   288.069944   282.817853 3.307570e-08     1.129854     1.250266
      1895.0    15.809628   448.719726   684.567517  1796.639402     4.173500   147.946175    70.875296    77.070879    67.722081    67.211101 2.729637e-11   288.208338   282.923630 3.274654e-08     0.754243    -1.154475
      1896.0    16.146920   453.206912   686.867338  1795.866587     4.083014   149.065401    71.903073    77.162328    68.361036    68.289783 2.702472e-11   288.238752   283.081220 3.242066e-08     1.313469     0.701561
      1897.0    17.430088   457.739000   689.760871  1797.178745     4.192626   149.883540    72.490583    77.392958    67.857489    68.845696 2.675579e-11   288.175629   282.832110 3.209803e-08     0.751354    -0.323950
      1898.0    18.463587   462.316375   692.638398  1798.098550     4.175237   152.518682    73.610641    78.908041    68.059590    69.441518 2.648953e-11   288.223391   283.007355 3.177860e-08     1.291595     0.462122
      1899.0    17.807967   466.939551   695.779602  1798.914225     4.061876   154.161429    74.286859    79.874571    69.326705    69.996194 2.622591e-11   288.300418   283.237676 3.146235e-08     1.149461    -0.146186
      1900.0    19.827028   471.608940   699.308762  1800.622637     4.253506   156.680813    75.652963    81.027850    68.962190    71.042718 2.596493e-11   288.320999   283.190183 3.114926e-08     1.081086     0.372115
      1901.0    18.392436   476.325020   702.514742  1801.875247     4.222846   155.050372    74.578773    80.471600    69.425459    70.330555 2.570653e-11   288.320813   283.173314 3.083927e-08     1.042237    -0.347513
      1902.0    20.460225   481.088280   706.339685  1803.716065     4.115805   158.823847    76.749445    82.074402    69.512173    71.719549 2.545072e-11   288.369517   283.309733 3.053238e-08     1.204953     0.366558
      1903.0    19.972659   485.899165   710.152816  1805.743513     4.145991   158.554599    76.002719    82.551879    69.385073    71.498708 2.519744e-11   288.361092   283.257464 3.022853e-08     0.690880     0.086186
      1904.0    17.274634   490.758152   713.003891  1806.637247     4.279740   155.795068    74.721198    81.073870    71.041843    70.870574 2.494669e-11   288.454206   283.328178 2.992771e-08     0.999548    -1.065002
      1905.0    18.613276   495.665729   716.043034  1807.188278     4.151099   156.539183    75.211713    81.327470    70.167505    71.060027 2.469843e-11   288.479383   283.445597 2.962988e-08     1.112544     0.341491
      1906.0    20.661377   500.622407   719.677728  1808.652101     4.325952   159.569906    76.896813    82.673092    70.091542    72.214604 2.445264e-11   288.412483   283.268473 2.933502e-08     1.047515     0.659239
      1907.0    18.666652   505.628639   722.738552  1810.146593     4.396283   155.838881    74.322274    81.516607    69.738402    70.882067 2.420930e-11   288.558495   283.540220 2.904309e-08     0.379382    -0.350827
      1908.0    17.032729   510.684903   724.951103  1810.555331     4.354271   153.921999    73.225404    80.696595    70.291934    69.868752 2.396838e-11   288.708239   283.684148 2.875407e-08     1.144101    -0.831920
      1909.0    18.330125   515.791751   727.562589  1810.693239     4.369960   158.810789    75.239162    83.571627    71.102122    71.619224 2.372986e-11   288.737851   283.733587 2.846792e-08     1.008452     0.379193
      1910.0    18.652403   520.949661   730.035511  1810.998238     4.379267   159.155293    75.709215    83.446078    71.384101    71.711657 2.349371e-11   288.673218   283.705676 2.818462e-08     1.524636     0.022557
      1911.0    20.815864   526.159155   733.502792  1812.534002     4.208273   163.801736    78.282118    85.519617    71.692950    73.807649 2.325991e-11   288.576111   283.472488 2.790414e-08     1.007190     0.578935
      1912.0    21.354063   531.420778   736.859689  1814.565689     4.572188   163.210327    77.924092    85.286235    71.279794    73.467961 2.302844e-11   288.637906   283.609881 2.762645e-08     1.099234     0.156479
      1913.0    17.459399   536.734983   739.532786  1815.299055     4.217860   157.990563    74.849597    83.140966    71.939330    71.516127 2.279927e-11   288.897998   284.018728 2.735153e-08     0.660373    -1.156568
      1914.0    19.588397   542.102317   742.120297  1815.390983     4.363748   160.442804    76.405442    84.037362    71.596613    72.683374 2.257238e-11   288.883448   283.978658 2.707933e-08     1.134557     0.994834
      1915.0    19.988683   547.523332   745.115818  1816.595565     4.341201   164.319251    78.045712    86.273539    72.891681    73.883791 2.234775e-11   288.890162   283.919718 2.680985e-08     1.166399    -0.212471
      1916.0    20.636370   552.998575   748.448467  1817.867188     4.371479   166.146324    78.594520    87.551804    72.947850    74.343171 2.212536e-11   288.895515   283.956019 2.654305e-08     0.918700     0.123698
      1917.0    19.502245   558.528567   751.198845  1819.037779     4.458011   163.357459    76.780429    86.577030    72.441200    73.229912 2.190518e-11   289.051844   284.237946 2.627891e-08     0.800138    -0.381878
      1918.0    20.454436   564.113857   753.904171  1819.946780     4.257839   167.526323    78.936335    88.589988    73.591782    74.698236 2.168719e-11   288.994280   284.045158 2.601739e-08     1.532773     0.197453
      1919.0    22.774462   569.754992   757.820964  1821.389956     4.449585   175.358744    82.874800    92.483944    75.442020    77.273794 2.147137e-11   289.088598   284.255814 2.575848e-08     1.684214     0.388598
      1920.0    21.304215   575.452531   762.373976  1822.984094     4.455170   177.086916    82.338995    94.747922    76.485297    77.267344 2.125769e-11   289.241455   284.324476 2.550214e-08     0.518638    -0.812090
      1921.0    18.105290   581.207083   765.278201  1822.139059     4.428808   172.050880    79.854417    92.196464    77.308166    75.804249 2.104615e-11   289.414914   284.675690 2.524836e-08     1.145942    -0.658881
      1922.0    21.606694   587.019134   768.775524  1822.371815     4.502703   174.806047    82.171291    92.634757    76.328688    77.786759 2.083670e-11   289.295784   284.407188 2.499710e-08     0.887209     1.225315
      1923.0    20.862880   592.889345   771.407757  1824.139328     4.600392   168.131794    78.857630    89.274164    74.027594    75.642108 2.062935e-11   289.334551   284.472598 2.474834e-08     0.583288    -0.152999
      1924.0    18.084859   598.818191   773.531719  1824.220328     4.595330   169.253924    78.089552    91.164372    76.175184    75.009853 2.042405e-11   289.582212   284.873095 2.450206e-08     0.955737    -1.246330
      1925.0    19.215345   604.806418   775.796117  1822.705010     4.541207   174.211465    80.879112    93.332354    77.868031    76.799901 2.022080e-11   289.596283   284.991033 2.425822e-08     1.814812     0.447188
      1926.0    22.596928   610.854461   779.053358  1823.459717     4.523265   179.452791    83.658648    95.794142    77.355336    79.197367 2.001957e-11   289.443466   284.592809 2.401682e-08     1.204041     1.087325
      1927.0    22.586742   616.962998   782.517495  1825.456899     4.610955   177.823354    83.008987    94.814367    76.968326    78.767454 1.982035e-11   289.547930   284.847402 2.377781e-08     0.777395    -0.198054
      1928.0    20.418474   623.132642   785.211625  1826.549487     4.462507   173.040904    80.487467    92.553436    76.568496    76.786829 1.962311e-11   289.586553   284.799797 2.354119e-08     1.006509    -0.874255
      1929.0    20.742392   629.363956   787.920721  1826.589976     4.470786   176.372612    81.297333    95.075279    77.188574    77.514028 1.942783e-11   289.677063   284.987338 2.330692e-08     1.074209     0.284966
      1930.0    21.280863   635.657615   790.431269  1827.231660     4.418247   175.280440    81.301368    93.979072    76.817531    77.778259 1.923449e-11   289.668546   285.052943 2.307498e-08     1.012561     0.319044
      1931.0    21.689096   642.014176   793.440173  1827.898263     4.528466   178.378861    82.794385    95.584476    78.148173    78.682475 1.904308e-11   289.733042   285.107625 2.284534e-08     1.103006    -0.132302
      1932.0    22.230845   648.434328   796.429683  1828.633586     4.462791   181.216127    84.091021    97.125106    78.962138    79.924223 1.885357e-11   289.789024   285.172600 2.261800e-08     1.177288     0.226762
      1933.0    22.722646   654.918695   799.468506  1830.052793     4.494787   180.350120    83.300875    97.049244    77.836719    79.432437 1.866595e-11   289.807966   285.184171 2.239291e-08     0.829614     0.176511
      1934.0    23.435971   661.467822   802.573382  1831.840663     4.362907   183.837704    84.949337    98.888368    78.756063    80.586317 1.848019e-11   289.861338   285.196228 2.217007e-08     1.258144     0.042384
      1935.0    21.914135   668.082530   805.742576  1833.028725     4.818571   182.464420    83.709693    98.754727    79.612907    80.028777 1.829628e-11   289.909103   285.252355 2.194944e-08     0.511723    -0.772192
      1936.0    19.851869   674.763375   807.592157  1832.822499     4.639412   178.318114    81.326498    96.991616    79.219575    78.599033 1.811421e-11   290.034437   285.452286 2.173101e-08     0.877884    -0.414317
      1937.0    20.702916   681.510982   809.662293  1831.538058     4.547581   184.607106    84.735831    99.871275    81.839639    80.696630 1.793394e-11   290.117399   285.653460 2.151476e-08     1.969065     0.141432
      1938.0    24.158380   688.326096   812.779566  1832.459630     4.532420   186.404530    86.332511   100.072019    80.083343    82.142165 1.775547e-11   289.905876   285.210744 2.130065e-08     1.073072     1.137250
      1939.0    25.560114   695.209348   816.262930  1834.369873     4.698282   190.558544    87.717048   102.841496    80.440941    82.991777 1.757878e-11   289.955302   285.304525 2.108868e-08     1.241907     0.640594
      1940.0    21.899321   702.161484   819.434982  1836.198836     4.600929   185.117174    83.892717   101.224458    80.302591    80.345865 1.740384e-11   290.249092   285.820930 2.087881e-08     0.374800    -1.785689
      1941.0    23.048459   709.183066   821.821060  1836.390588     4.612826   187.090166    85.717911   101.372255    81.105914    82.007003 1.723065e-11   290.190755   285.584730 2.067103e-08     1.324830     0.709336
      1942.0    22.933522   716.274909   824.501874  1837.195693     4.752737   186.523431    85.125747   101.397684    80.916789    81.539776 1.705918e-11   290.358025   285.938680 2.046533e-08     0.905157    -0.182118
      1943.0    22.538069   723.437642   826.755541  1837.506072     4.678025   187.557532    85.215987   102.341545    81.505237    81.574160 1.688941e-11   290.361778   285.894170 2.026166e-08     1.388160    -0.241456
      1944.0    22.006312   730.672012   829.230874  1837.307552     4.560095   188.687181    85.711407   102.975774    82.526799    82.124442 1.672134e-11   290.373357   285.873156 2.006003e-08     1.111632    -0.203838
      1945.0    24.653040   737.978719   832.160634  1837.932973     4.701435   192.269788    87.829802   104.439985    82.262540    83.715425 1.655493e-11   290.345754   285.737198 1.986040e-08     1.184617     0.827464
      1946.0    23.905666   745.358507   834.937867  1839.337786     4.742692   190.872839    86.560422   104.312417    81.955279    82.719631 1.639019e-11   290.508293   286.042819 1.966276e-08     1.063558    -0.640460
      1947.0    20.802601   752.812141   837.383823  1837.950836     4.534492   194.061997    86.598379   107.463618    85.040162    82.860948 1.622708e-11   290.859942   286.621590 1.946709e-08     1.291474    -0.792263
      1948.0    23.854371   760.340244   840.090022  1837.471164     4.559363   194.542601    88.193205   106.349395    83.788434    84.344455 1.606559e-11   290.617554   286.124842 1.927336e-08     1.142552     1.035692
      1949.0    23.760805   767.943636   842.701955  1838.493769     4.860931   189.536524    85.727998   103.808526    81.884720    82.616387 1.590572e-11   290.674179   286.316981 1.908156e-08     0.499678    -0.290937
      1950.0    22.988889   775.623070   844.654739  1837.632672     4.836432   193.097822    87.352811   105.745010    84.407735    83.660607 1.574743e-11   290.778687   286.518883 1.889167e-08     1.739420     0.113969
      1951.0    23.840367   783.379314   847.236713  1838.031019     4.820775   192.136042    86.652059   105.483983    82.997169    83.440691 1.559072e-11   290.877340   286.579203 1.870366e-08     0.629394     0.045175
      1952.0    22.025759   791.213113   849.314734  1837.513744     4.577965   195.297416    86.858487   108.438929    84.956617    83.657699 1.543557e-11   290.941704   286.588008 1.851754e-08     1.122767    -0.781643
      1953.0    24.547027   799.125236   851.799053  1836.459129     4.544329   202.251314    91.143184   111.108131    86.810571    86.468289 1.528196e-11   290.789953   286.373212 1.833326e-08     2.190575     0.712333
      1954.0    28.512092   807.116497   855.716500  1838.099180     4.617888   207.793030    94.453860   113.339171    86.351751    89.225378 1.512988e-11   290.640099   286.138341 1.815081e-08     1.311035     1.233576
      1955.0    27.676317   815.187665   859.538048  1841.224663     4.640827   204.543017    92.284609   112.258408    85.242408    87.916315 1.497931e-11   290.801427   286.388596 1.797018e-08     0.546746    -0.451576
      1956.0    24.231462   823.339553   862.428264  1841.687479     4.640846   200.779242    90.177782   110.601460    86.797292    86.233514 1.483025e-11   291.044423   286.819417 1.779135e-08     1.054052    -1.026595
      1957.0    24.520322   831.572931   864.632019  1841.583561     4.604843   198.266006    88.804164   109.461842    85.248795    85.639727 1.468266e-11   291.131610   286.956192 1.761430e-08     0.960683     0.494849
      1958.0    23.440809   839.888682   866.672128  1841.768704     4.522205   198.464499    88.231265   110.233234    85.877886    85.333127 1.453655e-11   291.154261   286.910968 1.743901e-08     0.858029    -0.729902
      1959.0    24.826441   848.287511   868.527761  1841.246686     4.592152   202.250687    90.768915   111.481772    87.237396    87.209199 1.439189e-11   291.147659   286.748423 1.726547e-08     1.704084     0.493820
      1960.0    26.294713   856.770422   871.361483  1841.807135     4.387111   207.090023    92.994547   114.095476    87.933854    88.703081 1.424867e-11   291.213804   286.894890 1.709365e-08     1.457744     0.208778
      1961.0    24.981847   865.338132   873.787977  1842.734344     4.699010   198.644030    88.754336   109.889694    85.587890    86.194897 1.410687e-11   291.389915   287.286097 1.692354e-08     0.132945    -0.320203
      1962.0    23.272743   873.991517   875.157082  1841.816250     4.650273   201.144523    89.189267   111.955257    87.786281    86.147250 1.396648e-11   291.466199   287.430735 1.675513e-08     1.672912    -0.720937
      1963.0    25.533147   882.731416   877.334099  1841.719379     4.705378   204.746721    90.910911   113.835811    87.536366    87.696684 1.382750e-11   291.470052   287.395592 1.658839e-08     1.037210     0.257189
      1964.0    25.378461   891.558718   879.626135  1840.909844     4.523872   208.136362    93.120861   115.015501    89.868006    89.277515 1.368989e-11   291.479622   287.340220 1.642331e-08     1.551310     0.219043
      1965.0    27.118061   900.474316   882.557518  1841.291940     4.745300   209.100936    93.412173   115.688763    88.842085    89.473035 1.355366e-11   291.606094   287.575885 1.625987e-08     1.007757     0.248854
      1966.0    26.108547   909.479037   884.973392  1841.044375     4.666774   211.180810    93.743111   117.437699    90.247498    89.962679 1.341878e-11   291.602165   287.423045 1.609806e-08     1.364557    -0.037254
      1967.0    27.619463   918.573839   887.418699  1842.134223     4.667902   209.399618    93.292819   116.106799    88.520153    89.830622 1.328524e-11   291.625188   287.571421 1.593786e-08     1.016890     0.220621
      1968.0    27.179552   927.759559   889.749010  1842.767060     4.889156   209.770510    92.978719   116.791791    89.046264    89.484123 1.315303e-11   291.745102   287.640513 1.577925e-08     1.164286    -0.194978
      1969.0    24.239192   937.037155   891.630328  1841.696204     4.663739   209.932342    91.745619   118.186723    90.746232    88.753434 1.302214e-11   291.948100   287.988462 1.562222e-08     1.110867    -0.921942
      1970.0    26.445333   946.407578   893.928997  1840.590697     4.622164   212.826969    93.598352   119.228617    90.554883    90.008927 1.289255e-11   291.918149   287.871854 1.546676e-08     1.290756     0.559550
      1971.0    25.788874   955.871615   895.509579  1840.127467     4.662094   208.498121    91.716757   116.781364    89.501331    89.394778 1.276425e-11   291.974614   288.020251 1.531284e-08     0.741397     0.356678
      1972.0    26.665240   965.430338   897.269654  1840.131639     4.939823   211.027969    92.731046   118.296922    90.178668    89.579380 1.263722e-11   292.132462   288.298373 1.516045e-08     1.391591    -0.603460
      1973.0    23.523997   975.084658   898.961452  1837.628959     4.609140   214.325837    93.312374   121.013463    93.693729    90.378827 1.251146e-11   292.296165   288.540428 1.500958e-08     1.241749    -0.812222
      1974.0    29.312608   984.835529   901.032073  1836.878235     4.538607   218.448793    97.352141   121.096652    92.055131    93.034732 1.238695e-11   292.018456   287.978053 1.486022e-08     2.246788     1.730326
      1975.0    31.372656   994.683855   904.532578  1839.205145     4.519086   221.509215    98.572995   122.936219    91.431195    94.305021 1.226368e-11   291.993861   287.979050 1.471233e-08     0.767470     0.546916
      1976.0    29.096042  1004.630664   906.873475  1841.322866     4.724681   212.564453    93.653955   118.910498    89.239707    90.812902 1.214164e-11   292.218508   288.336754 1.456592e-08     0.500156    -0.544526
      1977.0    22.903255  1014.676982   907.778522  1839.241865     4.665809   212.177483    91.779241   120.398242    93.719150    89.637735 1.202081e-11   292.440130   288.627149 1.442097e-08     1.236460    -2.000415
      1978.0    28.302400  1024.823783   909.738341  1837.452496     4.579412   221.235824    96.923815   124.312008    93.562081    93.088059 1.190119e-11   292.413686   288.610730 1.427746e-08     1.875937     1.315347
      1979.0    30.034346  1035.072021   912.427578  1838.110633     4.746402   219.980058    96.889197   123.090860    92.212445    93.385879 1.178275e-11   292.426910   288.656743 1.413537e-08     0.814082     0.515297
      1980.0    27.746443  1045.422739   914.530266  1838.102278     4.605075   218.539064    95.194657   123.344407    92.937362    91.963777 1.166550e-11   292.573779   288.845416 1.399471e-08     1.128191    -0.965230
      1981.0    27.314074  1055.876964   916.316179  1836.148515     4.600325   218.402006    95.301483   123.100523    93.667962    92.283524 1.154941e-11   292.640096   289.056463 1.385544e-08     1.232046     0.569325
      1982.0    31.206746  1066.435727   918.623404  1836.826729     4.652770   221.218115    97.614363   123.603752    92.341107    94.073681 1.143447e-11   292.427973   288.543747 1.371756e-08     1.233457     1.054361
      1983.0    29.271513  1077.100061   920.893864  1837.904351     4.657447   220.331344    95.864303   124.467041    92.765491    92.647267 1.132068e-11   292.651840   288.861323 1.358104e-08     0.946576    -1.195847
      1984.0    25.350785  1087.871061   922.290926  1835.426446     4.630091   219.303291    94.113583   125.189708    95.117920    91.620263 1.120802e-11   292.874532   289.312213 1.344589e-08     1.096259    -1.019753
      1985.0    29.306740  1098.749772   924.036640  1833.719275     4.670713   223.207650    97.155566   126.052084    94.521457    93.724637 1.109649e-11   292.827604   289.171494 1.331209e-08     1.685215     0.910352
      1986.0    31.693598  1109.737289   926.952699  1834.281602     4.643474   226.137648    98.856726   127.280923    93.974433    94.836648 1.098606e-11   292.775538   288.992910 1.317961e-08     1.104019     0.299888
      1987.0    28.306619  1120.834643   928.956301  1833.405094     4.505293   222.611393    96.572023   126.039369    95.184619    93.664515 1.087673e-11   292.936432   289.277219 1.304845e-08     0.903906    -0.643595
      1988.0    28.801790  1132.042999   931.173528  1831.688975     4.547467   229.215832    98.787919   130.427913    97.144266    95.010438 1.076849e-11   293.098818   289.514992 1.291860e-08     1.560254    -0.417709
      1989.0    30.336627  1143.363465   933.318344  1830.193532     4.470279   231.105477    99.868068   131.237409    96.832498    96.174393 1.066133e-11   293.126587   289.623131 1.279004e-08     1.548860     0.837338
      1990.0    33.029955  1154.797083   935.971923  1831.408829     4.585668   230.528313   100.112557   130.415756    94.749695    96.525396 1.055523e-11   293.033175   289.312027 1.266276e-08     0.933581     0.560404
      1991.0    26.876418  1166.345070   937.495451  1829.920857     4.520610   224.186494    96.046365   128.140129    97.023401    93.964934 1.045019e-11   293.257734   289.721952 1.253674e-08     0.557903    -1.570495
      1992.0    29.660098  1178.008539   938.312719  1827.744170     4.598037   223.992905    96.767657   127.225248    95.300159    94.370515 1.034620e-11   293.149226   289.503609 1.241199e-08     1.579874     1.247043
      1993.0    34.042956  1189.788601   940.510703  1828.871185     4.715331   233.288573   101.448347   131.840227    95.898644    97.513520 1.024323e-11   293.238663   289.640353 1.228847e-08     1.736844     0.487861
      1994.0    26.836006  1201.686472   941.960030  1826.867762     4.603984   226.056111    95.712899   130.343212    97.577690    93.491162 1.014130e-11   293.445801   290.080574 1.216618e-08     0.772410    -2.083106
      1995.0    34.057935  1213.703278   943.966977  1826.327994     4.738447   234.625950   101.372389   133.253561    96.409685    97.886139 1.004038e-11   293.285075   289.706212 1.204511e-08     1.479303     2.016222
      1996.0    31.073168  1225.840371   945.501415  1826.353518     4.556864   230.721190    98.900200   131.820990    97.027184    96.030259 9.940460e-12   293.309349   289.728755 1.192524e-08     1.335503    -1.022449
      1997.0    31.318742  1238.098737   947.212378  1825.704463     4.583674   228.383265    97.869872   130.513393    96.015971    95.511167 9.841537e-12   293.301394   289.727862 1.180656e-08     0.647742     0.144251
      1998.0    31.762918  1250.479731   948.865879  1825.324694     4.595294   231.521206    99.194884   132.326322    97.168435    96.123098 9.743598e-12   293.510882   290.055687 1.168907e-08     1.418286    -0.665568
      1999.0    30.943399  1262.984602   950.523999  1822.806378     4.526472   234.450548    99.760939   134.689609    98.762748    96.688091 9.646634e-12   293.576482   290.184842 1.157275e-08     1.414728     0.443659