        time     emission          CO2         cveg        csoil        fgco2         fgpp         fnpp           ra          frh     fvegsoil         fluc          tas     tas_land        cprod     fcvegout    fcsoilout
      1850.0    -1.512974   283.923842   581.960373  1775.163492     0.039043   114.985376    57.439621    57.545754    58.363350    57.356158     0.000533   286.960976   281.301811     0.007834     1.079638     0.452717
      1851.0     0.710311   284.055342   581.635734  1774.538607     0.147694   117.165422    59.276846    57.888576    58.105865    58.095651     0.001059   286.787160   281.003952     0.015768     1.505834     0.614670
      1852.0     0.579255   284.196702   581.982631  1774.748748     0.270896   117.298881    59.062479    58.236401    58.160684    57.949499     0.001324   286.892306   281.077543     0.020897     0.766083    -0.421325
      1853.0    -1.266121   284.328199   582.028959  1773.753333     0.033926   117.447126    58.430783    59.016343    59.092753    57.724597     0.001451   287.093849   281.426463     0.024386     0.659858    -0.372741
      1854.0    -0.021742   284.443257   581.813310  1773.061676    -0.066983   118.811523    59.870071    58.941453    59.110101    58.743933     0.001424   286.865967   280.978030     0.025988     1.341787     0.325490
      1855.0     0.861055   284.545169   582.232757  1772.986525    -0.145968   119.398507    60.391638    59.006869    58.599328    58.950875     0.001476   286.759107   280.905835     0.028308     1.021316     0.426698
      1856.0    -0.302370   284.660230   582.279560  1773.270563    -0.090368   117.278640    59.212852    58.065788    58.639891    58.298139     0.001551   286.711370   280.968081     0.030704     0.867910    -0.625790
      1857.0     0.670852   284.804879   582.453422  1773.170213     0.113934   116.225360    58.705330    57.520030    57.510512    57.777808     0.001512   286.762263   281.004153     0.031672     0.753660     0.367646
      1858.0    -0.094288   284.969246   582.150264  1773.130339     0.163437   114.575341    57.547407    57.027935    57.229164    57.099890     0.001436   286.822599   281.020706     0.031951     0.750676    -0.089401
      1859.0    -1.496437   285.146776   581.462560  1772.179988     0.157206   114.566151    57.036394    57.529757    58.101505    56.869591     0.001424   286.874273   281.103925     0.033017     0.854506    -0.281563
      1860.0     1.119772   285.337447   581.321022  1771.724990    -0.001134   117.966753    59.982773    57.983980    58.252828    58.532501     0.001313   286.701642   280.907893     0.032796     1.591811     0.734671
      1861.0     1.829719   285.524831   581.817102  1772.375532     0.099792   118.514872    60.338937    58.175935    58.010623    59.052521     0.001299   286.606328   280.881627     0.033764     0.790336     0.391355
      1862.0     1.506563   285.699073   581.866337  1773.775680     0.041330   116.965683    59.246402    57.719280    57.141588    58.375186     0.001252   286.533206   280.671979     0.033993     0.821981    -0.166550
      1863.0    -0.180255   285.870008   581.415153  1774.266727    -0.130182   115.369113    58.315108    57.054005    57.747696    57.678658     0.001224   286.620773   280.697024     0.034434     1.087634    -0.560084
      1864.0    -0.283060   286.040957   581.216746  1773.890112     0.082532   116.739181    58.935348    57.803833    58.697466    58.065148     0.001263   286.715533   280.885887     0.035526     1.068607    -0.255703
      1865.0     0.105930   286.211908   581.073944  1773.405351     0.056165   116.051594    58.958702    57.092893    58.287849    57.843524     0.001303   286.704867   280.839175     0.036331     1.257980     0.040435
      1866.0     1.816854   286.382858   581.756279  1773.417039     0.052756   121.086125    61.565510    59.520615    59.134090    59.792807     0.001273   286.569682   280.694720     0.036366     1.090369     0.647028
      1867.0     1.217505   286.547227   582.405065  1774.242624    -0.035755   118.939672    60.173769    58.765903    58.273019    58.841452     0.001233   286.535708   280.618889     0.036442     0.683531    -0.257152
      1868.0     1.619645   286.695163   582.706507  1774.646798    -0.045303   119.801745    60.540125    59.261620    58.146339    58.947874     0.001199   286.605281   280.816040     0.036688     1.290809     0.397360
      1869.0     0.016264   286.826658   582.549908  1775.415418     0.051979   114.635464    57.847679    56.787785    57.168898    57.554650     0.001217   286.662463   280.847506     0.037674     0.449627    -0.382868
      1870.0    -0.885637   286.954871   582.108863  1775.185459     0.083178   114.825988    57.482480    57.343508    57.722770    56.812533     0.001820   286.825114   281.007917     0.048769     1.110992    -0.680278
      1871.0    -1.730545   287.096232   581.683124  1773.678730     0.172686   116.531161    58.322822    58.208339    59.439965    57.858442     0.002810   286.883166   281.051066     0.066849     0.890118    -0.074795
      1872.0    -0.894276   287.263893   580.911389  1772.477213     0.346954   115.074330    57.820564    57.253766    58.357242    57.468374     0.004255   286.909358   281.034103     0.100137     1.123925     0.312649
      1873.0     0.030278   287.454564   580.645057  1771.567497     0.263434   119.379395    59.887311    59.492084    59.461122    58.758842     0.007826   286.851234   281.010572     0.186239     1.394802     0.207436
      1874.0     1.078979   287.661673   580.801454  1771.515577     0.260875   118.122694    59.792042    58.330651    58.380738    58.551261     0.011240   286.746841   280.939438     0.290442     1.084384     0.222443
      1875.0     2.241273   287.885222   581.243259  1771.973214     0.176500   120.908490    61.307993    59.600497    58.643679    59.580637     0.013604   286.636180   280.841883     0.390025     1.285550     0.479321
      1876.0     0.654483   288.115342   581.153635  1773.050647     0.227828   114.554263    57.919542    56.634721    56.972127    57.525531     0.015314   286.588938   280.734380     0.484582     0.483635    -0.524029
      1877.0     0.192794   288.348752   580.888522  1772.733435     0.045832   116.402609    59.083857    57.318752    58.357939    57.752729     0.018257   286.698013   280.884552     0.609438     1.596242    -0.287997
      1878.0     2.228760   288.585447   581.320418  1773.063230     0.270561   121.169721    61.303250    59.866471    58.726181    59.644023     0.022494   286.656362   280.937113     0.772407     1.227331     0.588047
      1879.0     0.543743   288.822145   581.507299  1773.555865     0.158576   117.753610    59.583846    58.169764    58.587281    58.412289     0.027810   286.657155   280.813357     0.976464     0.984676    -0.667627
      1880.0     0.927031   289.068709   582.223306  1773.306131     0.070003   120.510719    60.883118    59.627601    59.401004    59.113507     0.022958   286.753001   280.967105     0.976143     1.053604    -0.037762
      1881.0     0.630142   289.334985   582.351305  1772.862810     0.108216   117.881100    59.660538    58.220563    58.568478    58.501127     0.014771   286.713725   280.812152     0.864014     1.031411     0.375971
      1882.0     0.353452   289.604559   582.280941  1772.784225    -0.031584   116.098758    58.741819    57.356938    57.841368    57.643855     0.012071   286.690847   280.848948     0.822208     1.168328    -0.118929
      1883.0     2.405093   289.857691   582.579855  1773.116738     0.092217   119.754321    60.885534    58.868788    57.956572    59.179031     0.010891   286.503988   280.592649     0.799410     1.407588     0.889946
      1884.0     2.546233   290.114114   582.956672  1774.937592     0.579343   117.199348    59.327998    57.871350    56.745773    58.239709     0.010723   286.404727   280.265007     0.792882     0.711472    -0.326918
      1885.0    -1.226261   290.393543   582.417916  1774.574511     0.428309   115.479269    57.900372    57.578896    59.002338    57.405387     0.011096   286.652997   280.814969     0.796927     1.033741    -1.233870
      1886.0     1.452139   290.692702   582.331334  1773.969603     0.337723   118.573967    60.268773    58.305194    58.614735    58.769404     0.011870   286.622393   280.759692     0.813149     1.585951     0.759577
      1887.0     1.520162   291.011588   582.784336  1773.977029     0.226749   119.451547    60.597749    58.853798    58.837667    58.791367     0.012368   286.640394   280.865929     0.828278     1.353380    -0.053727
      1888.0     0.779031   291.353484   582.968427  1773.883793     0.235402   118.104748    59.911484    58.193263    58.937396    58.776067     0.012880   286.626221   280.803655     0.847027     0.951327    -0.068093
      1889.0     1.361139   291.701947   583.197945  1774.031287     0.331274   118.054522    59.909276    58.145246    58.445418    58.591643     0.013284   286.674739   280.864967     0.865981     1.088116    -0.001269
      1890.0    -0.642396   292.050421   582.823992  1773.696906     0.250425   115.237360    57.897518    57.339842    58.324946    57.598899     0.014573   286.700554   280.892593     0.904864     0.672572    -0.391666
      1891.0     2.168433   292.405467   582.363631  1773.497648     0.350970   117.316355    59.609723    57.706632    57.335528    58.415892     0.017208   286.428856   280.327998     0.978994     1.654192     1.279622
      1892.0     0.640355   292.747360   582.036128  1774.408662     0.430447   115.785573    58.461713    57.323861    57.763310    57.836671     0.021790   286.646497   280.774679     1.109548     0.952544    -0.837653
      1893.0    -0.670564   293.066241   581.366633  1773.373038     0.382798   115.745239    58.252590    57.492649    58.788173    57.270860     0.025028   286.619837   280.725113     1.234892     1.651225    -0.481689
      1894.0     0.997382   293.371974   581.369603  1772.981984    -0.002863   120.241965    61.119422    59.122543    59.453637    59.610199     0.028873   286.499985   280.755575     1.386470     1.506254     0.547617
      1895.0     1.732651   293.664554   581.568748  1773.456880     0.346557   121.400323    61.212644    60.187679    59.158000    59.474846     0.031452   286.483732   280.569908     1.525663     1.538653    -0.158050
      1896.0     2.453725   293.947282   582.283312  1773.806304     0.328696   121.500163    61.435260    60.064904    58.565163    59.529679     0.034294   286.590986   280.687988     1.676502     1.191017     0.615091
      1897.0     2.611214   294.236575   583.109892  1774.832656     0.287281   123.027369    61.878833    61.148536    58.868174    59.851213     0.039083   286.539286   280.471761     1.877644     1.201039    -0.043312
      1898.0    -0.732059   294.548881   582.884580  1774.740762     0.273376   117.435292    58.473925    58.961367    58.839787    57.970767     0.042540   286.745453   280.951576     2.067329     0.728470    -0.777126
      1899.0     0.506322   294.894069   582.338286  1774.247567     0.131603   118.037176    59.473258    58.563918    58.506151    58.500890     0.045019   286.716418   280.951970     2.243243     1.518663     0.487933
      1900.0     1.516519   295.249112   582.275394  1774.453625     0.108055   120.317513    60.887252    59.430261    58.954883    59.235310     0.035724   286.602112   280.778089     2.161839     1.714834     0.074369
      1901.0     1.648319   295.587719   582.520693  1775.115005     0.374499   118.875928    59.707601    59.168327    57.902180    58.463621     0.024057   286.707937   280.740860     1.965825     0.998680    -0.099939
      1902.0    -2.137848   295.913173   581.927910  1774.138325     0.234272   116.001220    57.363927    58.637292    59.192399    57.124966     0.020987   286.870679   280.989199     1.889868     0.831745    -1.090753
      1903.0     1.689788   296.232056   581.289833  1773.785176     0.397748   117.039936    59.498700    57.541235    57.601505    58.672044     0.020700   286.625020   280.666707     1.860855     1.464733     1.423688
      1904.0     1.237065   296.547651   580.963807  1774.405832     0.468831   115.950211    58.937164    57.013047    57.566344    57.829219     0.021668   286.548533   280.617724     1.861767     1.433971    -0.357781
      1905.0    -0.145465   296.882972   580.403286  1774.169755     0.491009   113.990868    57.497920    56.492948    57.545737    57.082393     0.023164   286.667257   280.772293     1.880564     0.976048    -0.227266
      1906.0     0.410625   297.261030   579.663450  1773.564589     0.523462   116.203293    58.814213    57.389080    58.367865    57.940679     0.026620   286.663478   280.885712     1.950079     1.613370     0.177979
      1907.0     0.685866   297.675259   579.419878  1773.392589     0.470290   116.908139    59.155109    57.753030    58.447820    58.122561     0.031777   286.597936   280.784709     2.076746     1.276120    -0.153259
      1908.0     2.032974   298.099333   579.215375  1773.934091     0.569997   117.127779    59.427975    57.699804    57.496356    58.277713     0.036803   286.577319   280.716746     2.227731     1.354765     0.239856
      1909.0     0.450576   298.523409   578.465523  1774.018905     0.489623   113.154861    57.195342    55.959519    56.757759    56.872860     0.041724   286.618675   280.860934     2.399194     1.072334     0.030286
      1910.0     0.433913   298.960645   577.714614  1773.551470     0.544412   117.291960    59.409222    57.882738    59.043508    58.035356     0.033921   286.630931   280.770724     2.311228     2.124774    -0.540716
      1911.0     1.036887   299.427462   577.679376  1773.047001     0.594217   115.562081    58.561208    57.000872    57.740077    57.516140     0.021208   286.565023   280.743073     2.065560     1.080305     0.280532
      1912.0     1.204239   299.940303   577.339347  1773.103305     0.753220   114.079129    58.013610    56.065518    57.280841    57.195382     0.016396   286.453425   280.492813     1.923711     1.158257    -0.141763
      1913.0     0.997740   300.476156   576.897860  1772.269176     0.574400   118.541518    60.082236    58.459282    59.369556    58.689356     0.014305   286.381271   280.302516     1.821397     1.834366     0.153929
      1914.0     2.525946   300.998870   577.223573  1772.492100     0.452676   119.208751    60.874924    58.333827    58.468249    59.010444     0.013514   286.289080   280.236295     1.744290     1.538767     0.319270
      1915.0     1.672395   301.521569   577.318179  1772.843393     0.597880   116.157204    59.112747    57.044457    57.751705    58.011972     0.012759   286.525004   280.581116     1.673383     1.006168    -0.091026
      1916.0    -0.366464   302.054130   576.586553  1772.237937     0.750312   113.531214    57.368789    56.162425    58.154840    56.631582     0.011897   286.724854   280.840146     1.603634     1.468833    -0.917801
      1917.0     2.304137   302.563687   576.598375  1771.358061     0.675763   120.024546    61.162532    58.862014    59.104662    59.311353     0.011005   286.548360   280.657120     1.535966     1.839356     1.086567
      1918.0     1.763935   303.007490   576.807447  1771.711926     0.570708   120.308392    60.863197    59.445195    59.139287    59.301598     0.011228   286.603577   280.598549     1.494839     1.352526    -0.191554
      1919.0     0.558784   303.405274   576.529673  1771.717474     0.650206   116.395286    58.961043    57.434243    58.427995    58.000669     0.011354   286.711917   280.781548     1.458541     1.238148    -0.432873
      1920.0     0.058410   303.799766   576.097849  1770.798474     0.629735   116.793617    59.102757    57.690859    58.947732    57.933732     0.012871   286.619433   280.722158     1.457177     1.600849    -0.095000
      1921.0     2.191516   304.171249   575.882693  1770.837486     0.652502   117.789122    59.864918    57.924204    57.577428    58.356748     0.014255   286.531621   280.565285     1.463429     1.723326     0.740308
      1922.0     2.122968   304.513139   576.101412  1771.388763     0.657976   119.909461    60.894763    59.014699    58.627926    58.948154     0.015808   286.619647   280.882848     1.484030     1.727890    -0.231049
      1923.0     1.118917   304.851737   576.208031  1771.623991     0.577308   117.665191    59.598821    58.066370    58.263269    58.248738     0.017400   286.600850   280.773692     1.516368     1.243464    -0.249759
      1924.0     1.852786   305.157479   576.066493  1771.328466     0.549686   119.897564    60.812957    59.084607    58.623128    59.065361     0.020161   286.513168   280.569618     1.583527     1.889134     0.737759
      1925.0    -0.030774   305.374451   576.164818  1771.576601     0.703570   119.007713    59.911159    59.096553    59.479385    58.571382     0.024259   286.677862   280.756546     1.695297     1.241452    -1.156138
      1926.0    -0.207299   305.545396   576.099891  1770.621374     0.553700   119.139007    59.875161    59.263846    59.318726    58.450443     0.027832   286.784348   281.050552     1.815347     1.489645     0.086945
      1927.0     0.894309   305.729494   575.558529  1770.155906     0.369129   120.098700    60.964769    59.133932    59.202482    59.376808     0.030952   286.511856   280.645938     1.941120     2.129323     0.639792
      1928.0     1.918030   305.903728   575.913211  1770.551099     0.502165   122.075453    61.545038    60.530415    58.855321    59.556239     0.032584   286.518313   280.620962     2.045163     1.634117     0.305726
      1929.0     0.585289   306.054951   576.011307  1771.575136     0.629496   116.652898    58.651874    58.001024    57.376712    57.627923     0.034406   286.653926   280.921783     2.155999     0.925855    -0.772826
      1930.0    -2.208098   306.209465   574.661697  1770.160224     0.405914   114.106116    57.551303    56.554813    58.901450    56.972441     0.031467   286.665426   281.051463     2.165815     1.928471    -0.514096
      1931.0     1.513220   306.409997   574.522782  1769.503698     0.571861   119.271740    60.865268    58.406471    58.741527    59.022656     0.027394   286.462001   280.437215     2.131128     1.981527     0.937655
      1932.0     1.533619   306.672993   574.615079  1769.781171     0.469678   118.834214    60.701637    58.132576    58.475257    59.028173     0.027710   286.538193   280.619082     2.165821     1.581168     0.275443
      1933.0     1.190270   306.988587   574.318939  1770.522433     0.598088   116.854755    59.558602    57.296153    57.927695    58.269467     0.028600   286.601301   280.671435     2.213629     1.585275    -0.399490
      1934.0     0.659725   307.366651   573.879728  1770.653183     0.476295   117.328177    59.508048    57.820130    58.443083    58.258232     0.029630   286.671865   280.648163     2.268785     1.689027    -0.315602
      1935.0     0.636175   307.879495   573.628523  1769.868692     0.400690   117.783473    59.671260    58.112214    58.819760    58.234161     0.031923   286.746226   280.889259     2.354604     1.688304     0.198892
      1936.0     2.878476   308.569865   573.283986  1770.304855     0.659729   118.513066    60.188248    58.324819    57.697964    58.498671     0.035598   286.729663   280.845001     2.481057     2.034113     0.364545
      1937.0     1.625451   309.273368   573.095863  1770.719587     0.649629   117.631865    59.569816    58.062049    58.312210    58.294190     0.040577   286.803688   281.031268     2.651784     1.463749    -0.432753
      1938.0     1.261792   309.865112   572.825616  1770.073441     0.650773   119.049758    60.533709    58.516049    59.349576    58.815240     0.045432   286.777400   280.952548     2.840446     1.988716     0.111811
      1939.0     0.887475   310.400965   572.456008  1769.771719     0.702931   117.511461    59.547790    57.963672    58.696814    58.306707     0.049046   286.744583   280.906077     3.018634     1.610690    -0.088385
      1940.0     0.518229   310.903944   571.816953  1769.288345     0.716137   116.491135    58.928055    57.563080    58.388833    57.780114     0.047827   286.762199   280.869138     3.100874     1.786996    -0.125344
      1941.0     1.912272   311.347749   571.313066  1769.275058     0.749505   118.736281    60.333245    58.403035    58.224347    58.859844     0.045382   286.720545   280.877889     3.138682     1.977289     0.648784
      1942.0     1.283548   311.696215   570.892036  1769.524233     0.787543   120.730152    61.256092    59.474060    59.606351    59.486938     0.045601   286.725123   280.828451     3.213999     2.190183    -0.368588
      1943.0     0.956097   311.903322   570.829692  1769.693303     0.777127   119.446699    60.325858    59.120842    58.767887    58.938170     0.048539   286.795031   280.910449     3.345290     1.450032     0.001214
      1944.0    -1.135546   311.962494   570.064343  1769.134677     0.791199   117.635747    58.995662    58.640085    59.201023    57.926145     0.049860   286.923772   281.047989     3.451783     1.834866    -0.716253
      1945.0     0.343536   311.952632   569.688724  1768.032056     0.599048   121.320448    61.623879    59.696569    59.941774    59.401544     0.050698   286.770721   280.907918     3.547818     2.597954     0.562391
      1946.0     2.095906   311.972358   570.172187  1768.579497     0.406931   123.849553    62.871272    60.978281    59.259881    60.537520     0.053562   286.653430   280.789866     3.686762     1.850289     0.730199
      1947.0     1.962938   312.031532   570.817299  1769.563358     0.418353   124.817402    62.912847    61.904555    59.547165    60.578096     0.056447   286.703908   280.961576     3.835765     1.689639     0.047070
      1948.0     0.074841   312.100568   570.330782  1770.211528     0.536169   118.069206    59.708970    58.360236    58.398611    58.515058     0.059833   286.796178   280.941895     4.004011     1.680429    -0.531724
      1949.0    -0.352447   312.212345   569.670106  1769.829165     0.515480   119.145482    60.438911    58.706571    59.572865    58.918964     0.064114   286.811033   281.000168     4.203170     2.180622    -0.271537
      1950.0     0.084428   312.383292   569.207575  1769.712932     0.684197   118.431613    59.538226    58.893387    58.588078    58.510583     0.069568   286.826284   280.812734     4.439979     1.490174     0.038737
      1951.0    -2.104894   312.606840   567.776842  1768.424912     0.819873   113.648638    57.339996    56.308642    58.729671    56.889652     0.072910   286.966014   281.178492     4.646823     1.881077    -0.551999
      1952.0    -0.748199   312.915862   566.648837  1766.529466     0.728883   119.654332    60.443293    59.211039    60.484870    58.854362     0.078425   286.879115   281.153692     4.905341     2.716936     0.264937
      1953.0     2.082027   313.284056   566.475971  1766.587862     0.729347   122.002511    62.280563    59.721947    59.586962    60.426054     0.087319   286.636912   280.710533     5.253872     2.027376     0.780696
      1954.0     1.265777   313.642386   565.991377  1767.125896     0.702102   120.050415    61.050170    59.000245    59.166414    59.265559     0.100080   286.768723   280.947667     5.727785     2.269204    -0.438890
      1955.0     1.748308   313.964559   565.847010  1767.534534     0.526524   120.668164    61.471816    59.196349    58.782557    59.715233     0.112677   286.694544   280.917806     6.252780     1.900950     0.524039
      1956.0     1.288025   314.260428   565.343783  1768.212903     0.622065   119.732683    60.800930    58.931753    58.614984    59.099321     0.123252   286.712405   280.829544     6.779184     2.204836    -0.194032
      1957.0    -0.159760   314.566161   564.401884  1768.150727     0.779499   117.627254    59.582187    58.045067    58.993612    58.394125     0.134539   286.791646   280.983050     7.351670     2.129961    -0.537311
      1958.0    -0.310123   314.931069   563.245065  1767.466071     0.773866   116.082359    58.868268    57.214091    58.482638    57.905287     0.145237   286.937286   281.271283     7.942254     2.119800     0.107305
      1959.0     0.602805   315.453783   561.817802  1767.191026     0.677877   119.337011    60.669945    58.667066    59.522075    59.399735     0.158544   286.764887   280.899183     8.615129     2.697473     0.152705
      1960.0     0.983281   316.144147   560.747583  1767.366191     0.585283   116.216836    59.203372    57.013464    58.018076    58.349344     0.127422   286.659655   280.676811     8.347895     1.924247     0.156102
      1961.0     1.324136   316.870670   559.429456  1767.761194     0.742561   115.507588    58.814700    56.692888    57.571679    58.004145     0.084956   286.707746   280.766640     7.626427     2.128682     0.037464
      1962.0     0.713201   317.564318   558.125908  1767.839241     0.929901   115.507929    58.462421    57.045507    58.008059    57.692590     0.070686   286.842506   281.001325     7.279632     2.073379    -0.393516
      1963.0    -0.250390   318.221805   556.648300  1766.630655     1.067158   114.765865    58.185937    56.579929    58.701528    57.479551     0.067852   286.798566   280.990036     7.118843     2.183994    -0.013391
      1964.0     3.746339   318.833272   555.809064  1767.320613     0.971776   119.961177    61.719035    58.242141    57.979385    59.747454     0.069129   286.360535   280.294228     7.053438     2.810816     1.078112
      1965.0     2.727983   319.510494   555.284077  1768.545182     0.891275   119.103943    61.246048    57.857894    58.518144    59.360683     0.070310   286.454569   280.567210     7.011613     2.410353    -0.382030
      1966.0     3.576372   320.312632   554.839061  1769.916283     0.871946   118.971303    61.303882    57.667421    58.002609    59.534864     0.073166   286.356547   280.392103     7.026299     2.214033     0.161154
      1967.0     3.551169   321.104905   554.460075  1771.292988     1.136492   118.506345    60.726690    57.779656    57.735151    58.951454     0.076882   286.362261   280.252762     7.086623     2.154222    -0.160402
      1968.0     0.612479   321.923482   553.549635  1771.109389     0.956039   117.537856    59.763579    57.774277    59.467434    58.592799     0.083891   286.536023   280.630351     7.250475     2.081221    -0.691036
      1969.0     3.375574   322.965607   552.901097  1770.950375     0.957435   120.735748    61.981545    58.754203    59.374709    59.720354     0.093091   286.369133   280.442721     7.507986     2.909728     0.504660
      1970.0     4.232731   324.099779   552.258052  1772.173948     1.056561   117.322263    60.351207    56.971056    57.241901    58.721330     0.083707   286.323199   280.201052     7.410754     2.272923     0.255855
      1971.0     3.301446   325.276691   551.722559  1772.889620     1.122150   118.551131    60.884524    57.666607    58.874079    59.196415     0.067558   286.410082   280.527303     7.111482     2.223602    -0.393336
      1972.0     4.458365   327.042067   550.838341  1773.273236     1.300278   115.061192    59.107821    55.953371    57.487060    57.690386     0.063002   286.427841   280.485886     6.979481     2.301652    -0.180291
      1973.0     4.968352   329.017805   550.295064  1773.194663     1.332120   118.881124    61.104469    57.776656    59.237206    59.359277     0.065757   286.453641   280.452682     6.993747     2.288469     0.200644
      1974.0     4.463512   330.099361   549.847230  1773.699747     1.368529   120.032467    61.855250    58.177216    58.675739    59.663355     0.068264   286.347112   280.202944     7.027432     2.639730     0.482531
      1975.0     1.363189   330.526726   549.170748  1774.662770     1.356015   116.825265    59.928456    56.896810    58.421794    58.437429     0.070934   286.465014   280.389880     7.086809     2.167509    -0.947388
      1976.0     2.009681   331.351896   548.371431  1773.863481     0.998477   121.073260    62.059839    59.013421    60.257304    59.881430     0.075818   286.487818   280.546611     7.215889     2.977725     0.423415
      1977.0     6.021963   332.844406   548.723358  1774.567073     1.233221   125.078937    64.557948    60.520989    60.354287    61.562660     0.080367   286.420237   280.417290     7.367837     2.643361     0.504781
      1978.0     5.362853   334.521003   548.636667  1775.550766     1.397549   120.812231    61.833865    58.978366    58.961181    59.663527     0.083789   286.489100   280.455928     7.519525     2.257029    -0.281347
      1979.0     5.437070   336.256778   548.323185  1775.927593     1.447549   121.352977    62.389271    58.963706    59.568248    60.042625     0.087592   286.471725   280.494250     7.694978     2.660128     0.097550
      1980.0     4.828962   338.041859   548.054682  1776.488780     1.443717   121.644974    62.360206    59.284768    60.207100    60.174733     0.080327   286.516172   280.476201     7.640106     2.453975    -0.593554
      1981.0     3.986729   339.389705   547.845264  1776.037965     1.409779   122.248151    62.872876    59.375275    60.626203    60.284752     0.068967   286.583847   280.654101     7.444837     2.797543     0.109364
      1982.0     3.354571   340.425252   547.651353  1776.348645     1.411948   119.285164    61.388317    57.896847    59.165169    59.514007     0.067007   286.550990   280.671506     7.393797     2.068221     0.038157
      1983.0     5.567701   341.815853   547.480373  1776.597798     1.687488   121.860184    62.872633    58.987552    59.379439    60.374869     0.068832   286.482379   280.464826     7.420071     2.668743     0.746277
      1984.0     4.482494   343.453001   547.070467  1777.022530     1.518773   122.603623    63.109945    59.493678    60.981966    60.512824     0.071283   286.530370   280.587936     7.477433     3.007028    -0.893874
      1985.0     5.883524   344.971792   547.426253  1777.220087     1.544865   124.460182    64.212896    60.247286    60.442594    61.177349     0.073486   286.555461   280.705213     7.546423     2.679761     0.537197
      1986.0     5.701885   346.523480   547.783574  1777.876009     1.497554   124.526198    63.737312    60.788886    60.274952    60.786834     0.077650   286.574598   280.774231     7.673440     2.593157    -0.144040
      1987.0     7.919412   348.443361   548.307386  1779.000430     1.667039   125.797758    64.610328    61.187430    59.814077    61.591822     0.083811   286.533793   280.605176     7.869007     2.494693     0.653325
      1988.0     6.386352   350.563763   548.177780  1780.255589     1.880827   121.252298    62.110241    59.142056    59.448735    59.952865     0.088888   286.684580   280.777555     8.071050     2.286983    -0.751029
      1989.0     3.573127   352.289659   547.347677  1779.656016     1.748246   121.508150    61.989970    59.518180    61.119157    59.823586     0.093367   286.835889   281.111099     8.282123     2.996487    -0.695998
      1990.0     7.178681   353.601352   547.760452  1780.068691     1.633665   130.511811    67.470810    63.041001    61.820545    63.633997     0.080888   286.608096   280.754122     8.136729     3.424038     1.400777
      1991.0     6.875678   354.755246   548.778250  1781.964024     1.831590   129.861089    66.320440    63.540649    60.966351    62.712130     0.065489   286.616015   280.725019     7.851765     2.590511    -0.149554
      1992.0     5.980643   355.685586   549.352333  1783.519608     1.958615   125.618947    64.633024    60.985923    59.874693    61.432674     0.062052   286.599983   280.584432     7.745255     2.626267     0.002398
      1993.0     4.004701   356.583060   549.757243  1784.356097     1.714337   125.154487    64.417239    60.737248    61.271426    61.531875     0.062487   286.627719   280.771451     7.713381     2.480454    -0.576041
      1994.0     5.184412   357.914492   549.818902  1784.817001     1.708482   124.275570    64.074281    60.201290    60.738973    61.061902     0.064431   286.588755   280.607407     7.727311     2.950720    -0.137975
      1995.0     7.247837   359.676562   550.214159  1785.661186     1.865066   126.698750    65.244064    61.454686    60.834805    62.120407     0.066453   286.724009   280.811251     7.762242     2.728400     0.441417
      1996.0     6.068556   361.366310   550.633248  1786.060103     1.903745   127.722141    65.343732    62.378409    61.964571    62.042054     0.070622   286.937564   281.121109     7.860008     2.882589    -0.321435
      1997.0     4.672226   363.098795   550.738735  1785.642474     1.709139   126.762623    64.704792    62.057831    62.602134    61.776026     0.076548   286.903188   281.092178     8.022499     2.823280    -0.408479
      1998.0     7.403665   365.225796   551.261535  1785.437255     1.485095   132.637439    67.262583    65.374856    62.966273    63.606169     0.080801   286.952881   281.123711     8.181154     3.133613     0.845116
      1999.0     7.012842   367.168660   551.744960  1786.307713     1.687969   130.087946    66.244588    63.843359    62.199018    62.812402     0.084378   286.964884   281.190432     8.346684     2.948762    -0.257074
      2000.0     6.722625   368.671020   552.766589  1787.049814     1.815762   131.747809    67.112138    64.635671    62.556647    63.540894     0.083390   287.148354   281.496162     8.418535     2.549615     0.242146
      2001.0     5.512840   370.304894   552.817491  1787.780584     1.792026   126.718135    64.573266    62.144869    61.531863    61.743923     0.071559   287.273956   281.588824     8.232389     2.778441    -0.518711
      2002.0     7.356588   372.415444   553.194464  1788.113086     2.096287   128.507800    65.596955    62.910845    62.018369    62.542137     0.060031   287.271222   281.473991     7.984974     2.677845     0.191266
      2003.0     6.007328   374.634463   553.241605  1787.895631     2.262171   128.034901    65.049086    62.985814    63.178584    62.340576     0.058331   287.442088   281.825976     7.884845     2.661369    -0.620552
      2004.0     6.484712   376.544469   553.305641  1787.637676     2.212180   128.659870    65.641030    63.018841    62.533119    62.584246     0.060597   287.464635   281.858350     7.864485     2.992748     0.309082
      2005.0     7.358151   378.421607   553.634544  1787.741717     2.121055   132.919359    67.809808    65.109551    63.658810    64.222669     0.059898   287.461736   281.844106     7.798609     3.258236     0.459817
      2006.0     6.194770   380.348049   554.027813  1787.986687     2.492330   128.803231    65.265253    63.537978    62.845795    62.434734     0.052017   287.540222   281.850449     7.586744     2.437251    -0.656031
      2007.0     5.395012   382.202170   553.829571  1787.407672     2.312716   127.627332    64.397228    63.230104    62.477503    62.112240     0.050451   287.562487   282.017092     7.483037     2.483231     0.213752
      2008.0     6.681639   384.049718   553.537896  1787.409126     2.084669   131.002910    66.698736    64.304174    63.145130    63.437507     0.052221   287.351357   281.714419     7.472157     3.552903     0.290923
      2009.0     8.231246   385.959729   554.270750  1788.425400     1.827990   136.614961    69.668366    66.946594    64.281536    65.533034     0.105337   287.234866   281.625343     8.578471     3.402478     0.235224
      2010.0     9.320287   388.116299   555.098734  1790.343651     2.000960   134.306952    68.000886    66.306067    62.235591    64.508213     0.165055   287.233617   281.594289    10.124689     2.664689     0.354370
      2011.0     7.555073   390.355050   555.289320  1791.997359     2.237909   128.252163    64.661920    63.590244    61.230806    61.971870     0.111250   287.380692   281.626808     9.501502     2.499464    -0.912645
      2012.0     5.640609   392.623403   554.740660  1791.286463     2.166829   129.629606    65.582336    64.047270    63.860614    62.791115     0.151377   287.615013   282.094574    10.585037     3.339881    -0.358603
      2013.0     9.893648   394.947618   555.136457  1791.525393     2.368196   140.039961    71.255212    68.784749    65.301981    66.644367     0.254492   287.410291   281.606725    13.250541     4.215048     1.103456
      2014.0     8.918166   396.989114   556.050052  1793.029974     2.309399   137.623478    69.875315    67.748163    64.207518    65.913631     0.255418   287.489812   281.688688    14.192371     3.048089     0.201533
      2015.0     9.005502   400.177939   556.130264  1793.810931     2.544095   130.727787    66.338223    64.389565    63.497783    63.289734     0.165644   287.632510   281.940229    13.059821     2.968276    -0.989006
      2016.0     7.876307   402.420005   556.405676  1793.859160     2.498564   134.399436    68.017380    66.382056    64.201736    64.662731     0.108269   287.665298   282.041720    12.074462     3.079237     0.412767
      2017.0     9.832423   405.247205   556.501001  1795.022458     2.546882   132.808660    67.359224    65.449436    62.915480    64.067281     0.093536   287.658737   282.109227    11.695292     3.196617    -0.011497
      2018.0     9.555617   408.057980   556.740583  1795.543671     2.589896   134.712248    68.668800    66.043448    64.438478    64.973199     0.085368   287.669924   282.108579    11.395550     3.456020     0.013508
      2019.0    10.133034   410.931207   557.243228  1796.453197     2.558851   135.951596    69.299803    66.651793    64.554186    65.482528     0.083954   287.674973   282.030912    11.221538     3.314629     0.018816
      2020.0     9.551308   413.814301   557.856642  1796.899784     2.570439   136.179726    69.193805    66.985921    65.072686    65.275815     0.080647   287.762932   282.183436    11.022529     3.304576    -0.243458
      2021.0    11.801526   416.707262   558.962568  1797.733858     2.820889   140.872458    71.658528    69.213930    65.498765    66.957779     0.071452   287.739718   282.105242    10.698806     3.594823     0.624940
      2022.0    10.697476   419.613362   560.183620  1798.864318     2.770818   140.992711    71.285038    69.707673    66.232777    66.791462     0.065403   287.890287   282.231473    10.414302     3.272525    -0.571775
      2023.0    10.166107   422.535908   561.449802  1799.173287     2.837338   139.210149    70.319926    68.890222    65.925660    66.093407     0.064636   288.086062   282.675275    10.235470     2.960338    -0.141223
      2024.0    10.889180   425.474884   562.256316  1799.857798     2.773316   138.581314    70.219566    68.361748    65.110747    66.104621     0.063633   288.008016   282.560977    10.070847     3.308430     0.309363
      2025.0    10.367197   428.430303   562.962738  1800.749249     2.979409   136.851278    69.070709    67.780569    64.712343    65.385028     0.063331   288.069166   282.598829     9.937378     2.979260    -0.218767
      2026.0    10.746732   431.408731   563.591447  1801.077076     2.825148   141.011228    71.568812    69.442416    66.491700    67.103817     0.062753   288.102570   282.629435     9.814465     3.836286     0.284290
      2027.0    11.980368   434.406885   564.790011  1802.295203     2.822013   142.982443    72.423841    70.558603    66.164197    67.702974     0.059974   288.223796   282.854401     9.654978     3.522303     0.320650
      2028.0    10.730296   437.424764   566.049203  1803.407856     2.855465   144.413170    72.787309    71.625862    67.845001    68.116529     0.055987   288.291372   282.917544     9.468461     3.411588    -0.841126
      2029.0    11.252244   440.465656   567.104775  1803.840843     2.808828   143.369412    72.373160    70.996253    67.020212    67.999991     0.054244   288.260371   282.943802     9.324100     3.317597     0.546792
      2030.0    11.538786   443.526270   568.106688  1804.808005     2.917308   142.888138    72.214964    70.673174    66.665966    67.763111     0.054184   288.306826   282.976323     9.222582     3.449940     0.129983
      2031.0    11.782023   446.606610   569.492307  1805.827836     2.944188   146.502288    73.815981    72.686307    68.082064    68.781756     0.054029   288.418076   283.139875     9.132707     3.648606    -0.320139
      2032.0    10.599147   449.700104   570.546750  1806.311556     2.988672   142.250984    71.761168    70.489816    67.249642    67.775699     0.051933   288.460686   282.983190     9.011123     2.931027     0.042336
      2033.0    10.639179   452.800167   570.923264  1806.769630     2.936304   142.781933    72.138083    70.643849    67.439624    67.840309     0.051236   288.458511   283.039533     8.919192     3.921260    -0.057389
      2034.0    13.120468   455.903519   572.383939  1808.104247     2.951879   148.767082    75.172887    73.594195    68.017220    69.821857     0.050489   288.488558   283.140137     8.832004     3.890356     0.470020
      2035.0    11.629117   459.010157   573.675890  1809.382122     3.019036   147.291947    73.983402    73.308545    68.341176    69.202691     0.049377   288.688985   283.289149     8.741689     3.488759    -0.416360
      2036.0    10.023498   462.123373   574.913193  1808.966249     2.906459   153.559978    76.007266    77.552713    71.660342    70.710372     0.048742   288.877396   283.811045     8.663485     4.059590    -0.534096
      2037.0    12.475186   465.246451   576.591994  1809.337730     2.949476   155.129758    77.741173    77.388585    71.044829    72.164178     0.050120   288.693041   283.301620     8.634141     3.898194     0.747868
      2038.0    12.609258   468.379387   578.241597  1811.135699     2.959796   150.993295    75.563847    75.429449    68.887707    70.525880     0.052620   288.805094   283.441422     8.645300     3.388364    -0.159796
      2039.0    10.970871   471.518902   579.115623  1812.061768     3.005406   143.885611    72.532049    71.353561    67.672448    68.422698     0.053105   288.882197   283.692248     8.631680     3.235325    -0.175818
      2040.0    10.928093   474.671567   579.568054  1812.933177     3.097495   144.809116    72.539314    72.269802    67.805808    68.753138     0.050972   288.840830   283.471481     8.565783     3.333745     0.075922
      2041.0     9.807439   477.834093   580.154960  1812.584848     2.925118   149.925190    74.799247    75.125943    70.899179    69.904963     0.039360   289.002436   283.815420     8.281147     4.307378    -0.645888
      2042.0    11.457182   480.996620   581.648323  1812.778435     2.962170   155.481141    77.283979    78.197162    71.762962    72.081961     0.033502   288.995667   283.896581     8.063251     3.708656     0.125412
      2043.0    11.453605   484.155860   582.834282  1812.954808     3.061695   151.505290    76.029551    75.475740    70.732764    71.184981     0.031174   289.014534   283.898087     7.901018     3.658611     0.275843
      2044.0    12.130850   487.308511   584.468651  1813.526911     2.866697   154.053425    77.018845    77.034599    70.773276    71.867908     0.029942   289.086487   283.959653     7.761787     3.516549     0.522529
      2045.0    10.549022   490.457887   585.246991  1814.634476     2.905394   149.347491    74.493493    74.853997    69.893389    70.334496     0.028784   289.010979   283.871930     7.629614     3.380657    -0.666457
      2046.0    11.184216   493.603988   585.964424  1815.183303     3.119435   150.224340    75.000664    75.223676    69.972416    70.504014     0.027240   289.113530   283.885618     7.493456     3.779217    -0.017229
      2047.0    10.121837   496.746788   586.494858  1815.175642     2.998495   149.673760    74.670216    75.003544    70.460528    70.395421     0.025898   289.171809   283.917384     7.363271     3.744361    -0.057445
      2048.0    11.468327   499.889592   587.437234  1815.765417     2.988486   152.983325    76.463412    76.519913    70.848949    71.638268     0.025248   289.244138   284.094205     7.250426     3.882768     0.199544
      2049.0    11.205665   503.029104   588.191297  1816.213861     3.102492   152.862029    76.331049    76.530981    71.073472    71.563541     0.026387   289.270322   284.002945     7.182987     4.013445     0.041625
      2050.0     8.813461   506.165332   588.866765  1815.962393     3.078884   150.333410    74.329397    76.004014    71.485387    70.218990     0.027223   289.531138   284.541580     7.123308     3.434938    -1.014929
      2051.0    10.164840   509.294982   589.711732  1814.757375     3.063596   155.127365    76.786879    78.340487    72.469261    71.902483     0.023413   289.574053   284.602030     6.970547     4.039428     0.638240
      2052.0    10.955383   512.408195   590.373538  1814.897487     3.136518   152.922435    75.980746    76.941699    70.917707    71.437951     0.023909   289.540359   284.540405     6.897801     3.880980     0.380132
      2053.0    10.741389   515.498397   591.261858  1815.408990     3.212066   154.650119    76.669205    77.980915    71.813735    71.959812     0.024699   289.566813   284.451922     6.841928     3.821073    -0.365427
      2054.0    11.334636   518.555725   592.131471  1815.825077     3.053287   156.626979    77.507203    79.119776    71.739128    72.673865     0.022571   289.543317   284.469241     6.731649     3.963725     0.518650
      2055.0    12.067311   521.583466   593.091726  1817.041291     2.924591   156.927769    78.075510    78.852259    71.468565    73.016172     0.019902   289.547803   284.587825     6.602916     4.099083     0.331393
      2056.0    10.004527   524.588189   593.399918  1818.138241     3.122868   150.970191    74.766083    76.204146    70.321166    70.880505     0.019367   289.518209   284.460887     6.511506     3.577348    -0.537612
      2057.0    10.003188   527.563334   594.145475  1817.984953     3.034245   156.885655    77.891052    78.994603    73.256021    72.861363     0.020723   289.658015   284.727852     6.465192     4.284132    -0.241371
      2058.0    11.700826   530.508889   595.275309  1818.548578     3.025589   158.781538    78.968888    79.812650    72.498020    73.691392     0.025039   289.612714   284.618540     6.497919     4.147663     0.629746
      2059.0     9.889454   533.428142   595.949647  1819.247964     2.950694   156.342424    77.779761    78.562663    72.976608    72.988887     0.025548   289.566841   284.510979     6.474314     4.116537    -0.687108
      2060.0     9.637579   536.324384   596.740189  1819.744178     3.103738   152.356721    75.253082    77.103639    71.089525    71.245192     0.027379   289.817975   284.873777     6.484001     3.217348    -0.340547
      2061.0     6.735121   539.191041   596.892711  1817.668803     3.018835   157.496180    76.973804    80.522376    75.294380    72.404614     0.033142   290.141083   285.512360     6.590567     4.416669    -0.814391
      2062.0    11.008627   542.021536   598.188997  1816.756481     2.984510   162.152385    80.464453    81.687934    74.326897    74.740375     0.036068   289.871305   285.004018     6.664743     4.427790     1.325801
      2063.0    11.972183   544.809288   599.727071  1817.857424     3.062114   162.082834    80.385592    81.697242    73.255091    74.848082     0.029844   289.832815   284.893400     6.549398     3.999436     0.492048
      2064.0     9.317919   547.551027   600.293872  1818.889469     3.089046   151.677332    74.960253    76.717079    70.643905    71.133967     0.024729   289.919851   285.040670     6.420720     3.259485    -0.541983
      2065.0     8.295428   550.253309   600.180469  1818.414729     3.018465   154.466757    76.156552    78.310205    72.605433    71.719567     0.023285   289.996048   285.165451     6.344731     4.550388    -0.411126
      2066.0    10.472030   552.912841   601.491899  1818.154403     2.965337   163.138887    80.319959    82.818928    74.357077    74.559822     0.021494   290.085876   285.209211     6.255100     4.448707     0.463071
      2067.0     9.001827   555.526370   602.527680  1817.977840     3.029889   160.653464    79.026542    81.626922    74.396912    74.034503     0.019619   290.186292   285.438807     6.156852     3.956258    -0.185845
      2068.0     8.733725   558.100445   603.363761  1817.684104     2.766425   161.606702    79.800044    81.806658    75.037946    74.578749     0.018453   290.039497   285.233147     6.067613     4.385214    -0.165462
      2069.0    12.589787   560.635059   604.947033  1819.106197     3.019117   163.818986    81.355674    82.463312    72.974674    75.594347     0.016873   289.958992   285.152204     5.967130     4.178056     1.197580
      2070.0     9.198098   563.123669   605.975303  1820.465386     2.926693   159.881645    78.639279    81.242408    73.516651    73.913013     0.015291   290.112473   285.342628     5.863413     3.697954    -0.962827
      2071.0     8.633032   565.566236   606.276185  1820.633561     2.880183   158.416068    78.053636    80.362433    73.352530    73.497603     0.013117   290.185303   285.471764     5.742902     4.255150    -0.023101
      2072.0    11.244056   567.952926   607.531390  1821.680605     2.692578   167.193696    82.660592    84.533104    74.799870    76.498667     0.012028   290.109268   285.301473     5.639665     4.906720     0.651753
      2073.0    10.052503   570.264002   609.019148  1823.001307     2.929432   165.889654    81.668647    84.221007    75.009147    76.108862     0.011944   290.170403   285.454768     5.557747     4.072027    -0.220988
      2074.0     7.842613   572.489602   609.648814  1823.442000     2.769585   162.129178    78.940506    83.188672    74.296408    74.340202     0.011755   290.357953   285.714561     5.478457     3.970638    -0.396899
      2075.0     6.955217   574.636306   610.056148  1823.306138     2.940973   160.309908    78.200081    82.109827    74.483245    73.626504     0.011417   290.427208   285.860977     5.400898     4.166243    -0.720879
      2076.0     7.448978   576.707395   610.167236  1822.156216     2.691862   165.318607    80.700942    84.617666    75.879314    75.574078     0.011288   290.367701   285.800255     5.330215     5.015776     0.844685
      2077.0     9.612227   578.702884   611.403521  1823.317681     2.560643   167.370482    82.477801    84.892681    75.201710    76.872941     0.011275   290.104281   285.313917     5.265517     4.368575     0.509767
      2078.0     9.199055   580.622743   612.338224  1825.161351     2.682466   163.558592    80.477272    83.081320    73.744437    75.335041     0.011117   290.169807   285.463712     5.201910     4.207528    -0.253067
      2079.0     7.921943   582.467002   613.133833  1826.077130     2.674843   165.408751    80.944240    84.464512    75.162889    75.711121     0.011492   290.227595   285.442396     5.152493     4.437509    -0.367547
      2080.0     8.059674   584.235650   614.208056  1826.143042     2.529049   171.582779    84.713013    86.869765    78.244227    78.350906     0.012229   290.207497   285.542168     5.115482     5.287885     0.040766
      2081.0    11.374737   585.925395   616.574902  1828.038957     2.492364   177.024777    87.403031    89.621747    77.245625    80.128117     0.011716   290.175280   285.363574     5.056852     4.908068     0.986578
      2082.0     9.054401   587.526383   618.281083  1830.120104     2.634788   169.586026    83.385223    86.200803    75.700875    77.548026     0.011373   290.258392   285.558299     5.001517     4.131016    -0.233995
      2083.0     5.279110   589.032033   618.550486  1831.080465     2.674961   159.514391    77.970581    81.543810    74.149928    73.748264     0.011069   290.537613   285.970772     4.947996     3.952914    -1.362025
      2084.0     5.016910   590.442331   618.927342  1830.074839     2.440998   165.453416    80.987105    84.466311    76.902901    75.747557     0.011025   290.624451   286.145220     4.900227     4.862693    -0.149718
      2085.0     6.641493   591.754037   619.719153  1829.953528     2.576086   165.800931    81.648841    84.152091    75.772512    76.543932     0.010879   290.510312   285.829633     4.851431     4.313096     0.892731
      2086.0     5.717602   592.967101   620.109006  1830.591062     2.370510   167.283775    81.870539    85.413236    76.395125    76.522577     0.010826   290.624685   285.990636     4.805467     4.958110    -0.510082
      2087.0     4.406838   594.084836   620.300350  1830.112710     2.237132   166.333807    81.702639    84.631168    77.146487    76.826280     0.010768   290.552640   285.815249     4.760557     4.685015     0.158145
      2088.0     5.409251   595.110512   620.844787  1830.302774     2.460423   166.041084    81.671765    84.369319    76.191202    76.562985     0.011224   290.603521   286.036001     4.727794     4.564342     0.181720
      2089.0     3.288864   596.040866   620.946597  1829.557698     2.362724   165.851041    81.121122    84.729919    77.456886    75.956205     0.011661   290.721207   286.240608     4.698877     5.063108    -0.755605
      2090.0     5.481241   596.872582   621.745131  1829.483979     2.268502   167.265234    82.129236    85.136008    75.987182    76.917076     0.011536   290.580851   285.842903     4.660594     4.413616     1.003612
      2091.0     4.459194   597.618834   622.135486  1830.030055     2.261683   168.414739    82.013793    86.400945    76.717069    76.810491     0.010179   290.622953   286.002523     4.594768     4.812947    -0.452654
      2092.0     4.416464   598.296048   622.515021  1830.348509     2.075836   165.917176    81.551907    84.365268    75.918996    76.656970     0.009421   290.528816   285.802940     4.535747     4.515402     0.419521
      2093.0     3.169467   598.920659   622.305730  1830.653574     2.270358   161.145244    78.893422    82.251822    74.638588    74.772539     0.009040   290.649740   285.907883     4.482345     4.330173    -0.171115
      2094.0     1.857047   599.499247   622.120879  1830.011510     2.161906   162.516756    78.995934    83.520822    76.015970    74.585094     0.008852   290.858925   286.332052     4.433042     4.595692    -0.788813
      2095.0     2.667872   600.028547   621.999720  1829.206920     1.969491   163.946671    80.085401    83.861270    75.898799    75.391014     0.008956   290.785390   286.160077     4.391406     4.815547     0.296805
      2096.0     4.722042   600.508492   622.533654  1829.313846     2.028006   171.192367    84.306861    86.885506    77.625509    78.362852     0.009121   290.726499   286.123563     4.352301     5.410074     0.630417
      2097.0     3.429811   600.939149   623.109415  1829.766697     1.999520   166.863695    81.917023    84.946672    76.617471    76.806354     0.009083   290.646250   285.925491     4.311004     4.534909    -0.263968
      2098.0     5.181419   601.320497   624.065638  1830.806806     1.885993   170.441165    84.076926    86.364239    76.699440    78.189407     0.009001   290.663976   285.976443     4.270063     4.931295     0.449858
      2099.0     4.435749   601.645956   624.823577  1831.595380     1.898130   169.370022    83.390496    85.979526    76.746885    77.566618     0.008937   290.734835   286.085302     4.230357     5.065938     0.031160
      2100.0     3.254298   601.918813   625.748890  1832.714174     1.991931   168.762115    82.199521    86.562594    76.798895    77.086757     0.008764   290.874674   286.291814     4.188513     4.187450    -0.830933