        time     emission          CO2         cveg        csoil        fgco2         fgpp         fnpp           ra          frh     fvegsoil         fluc          tas     tas_land        cprod     fcvegout    fcsoilout
      1850.0    -0.782742   284.614249   506.577388  1708.000543    -0.058811    86.193382    39.713748    46.479634    37.565774    35.626287     0.000000   286.833588   281.603939     0.000000     2.088504          0.0
      1851.0    -0.448519   284.464229   507.594252  1706.934703    -0.345696    89.298734    40.770965    48.527769    37.834896    36.769056     0.226044   286.911260   281.596412     0.794901     2.985045          0.0
      1852.0     0.153810   284.384087   507.629023  1706.742511    -0.341080    89.547689    41.565371    47.982318    38.096525    37.904333     0.240591   286.851771   281.554870     1.514271     3.626267          0.0
      1853.0    -0.389937   284.393525   508.057212  1707.233972    -0.311068    88.559528    39.791459    48.768069    36.484223    36.975684     0.253292   286.820777   281.409594     2.157354     2.387587          0.0
      1854.0    -0.804425   284.831096   505.577434  1707.480667    -0.063122    83.846562    38.443911    45.402650    37.170066    37.416762     0.266718   286.908381   281.707688     2.729000     3.506927          0.0
      1855.0     1.905590   284.779863   506.949361  1706.978429    -0.177562    89.933055    42.315164    47.617892    36.771568    36.269330     0.279404   286.538514   280.902575     3.225332     4.673907          0.0
      1856.0    -0.479204   284.853396   506.862554  1707.192486     0.216197    88.077228    40.006931    48.070297    37.577362    37.791419     0.294021   286.905794   281.518088     3.653014     2.302319          0.0
      1857.0     1.158360   285.222945   505.853230  1707.027374     0.473777    86.303391    39.751834    46.551557    36.966313    36.801201     0.305897   286.867875   281.434143     4.011060     3.959958          0.0
      1858.0     0.513397   285.533272   505.917718  1706.882953     0.326518    87.385051    40.131535    47.253516    37.243293    37.098871     0.318913   286.871903   281.443084     4.302410     2.968176          0.0
      1859.0    -0.207473   286.074671   504.742192  1706.541628     0.354407    85.646846    38.994016    46.652830    37.407725    37.066400     0.331503   287.089345   281.850920     4.527318     3.103141          0.0
      1860.0     0.240475   286.049590   504.408251  1706.007250     0.252296    87.172365    40.471501    46.700864    37.155192    36.620814     0.344981   286.856663   281.591101     4.635892     4.184629          0.0
      1861.0     1.088996   286.346629   504.633912  1706.063712     0.145858    87.805120    40.553918    47.251202    37.132182    37.188644     0.234814   286.819327   281.399379     4.392282     3.139613          0.0
      1862.0     0.958954   286.591856   505.011732  1705.905500     0.197834    89.016790    41.190584    47.826206    37.892723    37.734511     0.230095   286.803805   281.388029     4.170469     3.078252          0.0
      1863.0     0.753402   286.845919   505.287792  1705.817486     0.180467    87.616536    40.181303    47.435233    37.171767    37.083753     0.226442   286.886770   281.581292     3.973911     2.821490          0.0
      1864.0    -0.084673   286.934400   504.215884  1705.700405     0.166940    84.999945    39.089242    45.910703    36.743933    36.626852     0.222158   286.944323   281.750122     3.799925     3.534298          0.0
      1865.0     1.420940   286.781384   505.919354  1705.811630     0.338537    89.729148    41.665728    48.063419    36.842389    36.953613     0.217270   286.723087   281.276076     3.649630     3.008645          0.0
      1866.0     0.081715   287.191323   505.538626  1705.835122     0.290402    87.819809    40.072365    47.747443    37.977551    38.001043     0.213704   287.058939   281.833867     3.526656     2.452050          0.0
      1867.0    -0.291574   287.613310   504.605114  1705.220020     0.030190    85.884738    39.487710    46.397029    38.023244    37.408142     0.209233   287.122183   281.903488     3.427220     3.013080          0.0
      1868.0     1.619680   287.861098   504.912981  1705.164631     0.441711    87.054413    40.350114    46.704299    36.664442    36.609053     0.205037   286.801146   281.398034     3.352412     3.433194          0.0
      1869.0    -0.472205   287.934109   504.062556  1705.866171     0.399359    83.939950    38.843719    45.096231    36.700537    37.402076     0.199465   286.927195   281.587248     3.301920     2.292068          0.0
      1870.0     0.693388   288.187706   504.355499  1704.860811     0.165595    87.395761    40.430167    46.965594    37.494962    36.489602     0.196103   287.131085   281.932677     3.309528     3.647623          0.0
      1871.0     0.226364   288.443410   503.652713  1704.643634     0.299331    85.905233    39.734618    46.170615    37.129789    36.912612     0.415457   286.988423   281.805177     4.092388     3.524791          0.0
      1872.0     1.071159   288.427579   503.868044  1704.346345     0.269723    89.256739    41.367629    47.889109    37.122705    36.825416     0.431620   286.847611   281.503789     4.792367     4.326883          0.0
      1873.0     1.063017   288.814559   502.970031  1704.576408     0.531532    87.489120    40.172066    47.317054    37.481165    37.711228     0.447539   286.961974   281.688281     5.411525     3.358851          0.0
      1874.0     1.794758   288.905057   504.172326  1704.240542     0.494152    91.564442    42.033383    49.531059    37.535842    37.199976     0.465132   286.904402   281.739390     5.958426     3.631112          0.0
      1875.0    -0.023191   289.088692   502.961542  1705.411775     0.517977    86.351526    39.121245    47.230281    36.625426    37.796660     0.479200   286.912982   281.717275     6.416024     2.535368          0.0
      1876.0     0.354443   289.466882   501.482982  1705.411532     0.217529    86.364778    39.622350    46.742427    37.110999    37.110756     0.493943   286.863098   281.548225     6.788810     3.990155          0.0
      1877.0     1.083427   289.512004   501.602143  1705.058466     0.464046    90.003190    42.010523    47.992667    38.204127    37.851061     0.510350   287.052838   281.812301     7.099942     4.040300          0.0
      1878.0     1.997627   289.876988   501.879240  1705.049753     0.386177    90.653344    42.005588    48.647756    38.032074    38.023361     0.526222   287.166282   281.913707     7.337177     3.705130          0.0
      1879.0     1.931174   290.383743   501.471623  1705.774518     0.337926    88.801620    41.280358    47.521262    37.295663    38.020428     0.541796   286.791853   281.472706     7.504177     3.667547          0.0
      1880.0    -0.104498   290.427514   501.045997  1706.854122     0.244493    87.487806    40.483525    47.004281    37.308061    38.387665     0.560861   286.580169   281.045709     7.560991     2.521485          0.0
      1881.0     0.072138   290.917408   499.965085  1706.481276     0.187627    87.861628    40.502297    47.359331    38.084944    37.712098     0.455181   287.221871   282.219160     7.433958     3.871111          0.0
      1882.0     2.496501   291.348782   500.342659  1706.154189     0.670547    89.342385    41.386365    47.956020    37.248005    36.920918     0.453366   286.907762   281.560264     7.315000     4.087873          0.0
      1883.0     0.820498   291.222248   500.044890  1706.221138     0.642467    89.296743    41.535109    47.761634    38.076744    38.143693     0.450471   286.909426   281.722611     7.200147     3.689185          0.0
      1884.0     2.004227   291.359445   500.589450  1706.780598     0.575762    89.979321    41.819379    48.159943    37.178815    37.738275     0.449191   286.711829   281.335505     7.097073     3.536544          0.0
      1885.0     1.447189   291.369958   501.045399  1707.570754     0.065652    90.134571    41.646866    48.487706    36.863455    37.653611     0.444833   286.597392   281.090036     7.002642     3.537305          0.0
      1886.0     0.567989   291.723493   500.603500  1708.172825     0.351217    87.715196    39.536187    48.179009    36.673297    37.275368     0.441888   286.714829   281.272997     6.915491     2.702718          0.0
      1887.0     2.648814   292.158872   499.560658  1709.128828     0.587405    88.449755    41.433870    47.015885    37.050471    38.006474     0.439193   286.591453   280.967595     6.837116     4.470239          0.0
      1888.0     2.127767   292.499734   499.848282  1709.472020     0.451623    90.313676    42.071382    48.242294    37.817186    38.160378     0.438176   286.692230   281.391384     6.772595     3.623380          0.0
      1889.0     3.215384   292.907621   501.175519  1710.204757     0.034437    91.929195    42.498315    49.430880    36.770763    37.503500     0.434760   286.380610   280.864622     6.720359     3.667578          0.0
      1890.0     1.336444   293.068813   500.685560  1712.210972     0.208393    90.033142    41.415524    48.617618    37.322302    39.328516     0.431388   286.511492   281.026610     6.690867     2.576967          0.0
      1891.0     0.779902   293.408346   499.708776  1712.938185    -0.332855    90.033846    41.227947    48.805900    37.742704    38.469917     0.534302   286.650179   281.216234     6.972440     3.734814          0.0
      1892.0     1.867665   293.911318   499.144013  1713.926149     0.272765    88.068764    40.596575    47.472189    36.699278    37.687243     0.544188   286.586134   281.123627     7.224054     3.474096          0.0
      1893.0     1.120643   294.449237   498.354541  1714.028060     0.156777    89.463768    41.111863    48.351905    38.158641    38.260552     0.551663   286.982769   281.726548     7.441933     3.640783          0.0
      1894.0     0.837757   294.810786   498.429530  1714.060639     0.440267    89.303980    40.466423    48.837557    37.704176    37.736755     0.561346   287.001265   281.717789     7.627993     2.654679          0.0
      1895.0     2.898508   294.941623   498.988511  1714.447474     0.514036    92.880353    43.209907    49.670446    37.813259    38.200095     0.568549   286.731791   281.194012     7.773335     4.450830          0.0
      1896.0     1.312727   295.411535   498.049984  1715.646878     0.539847    89.376285    41.225140    48.151145    38.191804    39.391208     0.581186   286.909668   281.405327     7.890664     2.772459          0.0
      1897.0     2.671323   296.200772   497.304790  1716.414332     0.757512    89.186790    41.339272    47.847518    37.510069    38.277523     0.588658   286.807602   281.347498     7.970518     3.806943          0.0
      1898.0     3.073274   296.313422   498.149737  1716.418990     0.689854    94.119419    43.741337    50.378082    38.051213    38.055871     0.601749   286.727613   281.394682     8.022437     4.840519          0.0
      1899.0     1.961793   296.544725   498.240709  1717.415602     0.520371    91.350002    41.615198    49.734804    37.470899    38.467510     0.611200   286.673881   281.212467     8.049715     3.056715          0.0
      1900.0     1.962791   296.945596   497.600492  1718.863056     0.523390    90.103413    41.225365    48.878048    37.249095    38.696550     0.620113   286.666379   281.073453     8.027164     3.169032          0.0
      1901.0     2.977165   297.285289   498.123930  1718.810656     0.395441    95.134517    44.142588    50.991929    39.126789    39.074389     0.554050   286.828959   281.597336     7.915037     4.544761          0.0
      1902.0     2.118314   297.307080   499.708664  1719.631217     0.249980    96.241085    43.972982    52.268103    38.794030    39.614591     0.557128   286.628310   281.245080     7.810063     2.773656          0.0
      1903.0     1.538769   297.783836   498.510914  1721.224834     0.792087    91.675168    41.603741    50.071427    38.385653    39.979270     0.560117   286.731168   281.356225     7.712361     2.822221          0.0
      1904.0     0.848598   298.138281   497.769559  1721.187652     0.114776    93.215923    42.656178    50.559746    39.017456    38.980274     0.561365   286.677875   281.400112     7.616526     4.417258          0.0
      1905.0     3.246792   298.368923   498.231335  1722.312368     0.159677    93.613317    44.050420    49.562898    37.738610    38.863326     0.560995   286.240859   280.590403     7.534133     4.725318          0.0
      1906.0     1.866939   298.480177   498.512374  1723.686178     0.082836    93.138657    42.740960    50.397697    37.905746    39.279555     0.563881   286.545253   280.974687     7.460174     3.180365          0.0
      1907.0     0.389130   299.024762   497.333860  1724.769701     0.372567    88.709785    39.713130    48.996654    37.579716    38.663239     0.564355   286.783008   281.465104     7.392102     2.228405          0.0
      1908.0     1.637957   299.552387   496.286532  1725.344151     0.455529    88.185750    40.433121    47.752629    37.297925    37.872375     0.566637   286.652680   281.179444     7.339880     3.608074          0.0
      1909.0     2.744778   300.171886   496.645083  1725.947202     0.357620    91.836338    42.652565    49.183773    38.067910    38.670961     0.562346   286.721139   281.282699     7.291135     3.623053          0.0
      1910.0     3.999734   300.815678   496.059549  1727.390545     0.541421    90.274779    42.426289    47.848490    37.240656    38.684000     0.560447   286.484405   280.881554     7.255718     4.327823          0.0
      1911.0     2.465124   301.159999   497.229617  1728.400410     0.204008    93.198778    42.874889    50.323889    38.094807    39.104672     0.415875   286.633208   281.009111     7.146743     2.600149          0.0
      1912.0     2.995507   301.625754   497.176591  1729.830606     0.895221    91.263249    41.816515    49.446734    37.458127    38.888323     0.414436   286.611355   281.144822     7.056025     2.981218          0.0
      1913.0     3.543265   302.424821   496.763966  1731.016108     0.768006    90.794530    42.204889    48.589641    38.079656    39.265158     0.411846   286.556855   281.030986     6.978031     3.352356          0.0
      1914.0     3.475743   302.941689   497.860007  1731.900060     0.658568    92.302830    42.506459    49.796371    37.420801    38.304754     0.408440   286.453404   280.878981     6.903286     3.105664          0.0
      1915.0     3.359548   303.365435   498.326957  1733.098396     0.802019    91.984877    41.931961    50.052916    37.458437    38.656773     0.405474   286.657171   281.204729     6.834671     2.808237          0.0
      1916.0     2.247561   304.037823   497.871628  1734.794789     0.640228    89.904508    41.151823    48.752685    37.523858    39.220251     0.402006   286.544469   280.997248     6.768478     2.386901          0.0
      1917.0     3.052562   304.824793   497.470388  1735.304663     0.548516    90.349213    42.159881    48.189332    38.311525    38.821398     0.401330   286.581144   281.114896     6.716946     3.739722          0.0
      1918.0     4.394011   305.473161   498.428495  1736.166710     0.734373    92.542005    42.942089    49.599916    37.605728    38.467775     0.399626   286.563975   281.046676     6.682236     3.516208          0.0
      1919.0     1.407559   305.781390   498.995535  1737.713261     0.901981    89.894368    40.305120    49.589247    37.091945    38.638496     0.402492   286.594790   281.008293     6.677542     1.099584          0.0
      1920.0     3.518001   306.720304   497.136209  1738.694289     0.710397    88.713608    41.560906    47.152702    37.975080    38.956108     0.400792   286.709895   281.173629     6.703325     4.464124          0.0
      1921.0     3.659431   307.130630   498.162864  1739.118843     0.714403    92.475624    43.109411    49.366213    38.017143    38.441697     0.498670   286.507595   281.032573     6.899375     3.641059          0.0
      1922.0     3.029729   307.063306   499.401189  1740.104210     0.583132    95.435014    44.173801    51.261213    38.556887    39.542254     0.512872   286.413436   280.853830     7.073152     3.393224          0.0
      1923.0     2.698639   307.060415   501.179582  1741.204013     0.507671    97.614749    44.247363    53.367385    38.890113    39.989916     0.525492   286.586422   281.163706     7.215012     2.479054          0.0
      1924.0     2.625494   307.270067   501.299556  1743.013906     0.347318    96.120890    43.762533    52.358357    38.493001    40.302894     0.544639   286.438126   281.023384     7.344136     3.339666          0.0
      1925.0     2.054085   307.496234   500.258112  1744.662188     0.284447    93.123380    42.808183    50.315198    38.360528    40.008810     0.553453   286.545738   281.181575     7.434081     3.840816          0.0
      1926.0     1.983414   307.516758   500.880035  1746.328252     0.328987    94.794423    43.488788    51.305635    38.379479    40.045544     0.568276   286.520180   280.932613     7.498640     2.821321          0.0
      1927.0     1.126080   308.013973   498.446468  1748.342091     0.530728    88.061191    40.852424    47.208767    38.140575    40.154414     0.587636   286.607713   280.969526     7.550637     3.131577          0.0
      1928.0     1.750386   308.186186   498.206087  1748.933202     0.627621    90.069163    41.671182    48.397981    37.650870    38.241981     0.604843   286.631579   281.193206     7.586139     3.669583          0.0
      1929.0     2.217020   308.096511   498.182360  1750.230744     0.411448    89.342574    41.650422    47.692152    36.471884    37.769426     0.621485   286.298319   280.414998     7.615255     3.904723          0.0
      1930.0     1.726397   308.258350   498.242761  1751.583572     0.587332    92.389075    42.364922    50.024153    38.241500    39.594328     0.637193   286.677286   281.037346     7.633216     2.710193          0.0
      1931.0     2.522941   308.276847   497.756154  1752.778335     0.597752    92.929241    43.021387    49.907854    38.179589    39.374352     0.694607   286.647247   281.080970     7.902004     4.133642          0.0
      1932.0     1.112034   308.499865   496.996140  1754.483715     0.537826    91.745448    42.275067    49.470380    38.748110    40.453490     0.711829   286.625303   281.034505     8.156863     2.581591          0.0
      1933.0     3.004981   308.758851   496.226527  1755.898230     0.895550    91.201836    42.884366    48.317471    37.922707    39.337222     0.730129   286.385286   280.882142     8.395361     4.316757          0.0
      1934.0     1.482178   308.563370   496.374585  1757.413595     0.448696    91.208961    42.062351    49.146610    37.263038    38.778403     0.740159   286.268628   280.546246     8.594327     3.135890          0.0
      1935.0     0.350962   308.902801   494.877939  1758.954512     0.500104    88.489554    40.343406    48.146148    37.866690    39.407606     0.754145   286.524125   281.014317     8.766870     2.432446          0.0
      1936.0     3.418048   309.974600   492.596184  1760.158076     0.673930    88.024651    41.082578    46.942074    37.406896    38.610460     0.764653   286.413966   280.832708     8.905289     4.753873          0.0
      1937.0     3.434114   310.362386   493.035820  1761.146625     0.778273    92.624430    43.388348    49.236082    38.095930    39.084480     0.772748   286.330286   280.765864     9.019820     3.864232          0.0
      1938.0     2.315315   310.685324   494.157577  1761.361271     0.756789    96.817548    43.775813    53.041735    39.066025    39.280671     0.788980   286.628526   281.357048     9.113591     3.373386          0.0
      1939.0     3.633674   311.308796   493.553710  1762.933236     0.618941    95.433844    43.660251    51.773593    38.404210    39.976175     0.802038   286.382362   280.834143     9.186989     4.287943          0.0
      1940.0     2.018909   311.998996   492.546160  1764.441304     0.354013    92.592518    42.475788    50.116730    38.759698    40.267766     0.816641   286.598152   281.158215     9.233555     3.215572          0.0
      1941.0     2.790100   312.526858   492.930082  1765.421931     0.548963    94.610315    43.507730    51.102584    38.815601    39.796228     0.725395   286.582772   280.989309     9.209195     3.327580          0.0
      1942.0     2.422588   313.150239   492.729830  1766.107977     0.405938    93.563912    43.029028    50.534883    38.726293    39.412339     0.734102   286.571076   281.104059     9.167595     3.816941          0.0
      1943.0     1.803925   313.224559   493.356053  1767.437213     0.635485    93.894182    42.642170    51.252012    38.010243    39.339479     0.751029   286.310058   280.575507     9.129651     2.676468          0.0
      1944.0     1.560179   313.487332   492.295472  1768.570851     0.621614    93.004207    42.706214    50.297992    38.913351    40.046989     0.774696   286.504047   280.924558     9.117627     3.719806          0.0
      1945.0     3.956259   313.679663   493.714347  1769.487121     0.483887    98.687145    45.490396    53.196750    38.912194    39.828464     0.790253   286.483337   280.851727     9.121327     4.243058          0.0
      1946.0     1.540743   313.524070   493.908695  1771.206046     0.405033    96.578829    43.820889    52.757940    38.632751    40.351676     0.810553   286.456935   280.852461     9.144830     3.274864          0.0
      1947.0    -0.683240   313.371493   492.508963  1773.272161     0.456209    91.701638    41.174565    50.527073    38.593476    40.659591     0.837856   286.597385   280.973085     9.186726     1.914706          0.0
      1948.0     1.006397   313.472294   490.547699  1774.676909     0.583067    90.642742    42.380721    48.262021    38.513440    39.918188     0.864121   286.513116   281.006251     9.238380     4.423798          0.0
      1949.0     2.025162   313.457522   490.957556  1775.697189     0.741718    92.956256    43.063738    49.892518    38.099306    39.119586     0.881840   286.372847   280.762887     9.298409     3.534294          0.0
      1950.0     3.275472   313.688472   491.248790  1776.507673     0.658456    96.607902    45.146230    51.461672    39.503716    40.314199     0.912278   286.408481   280.669719     9.401966     4.540797          0.0
      1951.0     2.333792   313.721531   490.967148  1778.183990     0.648505    95.946201    43.998396    51.947805    38.957665    40.633982     1.047379   286.368504   280.653256    10.031993     3.646056          0.0
      1952.0    -0.608189   313.999547   489.753094  1780.099936     0.353495    91.407761    40.637612    50.770149    38.082893    39.998839     1.105722   286.412280   280.943568    10.620124     1.852827          0.0
      1953.0     3.354486   314.582131   488.389087  1781.165715     0.606704    92.614714    42.919705    49.695009    37.771572    38.837351     1.148913   286.552938   281.075016    11.112296     5.446361          0.0
      1954.0     1.289516   314.765633   487.594910  1782.847224     0.701218    92.515329    42.521775    49.993554    38.480859    40.162368     1.189331   286.419173   280.822794    11.516482     3.153584          0.0
      1955.0     1.966428   315.326575   486.265481  1783.570185     0.863582    92.723209    42.936667    49.786542    39.148261    39.871222     1.236638   286.677752   281.124715    11.842554     4.394873          0.0
      1956.0     3.578696   315.456959   487.443180  1784.626270     0.552125    98.722383    45.837047    52.885335    38.748894    39.804979     1.294295   286.297055   280.622946    12.113330     4.854370          0.0
      1957.0     2.004497   315.768102   486.397783  1786.969515     0.812863    95.163858    43.711449    51.452409    38.924727    41.267971     1.328585   286.387244   280.654408    12.324311     3.488876          0.0
      1958.0     0.914039   316.020998   484.289006  1789.141262     0.618492    91.408770    41.705709    49.703061    38.052658    40.224406     1.357668   286.478878   280.902364    12.455911     3.590080          0.0
      1959.0     2.121229   316.473320   482.385632  1790.596028     0.958250    91.696533    42.800500    48.896033    38.431266    39.886032     1.381098   286.374611   280.711874    12.501480     4.817843          0.0
      1960.0     1.724613   316.953349   481.555911  1791.630646     0.477326    93.245574    42.921526    50.324048    38.655800    39.690418     1.402823   286.503277   280.885874    12.451567     4.060828          0.0
      1961.0     2.790969   317.434313   481.169089  1793.424549     0.568125    92.915923    42.844827    50.071096    38.152208    39.946111     0.825597   286.448902   280.798485    11.799489     3.285538          0.0
      1962.0     1.862259   318.174948   480.234418  1795.106984     0.897280    90.331882    41.372059    48.959823    38.304918    39.987353     0.805841   286.507828   281.072306    11.174584     2.319377          0.0
      1963.0     5.093120   318.700563   481.722418  1795.596508     0.571210    99.292897    46.901552    52.391345    39.682890    40.172414     0.790085   286.245151   280.547581    10.592458     5.241139          0.0
      1964.0     3.445986   319.112904   482.235517  1797.665955     0.679831    97.673480    44.880746    52.792734    39.248058    41.317506     0.773633   286.282196   280.638299    10.049073     3.050141          0.0
      1965.0     2.311716   319.904183   481.216242  1799.991878     0.822753    93.808785    42.737718    51.071067    39.151185    41.477107     0.752546   286.417064   280.922768     9.557028     2.279886          0.0
      1966.0     4.794933   320.866287   480.244649  1801.012735     0.897929    95.210523    44.287950    50.922572    39.470298    40.491154     0.726870   286.464383   280.843575     9.108130     4.768390          0.0
      1967.0     0.214037   321.064790   480.515919  1802.348722     0.721373    92.055193    40.925614    51.129578    38.319398    39.655385     0.707473   286.615642   281.182259     8.729997     0.998959          0.0
      1968.0     5.165012   322.142455   479.660552  1803.744974     0.893927    95.162819    44.745766    50.417053    39.379294    40.775547     0.683451   286.489805   280.832117     8.409764     4.825586          0.0
      1969.0     3.443387   322.905210   479.481027  1804.885751     1.120960    94.064926    43.367002    50.697924    39.420466    40.561242     0.651236   286.698283   281.161553     8.150412     2.985285          0.0
      1970.0     6.779872   324.212914   479.897712  1806.102660     1.211477    97.697783    45.782791    51.914992    39.815736    41.032645     0.620038   286.456617   280.803599     8.040391     4.333461          0.0
      1971.0     4.026214   324.682216   481.286016  1807.777374     1.153450    98.410620    45.192790    53.217830    39.923291    41.598004     0.550004   286.550342   280.962131     8.030178     2.206481          0.0
      1972.0     5.910363   325.900116   480.671654  1809.833099     1.068507    96.546367    44.706992    51.839375    39.520882    41.576607     0.556921   286.458037   280.706925     8.029213     3.744748          0.0
      1973.0     7.621170   327.962607   481.566652  1811.707160     1.527724    98.740723    45.250541    53.490183    40.034794    41.908855     0.555453   286.538294   280.882926     8.024385     2.446687          0.0
      1974.0     5.860406   329.016886   482.100832  1813.407999     1.477669    99.304470    46.241374    53.063096    40.407145    42.107984     0.554410   286.592310   281.172368     8.019000     3.599210          0.0
      1975.0     5.707758   329.813876   482.303638  1815.294351     1.398383    99.009408    46.020544    52.988864    39.946759    41.833110     0.552820   286.456755   280.901114     8.012220     3.984628          0.0
      1976.0     5.632383   330.563325   483.139287  1817.372255     1.285980   101.262765    46.620524    54.642242    40.282932    42.360836     0.556131   286.326866   280.383914     7.998713     3.424039          0.0
      1977.0     6.623735   332.409801   481.559786  1819.772056     1.565427    96.188367    44.636694    51.551673    40.664912    43.064713     0.555870   286.626040   280.864884     7.977177     3.151482          0.0
      1978.0     7.388251   333.903963   482.849937  1821.397633     1.642250   100.116735    46.451381    53.665353    40.440958    42.066535     0.552433   286.600593   281.013390     7.952229     3.094696          0.0
      1979.0     6.173039   335.614110   482.013418  1823.598931     1.702210    95.431824    44.261213    51.170612    39.837912    42.039210     0.548629   286.669125   281.308710     7.916046     3.058521          0.0
      1980.0     8.676353   337.234537   483.209769  1824.925169     1.414153   101.268046    47.911119    53.356927    40.957316    42.283554     0.549804   286.523360   280.826623     7.870648     4.431213          0.0
      1981.0     5.707816   338.252655   484.807360  1826.248173     1.483462   101.753584    45.937423    55.816161    40.410864    41.733867     0.721164   286.694552   281.343610     8.450720     2.605966          0.0
      1982.0     3.846102   339.468697   483.543891  1828.198382     1.058198    96.478700    43.661664    52.817037    40.120563    42.070772     0.740496   286.690380   281.358990     8.958283     2.854361          0.0
      1983.0     7.061168   341.155634   483.899934  1829.207982     1.224958   100.706040    46.187751    54.518289    40.595215    41.604815     0.760806   286.621688   281.072126     9.395437     4.226892          0.0
      1984.0     6.814925   342.930209   483.401509  1831.770609     1.530283    98.797226    45.562381    53.234846    40.425759    42.988386     0.779753   286.664305   281.199256     9.756535     3.072420          0.0
      1985.0     7.451222   344.332749   484.293184  1833.147200     1.380034   102.679203    48.014348    54.664855    41.221379    42.597971     0.793892   286.642334   281.032248    10.043464     4.524703          0.0
      1986.0     5.511240   345.905604   484.144173  1834.962580     1.610183   100.167748    45.511640    54.656108    41.686199    43.501579     0.810744   287.065440   281.726585    10.269977     2.159073          0.0
      1987.0     9.180670   348.084423   483.434934  1837.059132     1.808854   100.251148    46.900973    53.350175    40.919300    43.015852     0.822230   286.765762   281.196210    10.423346     4.594360          0.0
      1988.0     9.225120   349.776936   486.221883  1838.007688     1.655402   107.781032    49.990001    57.791031    42.317492    43.266049     0.833496   286.779732   281.262891    10.517992     3.937003          0.0
      1989.0     5.732599   351.519529   485.663556  1840.423609     1.911115   100.175730    45.043274    55.132456    40.987204    43.403125     0.844016   286.906984   281.540390    10.546165     2.198477          0.0
      1990.0     6.197072   353.413527   484.763016  1840.993905     2.045821    99.024119    45.043664    53.980456    41.161264    41.731559     0.860756   286.930106   281.744477    10.488605     4.212644          0.0
      1991.0     8.090308   354.757923   486.625819  1841.787165     1.676601   104.168260    48.639729    55.528531    41.849170    42.642431     0.601695   286.786574   281.351126     9.920672     4.134496          0.0
      1992.0     6.125192   355.982765   488.243944  1843.752153     1.760167   104.671842    47.624905    57.046937    42.151998    44.116987     0.594460   286.938329   281.552239     9.388124     1.889794          0.0
      1993.0     7.688972   357.399539   488.758349  1845.151004     1.785936   103.349235    47.954688    55.394547    41.778992    43.177842     0.579032   286.809814   281.430333     8.885958     4.262440          0.0
      1994.0     8.059949   358.938835   490.262541  1847.709192     1.925875   103.388023    48.068583    55.319440    41.819071    44.377259     0.567542   286.849384   281.337404     8.421315     2.187133          0.0
      1995.0     7.130605   360.571102   491.700400  1849.425755     1.913991   105.438475    47.800232    57.638243    42.035557    43.752121     0.554391   286.935085   281.508103     7.995126     2.610252          0.0
      1996.0     7.822639   362.065704   491.847054  1851.274190     1.967537   103.688099    48.009525    55.678574    41.976643    43.825077     0.542751   286.858586   281.326618     7.614015     4.037794          0.0
      1997.0     6.178474   363.532836   492.427352  1852.864557     1.813161   101.868258    46.687230    55.181029    42.172784    43.763151     0.528234   287.127666   281.828976     7.281491     2.343781          0.0
      1998.0     9.993441   365.527713   494.091381  1854.276196     2.196630   104.561302    49.019672    55.541629    42.576028    43.987667     0.509817   287.039574   281.642834     6.991892     3.367976          0.0
      1999.0     9.269863   367.548355   495.561375  1855.950286     2.074724   105.734497    49.069913    56.664585    43.167364    44.841454     0.499794   287.217441   281.990124     6.760813     2.758465          0.0
      2000.0     8.359327   369.104996   497.559385  1857.860750     2.270238   107.026250    49.237138    57.789112    43.256262    45.166726     0.501743   287.135814   281.767169     6.667063     2.072402          0.0
      2001.0     7.069755   370.921699   497.044321  1859.674189     2.103099   101.907324    47.165488    54.741836    42.987540    44.800979     0.812246   287.294896   282.175941     7.250763     2.879573          0.0
      2002.0     9.434039   372.721555   500.623954  1860.433470     1.828585   108.165667    49.838627    58.327040    42.510841    43.270122     0.465630   287.063587   281.629098     7.046343     2.988871          0.0
      2003.0     9.170547   374.790062   503.620609  1861.349509     2.203817   110.413022    49.872240    60.540782    43.791314    44.707353     0.608264   287.384178   282.158452     7.244799     2.168233          0.0
      2004.0     8.268734   376.704312   503.148790  1863.365687     2.145718   106.664535    48.570907    58.093628    43.211063    45.227242     1.030461   287.469116   282.245610     8.293737     3.815484          0.0
      2005.0     9.180743   378.742774   506.165460  1864.548501     2.277477   110.460291    50.307505    60.152786    44.052489    45.235302     0.859380   287.414755   282.216534     8.514720     2.055533          0.0
      2006.0     9.040792   380.819108   508.030669  1865.812517     1.949898   110.452320    50.227499    60.224820    43.952389    45.216406     0.616127   287.341388   282.078934     8.323676     3.145885          0.0
      2007.0     9.601340   382.490312   511.885604  1866.456114     2.135715   116.445735    53.226230    63.219505    45.511774    46.155371     0.709898   287.442252   282.240742     8.422912     3.215924          0.0
      2008.0     8.019773   384.513200   513.082095  1868.145342     2.049068   112.423490    50.224924    62.198566    44.963249    46.652478     0.738875   287.563896   282.277389     8.485008     2.375955          0.0
      2009.0     7.865451   386.071123   514.931262  1869.402939     1.661807   113.810800    51.381716    62.429084    44.747825    46.005422     0.704450   287.444194   282.213426     8.486713     3.527127          0.0
      2010.0     7.378439   388.129097   515.076886  1871.831823     2.113061   108.281420    48.467093    59.814327    42.805219    45.234103     1.776663   287.441920   282.143033     9.949637     3.087366          0.0
      2011.0     7.552553   390.283157   516.224375  1872.652257     2.050694   108.520515    48.672289    59.848226    43.958291    44.778725     0.889942   287.613380   282.558612    10.532228     2.746075          0.0
      2012.0    10.359806   392.515620   517.462057  1873.393720     2.232730   113.122678    51.588699    61.533979    44.628453    45.369915     1.014517   287.550540   282.361015    10.512411     4.981103          0.0
      2013.0     9.537696   394.537140   520.670495  1875.039081     2.310750   113.920749    51.374813    62.545936    44.030118    45.675479     1.061328   287.494291   282.148232    10.546523     2.490895          0.0
      2014.0     7.144173   396.476397   520.436750  1876.685015     2.301495   110.993230    49.468916    61.524314    44.447299    46.093233     1.303255   287.656749   282.396325    10.868293     3.609428          0.0
      2015.0    10.171499   398.897499   522.533703  1877.916310     2.362566   114.343036    51.091716    63.251320    44.355096    45.586391     0.813962   287.674484   282.431226    10.438088     3.408373          0.0
      2016.0    10.208276   401.795859   521.952962  1879.955165     2.517424   109.907209    49.676093    60.231116    44.342305    46.381160     0.895416   287.669235   282.503761    10.488298     3.875674          0.0
      2017.0    11.612822   404.532331   523.299013  1880.862719     2.555817   112.576153    50.969311    61.606842    43.989858    44.897412     0.884987   287.660123   282.552530    10.467299     4.725849          0.0
      2018.0    11.986345   407.135623   525.182269  1882.692259     2.485323   116.287939    52.655336    63.632603    44.715212    46.544752     0.884691   287.495986   282.245605    10.392628     4.227328          0.0
      2019.0    11.416829   409.750132   527.715614  1884.593138     2.693866   119.509564    53.043921    66.465642    45.461649    47.362529     0.916855   287.641624   282.493975    10.186033     3.148048          0.0
      2020.0     9.428904   412.440893   526.309767  1886.953163     2.887361   111.716990    49.708026    62.008964    45.076890    47.436916     0.873096   287.914325   283.060808    10.261884     3.676957          0.0
      2021.0    11.633537   415.169567   527.874246  1887.865163     2.819461   115.438184    52.136600    63.301584    45.755695    46.667694     0.587140   287.910952   283.045591     9.597198     3.904427          0.0
      2022.0    11.583075   418.223758   529.165498  1889.169040     3.004959   112.418116    49.995419    62.422697    44.913511    46.217388     0.554924   288.033486   283.258828     8.990575     2.486779          0.0
      2023.0    12.446916   421.219009   530.755633  1889.907048     2.923553   114.172816    51.241883    62.930933    45.002585    45.740593     0.559718   288.098278   283.176064     8.449413     3.911154          0.0
      2024.0    10.579058   424.018230   532.289845  1891.440794     2.994329   114.130153    50.435387    63.694766    45.600680    47.134426     0.515150   288.102647   283.233660     7.986733     1.766750          0.0
      2025.0    13.068505   426.886977   533.436820  1893.287455     2.866660   113.893884    51.531880    62.362004    44.001189    45.847850     0.507182   287.867123   282.845720     7.540826     4.537054          0.0
      2026.0    13.429852   429.939144   536.174564  1895.058306     3.065092   118.415733    52.796138    65.619595    45.359485    47.130335     0.491702   287.949694   282.958104     7.193873     2.928059          0.0
      2027.0    11.493738   433.007087   537.542821  1896.740019     2.837373   119.328696    52.806301    66.522396    46.959478    48.641192     0.488465   288.307319   283.488555     6.913523     2.796852          0.0
      2028.0    14.963156   436.249943   540.656262  1897.877283     3.024927   123.028686    55.153595    67.875091    46.256068    47.393332     0.457412   287.899634   282.953524     6.639673     4.646823          0.0
      2029.0    12.773787   439.223251   541.490026  1900.436749     3.220408   117.311801    52.156513    65.155288    45.924414    48.483879     0.439345   287.998138   282.865253     6.410555     2.838870          0.0
      2030.0    13.394844   442.378029   544.097323  1900.745335     3.079099   123.231389    54.216600    69.014789    47.870468    48.179054     0.417314   288.257416   283.424647     6.318123     3.430249          0.0
      2031.0    14.707242   445.517386   546.851365  1903.169676     3.001621   125.018452    55.731713    69.286739    47.054762    49.479103     0.481461   288.021054   282.891620     6.391245     3.498568          0.0
      2032.0    13.979523   448.819715   549.361325  1905.118023     3.107519   126.387512    55.903485    70.484027    48.398827    50.347174     0.478224   288.036816   283.106816     6.477087     3.046351          0.0
      2033.0    14.875447   452.028476   550.857160  1907.555021     3.014702   123.550926    55.369069    68.181857    46.931231    49.368229     0.490821   287.948088   282.791621     6.496711     4.505005          0.0
      2034.0    12.715083   455.576923   551.961811  1909.995266     3.155785   120.759176    52.759157    68.000019    47.261889    49.702133     0.493542   288.260961   283.440227     6.507541     1.952372          0.0
      2035.0    15.962201   458.991364   554.108573  1912.086305     3.213198   124.510511    55.817920    68.692592    46.885198    48.976237     0.479723   288.023464   283.016589     6.493648     4.694921          0.0
      2036.0    13.636271   462.364842   555.946295  1913.821679     3.237634   124.310450    54.907172    69.403278    48.407774    50.143148     0.493933   288.403873   283.522744     6.491433     2.926302          0.0
      2037.0    14.082241   466.183402   557.912745  1915.335760     3.614273   124.219485    53.721338    70.498147    47.810061    49.324143     0.486135   288.510811   283.706183     6.466195     2.430746          0.0
      2038.0    15.105570   469.761164   558.944549  1917.162663     3.554942   123.154468    54.586674    68.567794    47.298693    49.125595     0.501213   288.428432   283.790814     6.432354     4.429275          0.0
      2039.0    14.990552   473.225927   560.874575  1918.980849     3.368052   122.688023    55.073272    67.614750    47.523623    49.341809     0.461522   288.290691   283.358923     6.337569     3.801437          0.0
      2040.0    11.821560   476.718350   563.274746  1919.815214     3.157894   123.039286    52.575639    70.463647    47.592343    48.426708     0.503269   288.565630   283.767598     6.308630     1.748761          0.0
      2041.0    14.729073   480.151846   565.464010  1920.825409     3.149814   125.050672    55.204409    69.846263    47.555249    48.565444     0.467357   288.335948   283.505175     6.186565     4.449702          0.0
      2042.0    14.520903   483.834729   567.694133  1922.758096     3.084911   125.147423    54.464456    70.682967    47.180923    49.113610     0.466786   288.169076   283.216554     6.056181     3.120722          0.0
      2043.0    16.557633   487.552520   569.964642  1924.983608     3.562938   126.957689    55.747154    71.210534    47.581666    49.807178     0.467287   288.328021   283.285812     5.969890     3.669467          0.0
      2044.0    13.731658   491.475582   570.840405  1926.804136     3.171414   125.552603    54.677088    70.875515    49.052000    50.872528     0.474013   288.787322   284.253719     5.919026     2.928796          0.0
      2045.0    16.107777   495.403682   573.448107  1928.216796     3.640609   125.904806    55.217147    70.687659    47.527724    48.940384     0.481692   288.582616   283.786504     5.860703     3.669061          0.0
      2046.0    15.646287   499.003349   576.026930  1930.138255     3.484789   129.888126    56.573087    73.315039    48.605932    50.527391     0.498394   288.464351   283.448850     5.903864     3.466874          0.0
      2047.0    15.797449   502.773427   578.361923  1932.910831     3.380595   129.083731    56.220984    72.862747    48.274041    51.046616     0.524868   288.546283   283.688145     5.965212     2.839374          0.0
      2048.0    16.234122   506.568971   580.697374  1934.647584     3.420271   132.603004    58.166388    74.436617    49.953898    51.690652     0.521349   288.565612   283.695159     6.042768     4.140285          0.0
      2049.0    15.468574   510.143207   584.078728  1936.603917     3.469015   131.778182    57.380446    74.397736    49.247732    51.204065     0.499492   288.568920   283.792363     5.979225     2.795027          0.0
      2050.0    14.433127   513.866200   586.248006  1938.809725     3.255760   131.047573    56.250126    74.797447    49.157746    51.363554     0.516526   288.608020   283.691060     6.039695     2.717294          0.0
      2051.0    15.108807   518.018893   585.714265  1941.051379     3.423250   123.691849    53.812503    69.879346    48.010826    50.252479     0.578911   288.606234   283.819863     6.238951     4.093764          0.0
      2052.0    16.348133   521.782598   588.695415  1942.705280     3.387959   131.262414    57.539415    73.722999    49.133677    50.787579     0.590349   288.335019   283.310249     6.370387     3.770687          0.0
      2053.0    16.210759   525.261928   592.126696  1945.194396     3.288947   132.150088    57.122796    75.027292    47.858069    50.347184     0.614489   288.490314   283.552928     6.536098     3.344330          0.0
      2054.0    15.331254   529.312303   593.855567  1946.875442     3.321179   132.880679    56.826513    76.054166    50.138037    51.819083     0.622527   288.760177   283.875893     6.668442     3.278559          0.0
      2055.0    17.652243   533.025646   597.377315  1948.738264     3.461594   137.901623    60.251226    77.650396    50.318770    52.181592     0.633337   288.692329   283.778327     6.813927     4.547887          0.0
      2056.0    15.743105   536.499290   600.523254  1951.024846     3.201471   138.348825    59.589005    78.759820    50.867074    53.153656     0.617339   288.638073   283.780463     6.931775     3.289411          0.0
      2057.0    15.337607   539.884079   603.783282  1953.457802     3.566823   136.192945    57.884911    78.308033    49.758375    52.191331     0.649725   288.789955   284.113643     7.042261     2.433552          0.0
      2058.0    14.520861   543.775695   604.455815  1955.949510     3.423003   130.199476    55.350083    74.849393    48.639430    51.131138     0.646246   288.742833   283.935503     7.057732     3.546412          0.0
      2059.0    14.217905   547.418436   606.002276  1957.867577     3.465998   129.699033    55.220506    74.478527    48.427158    50.345225     0.632488   288.830074   284.019024     7.025369     3.328821          0.0
      2060.0    15.756751   551.175659   608.358167  1959.636227     3.330332   133.041732    56.551517    76.490215    48.856813    50.625463     0.623188   289.007061   284.347274     6.914688     3.570163          0.0
      2061.0    14.276183   554.766308   610.350620  1961.192613     3.274128   133.833056    57.608273    76.224783    50.706010    52.262396     0.646148   289.108656   284.445957     6.947121     3.353425          0.0
      2062.0    14.658003   558.354552   612.787802  1962.669337     3.134580   136.852655    58.604037    78.248618    51.257379    52.734103     0.606487   289.162207   284.336609     6.842485     3.432752          0.0
      2063.0    14.353860   562.043837   614.642201  1964.920457     3.414310   132.835429    56.355529    76.479900    49.716327    51.967447     0.615145   289.194535   284.434471     6.740554     2.533683          0.0
      2064.0    15.231942   566.059825   616.288430  1966.027478     3.500260   133.940855    57.247925    76.692930    50.971347    52.078367     0.618360   289.188822   284.447622     6.657805     3.523329          0.0
      2065.0    15.707582   569.499640   619.956294  1967.086856     3.381312   138.652345    59.711264    78.941081    51.012740    52.072118     0.603196   288.994589   284.151388     6.611264     3.971282          0.0
      2066.0    14.110546   573.109535   622.642377  1968.905833     3.581903   135.197296    56.967728    78.229568    50.263458    52.082435     0.650746   289.027710   284.290309     6.587075     2.199210          0.0
      2067.0    15.121135   576.988722   623.304478  1971.289704     3.270494   134.985560    57.722538    77.263022    50.581366    52.965237     0.643450   289.147447   284.389055     6.679295     4.095199          0.0
      2068.0    15.277079   580.637351   625.014067  1973.402587     3.842624   134.530816    57.513724    77.017092    50.353478    52.466360     0.637152   289.153318   284.275110     6.703381     3.337776          0.0
      2069.0    11.280400   584.405931   625.482288  1975.158436     3.820071   130.425035    54.265308    76.159726    51.043222    52.799071     0.651655   289.487624   285.028545     6.878341     0.998015          0.0
      2070.0    17.088235   588.172203   627.823022  1974.898586     3.413352   137.795350    60.092193    77.703157    50.762186    50.502336     0.681981   289.253221   284.748128     7.141242     7.249124          0.0
      2071.0    15.635884   591.407023   632.334488  1977.134501     3.373126   140.560423    59.639520    80.920903    50.503840    52.739756     0.675284   288.922831   283.992014     7.389700     2.388298          0.0
      2072.0    12.381629   594.745943   633.551738  1979.243387     3.143750   136.788704    57.023854    79.764850    51.035192    53.144077     0.761191   289.426203   285.046701     7.819029     2.662527          0.0
      2073.0    14.109890   598.247184   635.753854  1979.857262     3.398594   138.954420    58.183820    80.770600    50.976307    51.590182     0.781892   289.369161   284.805148     8.370120     4.391521          0.0
      2074.0    14.116151   601.666608   637.702166  1981.645022     3.184354   137.492951    57.964727    79.528224    50.657663    52.445424     0.726703   289.417150   284.886050     8.548635     3.570992          0.0
      2075.0    11.924648   605.262112   639.742980  1982.824040     3.374609   137.385438    56.134751    81.250687    51.054862    52.233880     0.735547   289.600100   284.996788     8.690514     1.860057          0.0
      2076.0    13.621870   608.868849   641.142396  1982.710534     3.635733   138.992551    58.078725    80.913826    52.078686    51.965179     0.612345   289.562313   285.163057     8.505182     4.714129          0.0
      2077.0    15.841675   612.229555   644.748772  1983.621289     3.283541   143.601551    60.847806    82.753744    51.755809    52.666565     0.635413   289.232223   284.482385     8.332630     4.574866          0.0
      2078.0    11.446869   615.132451   646.478245  1986.523255     3.280002   134.748781    54.853997    79.894784    48.932988    51.834954     0.614621   289.344506   284.472681     8.211569     1.289570          0.0
      2079.0    11.212253   618.407606   646.128805  1987.534857     3.177524   136.504719    56.967660    79.537059    52.546582    53.558184     0.637934   289.809440   285.273562     7.970700     3.758916          0.0
      2080.0    13.610687   621.357621   649.849642  1987.765165     3.122540   139.801841    58.851480    80.950361    51.156959    51.387268     0.632074   289.592270   285.070949     7.752169     3.743375          0.0
      2081.0    12.608130   624.181001   652.479989  1989.079566     3.040976   139.053585    57.782454    81.271132    50.878205    52.192605     0.610541   289.390685   284.652608     7.520673     2.959502          0.0
      2082.0    13.339630   626.777176   656.066928  1990.756340     3.121622   142.734220    59.959387    82.774833    51.671149    53.347923     0.584381   289.398162   284.710822     7.154655     3.024524          0.0
      2083.0    10.742925   629.789243   657.904596  1991.785771     3.405956   139.921645    56.957611    82.964034    52.303682    53.333113     0.589580   289.570032   285.156717     6.963725     1.786830          0.0
      2084.0    11.943872   632.417167   659.653326  1992.948435     3.157573   139.682745    58.132282    81.550463    50.972531    52.135195     0.586186   289.526426   285.024134     6.775832     4.248356          0.0
      2085.0    11.667151   635.202199   660.744405  1994.724009     3.547866   137.265611    57.529737    79.735874    51.949964    53.725538     0.557940   289.656667   284.965300     6.680433     2.713121          0.0
      2086.0    11.773442   638.153826   662.994073  1994.919833     3.172222   140.960741    58.604206    82.356535    53.114223    53.310047     0.525765   289.898352   285.424579     6.554701     3.044490          0.0
      2087.0    13.131298   640.826074   667.283196  1995.299218     3.186932   144.495769    60.052160    84.443609    52.447426    52.826810     0.514278   289.714675   285.064733     6.383222     2.936228          0.0
      2088.0    10.109950   643.325746   669.778934  1996.851710     3.230146   141.459340    57.338322    84.121018    51.406732    52.959224     0.501894   289.769427   285.232661     6.175037     1.883359          0.0
      2089.0     9.916754   645.953394   669.577847  1998.498020     3.320726   134.728712    55.610701    79.118011    50.845667    52.491977     0.470655   289.852584   285.215271     5.948239     3.319812          0.0
      2090.0    10.703418   648.293662   671.917860  1998.338643     2.866685   141.251316    58.944801    82.306515    52.095199    51.935822     0.475522   289.790540   285.238142     5.780630     4.668966          0.0
      2091.0    12.366083   650.650783   675.477763  1999.137530     3.128893   144.508913    59.905248    84.603665    51.838439    52.637326     0.477519   289.681003   284.924501     5.725820     3.708019          0.0
      2092.0    10.306086   653.152229   676.934221  2000.971382     3.410227   140.048554    57.282272    82.766283    51.964691    53.798544     0.486073   289.812083   285.293669     5.685321     2.027270          0.0
      2093.0    12.390400   655.291099   680.264176  2001.356747     2.914433   144.101753    59.963430    84.138323    51.897671    52.283036     0.451697   289.860106   285.293345     5.616819     4.350439          0.0
      2094.0    10.078553   657.336618   683.055972  2002.706521     2.904749   143.182463    58.629402    84.553061    52.620753    53.970527     0.455895   289.974459   285.549417     5.540087     1.867079          0.0
      2095.0     8.165176   659.373842   684.489461  2004.268484     2.960006   138.312338    55.954220    82.358118    51.203321    52.765284     0.469024   290.117805   285.780024     5.476558     1.755448          0.0
      2096.0     8.081198   661.649238   684.733094  2004.262645     2.950859   138.590163    56.528457    82.061705    52.499515    52.493676     0.504974   290.218701   285.871338     5.624536     3.791148          0.0
      2097.0    11.783882   663.754906   687.934459  2004.378770     2.856236   144.059222    60.400917    83.658305    51.647616    51.763740     0.505190   289.990421   285.518393     5.771941     5.435812          0.0
      2098.0     8.651063   665.382817   689.867566  2005.520646     2.706671   140.496131    57.289554    83.206577    51.630849    52.772726     0.516029   289.890872   285.163147     5.961270     2.583722          0.0
      2099.0     7.917256   666.754730   693.381755  2005.994907     2.749941   143.980379    57.626537    86.353841    51.485809    51.960069     0.513280   290.002047   285.463088     6.102359     2.152280          0.0
      2100.0     8.959316   668.567261   694.499829  2006.271889     2.702953   143.733508    58.689385    85.044123    52.833388    53.110370     0.512874   290.177628   285.683542     6.194567     4.460941          0.0