        time     emission          CO2         cveg        csoil        fgco2         fgpp         fnpp           ra          frh     fvegsoil         fluc          tas     tas_land        cprod     fcvegout    fcsoilout
      1850.0     1.054880   283.688113   363.827773   620.628623    -0.026634    96.371524    39.787780    56.583744    37.312855    37.726283     0.087904   285.635395   279.113822     4.514428     0.603421     0.358136
      1851.0    -0.038404   283.817829   364.253459   620.744703    -0.094972    97.023804    39.395343    57.628461    37.836874    37.869275     0.195755   285.803059   279.237691     5.154988     1.100382    -0.083679
      1852.0    -0.679190   283.967489   363.646756   620.921569    -0.002551    95.211642    38.554543    56.657099    37.817675    37.780897     0.201824   285.866936   279.360605     5.646274     1.380349    -0.213644
      1853.0    -0.397610   284.097205   362.958470   620.694180    -0.044390    94.639964    38.554523    56.085441    37.457911    37.357464     0.206721   285.902923   279.464709     6.077491     1.885345     0.126942
      1854.0     0.096896   284.216934   362.900875   620.355524     0.295619    95.249771    38.818759    56.431012    37.495818    37.579896     0.212655   286.124990   279.705849     6.458948     1.296457     0.422734
      1855.0    -0.185798   284.306730   362.223640   620.150734     0.172229    94.692854    38.556296    56.136558    37.375136    36.909715     0.218410   286.063173   279.719791     6.785396     2.323814    -0.260631
      1856.0    -0.493786   284.416471   362.210741   619.923284     0.170756    94.734323    38.304303    56.430020    37.371410    37.236185     0.224131   286.283191   280.008870     7.057295     1.081017     0.092226
      1857.0     0.400917   284.566162   362.042730   619.563305     0.062161    95.962800    39.408187    56.554614    37.571394    37.714185     0.227377   286.034660   279.485222     7.290182     1.862012     0.502770
      1858.0     1.052759   284.735767   362.400005   619.600569     0.119059    97.909714    40.309536    57.600179    37.869223    37.927844     0.230978   286.142067   279.932942     7.456815     2.024416     0.021357
      1859.0    -0.140093   284.915360   362.530558   619.910899     0.214053    96.266976    39.084007    57.182969    37.915842    37.903227     0.234893   286.228335   279.953214     7.596395     1.050227    -0.322944
      1860.0    -0.245302   285.104940   361.934320   619.547820     0.270115    95.438270    38.690868    56.747402    37.694327    37.445321     0.239896   286.185570   279.794331     7.729615     1.841785     0.114073
      1861.0     0.056224   285.294520   361.322605   619.551612    -0.148367    95.614402    39.137406    56.476996    37.442425    37.647577     0.202449   286.080040   279.755548     7.534828     2.101544     0.201360
      1862.0     1.821264   285.464156   361.966876   619.990670     0.056125    96.828134    40.061737    56.766397    36.803132    37.746550     0.200354   285.682011   279.171364     7.369878     1.670916     0.504361
      1863.0     1.939869   285.633761   363.109437   620.350504     0.168535   100.431631    41.442384    58.989247    38.123599    38.472166     0.198204   285.884395   279.293808     7.216401     1.827657    -0.011269
      1864.0    -0.571292   285.803396   362.821469   621.117318    -0.016005    96.067126    38.813554    57.253572    37.864579    38.671975     0.196961   285.986237   279.476801     7.092261     0.429547     0.040582
      1865.0    -0.882202   285.973002   361.503656   621.093118     0.054961    95.364033    38.696585    56.667449    38.078720    37.197891     0.194873   286.242897   279.884774     6.982785     2.816506    -0.856629
      1866.0    -0.341718   286.142637   361.616620   620.645375     0.173929    96.366293    39.178784    57.187509    38.162451    38.247512     0.193008   286.266202   280.110903     6.897684     0.818307     0.532805
      1867.0    -0.326394   286.312273   360.593576   620.206251     0.118753    93.690793    38.054474    55.636319    36.952553    36.527188     0.190689   286.044678   279.641758     6.835332     2.550330     0.013759
      1868.0     1.326187   286.471890   361.235299   620.148745    -0.093911    98.315152    40.664757    57.650395    37.636092    38.059304     0.189322   285.997055   279.676893     6.807370     1.963730     0.480718
      1869.0    -0.208180   286.591649   361.239137   620.445821     0.064309    96.422187    39.345360    57.076828    37.988345    37.984472     0.187065   286.110857   279.736044     6.792541     1.357049    -0.300949
      1870.0    -0.628969   286.721335   360.932841   620.189733    -0.178811    95.384570    38.725426    56.659144    37.568508    37.528543     0.185354   286.092917   279.631102     6.756827     1.503179     0.216124
      1871.0     0.285327   286.851051   360.488604   620.249722     0.071450    96.113914    39.437551    56.676363    37.487471    37.595080     0.259890   286.110991   279.702135     7.337727     2.286709     0.047619
      1872.0     0.832417   287.020686   361.322846   620.054007    -0.109831    99.155431    40.600324    58.555107    37.975672    38.181980     0.264370   286.186313   280.014773     7.859477     1.584102     0.402023
      1873.0     0.911174   287.220223   361.290543   620.676999     0.171622    97.399376    39.891134    57.508242    37.510758    38.194081     0.266893   285.990736   279.727444     8.332059     1.729355     0.060332
      1874.0     1.619110   287.419791   361.408542   620.949701     0.268232    99.456964    41.285160    58.171804    38.172056    37.972179     0.270297   285.916021   279.387371     8.749107     3.194982    -0.472579
      1875.0     1.017857   287.649291   362.135774   621.204150     0.292450    99.967397    41.079865    58.887533    38.613784    39.208947     0.272573   286.125642   279.581393     9.127185     1.143686     0.340713
      1876.0    -0.914330   287.878760   361.167437   621.183441     0.151007    96.276209    38.863797    57.412412    38.260344    38.017071     0.276379   286.069969   279.799449     9.469085     1.815062    -0.222564
      1877.0     1.710009   288.108260   361.264512   621.089231     0.180863    99.176022    41.099642    58.076380    37.849435    38.429724     0.278774   285.825593   279.343731     9.765609     2.572844     0.674499
      1878.0     0.394128   288.347717   361.572411   621.592495     0.319453    98.165030    40.170908    57.994122    38.397054    38.834311     0.282020   286.134890   279.670088    10.023755     1.028698    -0.066007
      1879.0     0.928298   288.577217   361.134629   621.650992     0.151343    97.796749    40.125511    57.671238    37.641216    37.555247     0.285308   286.026236   279.622797    10.235855     3.008046    -0.144466
      1880.0     0.966574   288.826661   361.552099   621.946336     0.123090    98.590465    40.618162    57.972303    38.006019    38.786502     0.289690   285.990399   279.471370    10.382957     1.414190     0.485139
      1881.0     1.037539   289.096050   361.582832   622.149141     0.384350    98.741651    40.579468    58.162183    38.297018    38.201978     0.275890   286.029540   279.696828    10.338528     2.346758    -0.297846
      1882.0     0.040922   289.375427   361.276837   621.937488     0.318310    97.601143    39.801526    57.799617    38.350933    38.221996     0.274246   286.043036   279.702183    10.289611     1.885524     0.082716
      1883.0     1.186928   289.614914   360.951776   622.234816     0.339526    96.605444    39.833626    56.771818    37.224700    37.777749     0.273294   285.705615   279.224535    10.258046     2.380938     0.255721
      1884.0     0.708276   289.864358   360.777375   622.724058     0.557666    95.838947    39.258658    56.580289    37.406553    37.689514     0.273095   285.588699   278.865565    10.242805     1.743545    -0.206282
      1885.0     0.436699   290.153692   360.211965   622.885033     0.242207    95.619408    39.123438    56.495971    37.383414    37.485020     0.271665   285.705669   279.171667    10.248715     2.203828    -0.059368
      1886.0     1.247135   290.453043   360.400215   623.016874     0.349699    98.112987    40.420962    57.692025    37.881241    38.025032     0.270306   285.766960   279.276987    10.253060     2.207680     0.011950
      1887.0     2.071645   290.762352   360.678025   623.041979    -0.059142   100.003244    41.625076    58.378168    37.830010    38.377289     0.268599   285.536451   278.968741    10.269199     2.969977     0.522174
      1888.0     1.635586   291.111580   361.947304   623.836167     0.189617    99.862763    41.145221    58.717542    38.158872    38.875020     0.268621   285.548461   279.074622    10.313416     1.000922    -0.078040
      1889.0     0.578849   291.460778   361.473901   624.119949     0.032926    98.198263    40.269434    57.928829    38.145593    38.390602     0.266505   285.646331   279.159096    10.359018     2.352236    -0.038774
      1890.0     0.570362   291.810006   360.917638   624.387636    -0.049227    97.688227    40.315775    57.372452    38.103004    38.419747     0.265468   285.746861   279.151528    10.427774     2.452292     0.049056
      1891.0     1.062875   292.169222   360.978067   624.577103     0.242652    97.671938    40.184879    57.487059    37.786712    37.954818     0.310582   285.677897   278.867086    10.794930     2.169631    -0.021361
      1892.0    -0.183990   292.518450   360.643971   624.455245     0.315819    97.703845    39.841840    57.862005    38.595887    38.433545     0.312588   286.049119   279.725564    11.136012     1.742391    -0.040483
      1893.0     0.334628   292.827759   359.611608   624.182253     0.250791    96.132619    39.516186    56.616433    37.590225    37.318455     0.313439   285.677578   279.103117    11.458992     3.230095     0.001221
      1894.0     2.022267   293.137067   360.044562   624.337392     0.256223    99.121371    41.435751    57.685620    37.788008    38.278745     0.315550   285.607136   279.121699    11.755281     2.724052     0.335598
      1895.0     0.244412   293.426401   360.307347   624.540458     0.317190    98.236620    40.235796    58.000824    38.376904    38.623019     0.317470   285.860840   279.337423    12.038987     1.349992     0.043049
      1896.0     0.984929   293.705777   359.580274   624.442078     0.153995    98.636021    40.850948    57.785072    37.982156    37.644887     0.320417   285.739840   279.208334    12.305903     3.933134    -0.238889
      1897.0     1.922689   293.995141   360.746880   624.803765     0.290845   101.599088    42.184704    59.414384    38.599033    39.552810     0.321428   285.871784   279.521420    12.551104     1.465288     0.592090
      1898.0    -0.028695   294.294493   360.410845   625.068649     0.140914    98.914955    40.398209    58.516746    38.607914    38.791315     0.323312   286.091869   279.632484    12.767493     1.942930    -0.081483
      1899.0    -0.664347   294.643691   358.835166   625.109155     0.230568    95.251998    38.684735    56.567262    37.766101    37.373007     0.325058   286.061687   279.678354    12.965985     2.887407    -0.433600
      1900.0     0.912884   295.012894   358.445682   624.920487     0.416518    97.108476    40.190295    56.918181    37.850734    38.170236     0.326707   286.180405   279.683089    13.176728     2.409543     0.508169
      1901.0     1.875687   295.352135   359.111747   624.570767     0.332861   100.656036    41.897161    58.758875    38.360794    38.351265     0.325660   286.182944   279.944449    13.357040     2.879832     0.340191
      1902.0     1.660901   295.671400   359.637970   624.712844     0.438365   101.256761    42.063829    59.192932    38.739837    38.894182     0.325868   286.183162   279.722822    13.425577     2.643424     0.012268
      1903.0    -0.449956   295.990696   359.355251   624.897168     0.640944    96.954809    39.375654    57.579155    38.376800    38.589078     0.325492   286.096661   279.630674    13.481587     1.069295     0.027955
      1904.0    -0.517736   296.290048   357.198296   624.793293     0.595306    95.151053    38.911906    56.239147    37.977839    37.500492     0.325633   286.084129   279.616687    13.590568     3.568369    -0.373473
      1905.0     0.804536   296.629289   356.757968   624.389931     0.452136    96.237235    39.809156    56.428079    37.403239    37.185452     0.323783   285.956499   279.420754    13.679044     3.064033     0.185575
      1906.0     0.967867   296.998461   356.623070   624.192173     0.312196    97.873993    40.576012    57.297981    37.825251    37.965381     0.323310   285.916759   279.411130    13.778343     2.745529     0.337889
      1907.0     1.952150   297.437486   356.939537   624.501487     0.405198    98.369447    40.905393    57.464054    37.509324    37.942091     0.322677   285.633312   279.056368    13.888268     2.646835     0.123453
      1908.0     1.779608   297.856536   357.486678   624.777327     0.379761   100.762393    41.588519    59.173874    38.281750    38.864045     0.322864   285.912147   279.235674    13.998001     2.177333     0.306455
      1909.0    -0.173757   298.275615   356.546396   625.013742     0.535401    97.067121    39.602304    57.464818    38.403664    38.402528     0.322236   286.176698   279.554194    14.122620     2.140058    -0.237551
      1910.0     2.074635   298.714640   356.021219   624.590336     0.565845   100.063615    41.866393    58.197222    38.513527    37.977222     0.320832   286.203945   279.617705    14.304957     4.414348    -0.112898
      1911.0     1.173699   299.163622   356.797521   624.544231     0.343758   100.302719    41.392535    58.910184    38.649915    38.524318     0.332170   286.261231   279.860366    14.417133     2.091915    -0.079492
      1912.0     2.341098   299.682485   357.376436   624.529392     0.512049   101.707470    42.209177    59.498293    38.571751    39.446700     0.332282   285.996939   279.466917    14.551985     2.183562     0.889788
      1913.0     2.694391   300.241238   357.206910   625.215141     0.576072   100.549320    41.986119    58.563200    38.133356    38.583784     0.330951   285.816750   279.050780    14.687634     3.571861    -0.235321
      1914.0     0.787914   300.750115   357.270255   625.550618     0.617341    98.727279    40.470502    58.256777    38.441564    38.667473     0.330720   286.092844   279.460295    14.827483     1.739685    -0.109569
      1915.0     1.053450   301.268948   356.697605   625.446341     0.510566    99.763552    41.246477    58.517075    38.830676    38.521674     0.330339   286.178543   279.519219    14.955527     3.297453    -0.204726
      1916.0     1.164953   301.807756   356.121989   625.056145     0.505758    98.957147    40.859563    58.097584    38.418421    38.353596     0.331008   286.249577   279.870659    15.082485     3.081584     0.325371
      1917.0     3.446188   302.336577   357.040362   625.051824     0.788910   103.252712    43.381397    59.871315    38.890910    39.121228     0.329406   286.153925   279.899238    15.222803     3.341796     0.234639
      1918.0     1.162652   302.775602   357.416158   625.502299     0.942178   100.493258    41.242044    59.251214    38.933385    39.391159     0.329384   286.266682   279.759832    15.346682     1.475091     0.007299
      1919.0     0.557550   303.134787   356.009741   625.564397     0.695321    97.793424    40.227964    57.565460    38.029555    38.135072     0.329427   286.214678   279.708674    15.486452     3.499309     0.043419
      1920.0     0.932303   303.573812   355.876067   625.477115     0.624744    99.748465    41.014335    58.734130    38.519685    38.455075     0.329685   286.330744   279.960991    15.637468     2.692933     0.022672
      1921.0     1.763872   303.923040   355.931470   624.972276     0.789083   102.284701    42.503940    59.780761    39.027025    38.798313     0.363609   286.552196   280.517929    15.875032     3.650224     0.276127
      1922.0     2.979732   304.262281   356.372429   625.416848     0.731157   103.045464    43.323377    59.722087    38.567004    39.080506     0.364080   285.841828   279.436996    16.093109     3.801912     0.068931
      1923.0     1.734473   304.591534   356.961435   626.274193     0.688692   102.814300    42.601629    60.212671    39.011721    40.042895     0.365602   286.010491   279.513467    16.305407     1.969727     0.173830
      1924.0     1.688179   304.950750   356.625393   626.694111     0.550322   103.426457    43.129042    60.297415    39.456227    39.741210     0.367476   286.117201   279.467399    16.495949     3.723874    -0.134935
      1925.0     1.112225   305.130342   356.449020   626.943295     0.482146   102.674195    42.710769    59.963426    39.221013    39.584799     0.367840   286.116741   279.902125    16.691669     3.302343     0.114602
      1926.0    -0.104045   305.270046   356.289203   627.299301     0.640050   101.888917    41.830577    60.058341    39.532020    39.792595     0.368623   286.437660   280.199149    16.881409     2.197799    -0.095430
      1927.0     1.554241   305.499515   355.668283   627.218709     0.481686   102.341428    42.759727    59.581701    38.814525    38.887420     0.369403   286.188673   279.908822    17.073030     4.493226     0.153488
      1928.0     2.227879   305.649176   356.598334   627.658829     0.466221   105.097666    44.147162    60.950504    39.217637    40.466616     0.371545   286.120690   279.685073    17.254774     2.750494     0.808859
      1929.0     0.418267   305.808824   356.545884   628.460551     0.490550   102.880671    42.612988    60.267683    39.606691    39.983677     0.370926   286.376146   279.941138    17.430447     2.681761    -0.424736
      1930.0     1.077886   305.938540   356.259849   628.476381     0.270359   104.192210    43.523966    60.668245    39.567272    39.600840     0.371982   286.338335   279.954358    17.600164     4.209160     0.017740
      1931.0     1.299544   306.138107   356.165615   629.033146     0.484926   104.053119    43.462226    60.590893    39.518893    39.954328     0.423811   286.312009   280.070814    17.936283     3.602133    -0.121331
      1932.0     1.826336   306.407496   356.514491   629.258057     0.520720   104.425925    43.675511    60.750414    39.411247    40.005102     0.426264   286.321706   279.963050    18.255201     3.321533     0.368944
      1933.0    -0.588230   306.716805   355.901690   629.706392     0.537123   100.309044    40.929753    59.379291    39.161576    39.384880     0.425823   286.434557   279.954972    18.550966     2.157675    -0.225031
      1934.0    -0.339221   307.095965   354.210796   629.250715     0.557018    99.153773    40.830892    58.322881    39.091375    38.398042     0.426313   286.498479   280.308725    18.840359     4.123744    -0.237657
      1935.0     0.587377   307.544977   353.630634   628.872614     0.486302   100.023479    41.557613    58.465866    38.890451    38.675591     0.427694   286.426001   279.935798    19.127865     3.462184     0.163241
      1936.0     2.105052   308.323242   353.299653   628.676586     0.527935   102.178827    42.619283    59.559544    39.154500    39.167944     0.429316   286.612592   280.033521    19.379318     3.782320     0.209471
      1937.0     2.354679   309.071576   353.300843   628.401921     0.596243   103.269436    43.212506    60.056930    39.400630    39.191670     0.429639   286.590743   280.316047    19.598242     4.019645     0.065705
      1938.0     2.801002   309.600396   353.957891   628.706394     0.650992   104.792514    44.079064    60.713450    39.470012    39.982567     0.430383   286.330522   280.050409    19.789099     3.439449     0.208082
      1939.0     3.935910   310.159149   355.425657   629.270085     0.666706   109.021794    46.109097    62.912697    40.214898    41.361433     0.432056   286.378443   279.868453    19.967617     3.279898     0.582844
      1940.0     0.574618   310.667995   354.652133   630.038774     0.759285   102.893051    42.380973    60.512077    39.961115    40.428123     0.435300   286.516785   280.071226    20.142700     2.726374    -0.301682
      1941.0     1.523814   311.117007   353.776343   630.232150     0.762377   103.491592    43.289669    60.201923    39.638720    39.918675     0.568570   286.449414   280.022308    20.641655     4.246783     0.086580
      1942.0     0.141631   311.476223   353.259389   629.832969     0.625640   103.184655    42.748738    60.435917    40.133346    39.242342     0.571533   286.764812   280.519219    21.161655     4.023350    -0.491823
      1943.0     1.369536   311.695735   353.057745   629.726660     0.639221   104.781753    43.710560    61.071194    39.480096    39.897813     0.573738   286.557632   280.279251    21.640741     4.014391     0.524026
      1944.0     1.665170   311.715680   353.201418   630.202599     0.647242   106.301136    44.753048    61.548088    39.714090    40.558807     0.577520   286.525075   280.169913    22.071896     4.050568     0.368778
      1945.0     1.171495   311.685748   353.716633   630.932950     0.651194   107.270294    45.064637    62.205657    40.373396    40.927111     0.579113   286.565423   280.325860    22.463873     3.622311    -0.176637
      1946.0     0.459187   311.695735   352.876228   631.407797     0.283679   105.326904    44.163628    61.163277    39.950322    40.400389     0.580810   286.357164   279.860664    22.837021     4.603644    -0.024780
      1947.0     1.433866   311.795489   353.034822   631.921362     0.353801   106.277009    44.882358    61.394650    39.889424    40.608311     0.583399   286.318426   279.727042    23.176435     4.115453     0.205322
      1948.0    -0.119669   311.825421   353.169354   632.194371     0.479804   106.385352    44.225604    62.159748    40.703720    40.777769     0.588022   286.639916   280.565038    23.484848     3.313304    -0.198961
      1949.0    -0.001191   311.935192   352.183850   632.494766     0.602414   103.708032    43.147757    60.560276    39.836378    40.578751     0.589378   286.589519   280.283662    23.690161     3.554511     0.441977
      1950.0     2.605135   312.124772   352.415086   632.725459     0.578436   108.703682    46.242119    62.461563    40.415883    40.869968     0.591380   286.482328   280.175837    23.895905     5.140915     0.223391
      1951.0    -0.643359   312.314353   351.587062   633.369401     0.702657   103.368141    42.781770    60.586371    40.175016    40.196525     0.734287   286.593766   280.263463    24.601053     3.413269    -0.622434
      1952.0    -0.088299   312.643606   350.300479   633.081032     0.558243   103.734430    43.311691    60.422738    40.166711    40.219829     0.740218   286.705296   280.559413    25.239069     4.378445     0.341488
      1953.0     1.236924   313.032754   349.587667   632.968129     0.515258   105.933929    44.616145    61.317784    40.369062    40.456263     0.740249   286.600631   280.269693    25.886211     4.872694     0.200104
      1954.0     2.002707   313.391939   349.896800   633.337845     0.448409   106.770468    45.158352    61.612116    39.906866    40.440435     0.741736   286.284321   279.826772    26.445560     4.408784     0.163854
      1955.0     1.884072   313.711235   350.036214   633.921492     0.621462   109.125328    46.175359    62.949969    41.031866    41.670575     0.745750   286.602180   280.244512    26.961691     4.365369     0.055061
      1956.0    -0.005360   314.000599   348.929245   634.258153     0.664136   105.773325    44.276116    61.497210    40.929582    41.060360     0.751899   286.684107   280.425384    27.431892     4.322725    -0.205882
      1957.0     0.740768   314.289933   347.993070   634.555423     0.757498   105.970063    44.678412    61.291651    40.670191    41.314183     0.753411   286.628435   280.336319    27.845507     4.300404     0.346722
      1958.0     0.441489   314.639161   346.492722   634.565313     0.696099   104.874991    44.200409    60.674582    40.564185    40.365544     0.755300   286.546491   280.237132    28.221954     5.335213    -0.208531
      1959.0     1.635846   315.108117   346.310966   635.144025     0.650734   105.339232    44.553697    60.785535    39.877612    40.714817     0.756956   286.332858   279.921306    28.534983     4.020635     0.258493
      1960.0     2.123140   315.916315   345.912484   635.396661     0.502677   106.624159    44.970455    61.653703    40.295585    40.767859     0.762505   286.506068   280.146238    28.807425     4.601079     0.219639
      1961.0     2.020591   316.594796   345.677228   635.604300     0.679719   106.956380    45.306909    61.649471    40.675681    40.884569     0.549395   286.595835   280.300378    28.187275     4.657596     0.001249
      1962.0     0.585937   317.333172   344.592524   635.562663     0.824762   104.534004    43.627738    60.906266    40.775707    40.587894     0.543100   286.899233   280.706385    27.632402     4.124546    -0.146176
      1963.0     2.357298   317.941802   343.924059   635.297326     0.986859   105.743732    44.804705    60.939027    39.949821    40.076566     0.536991   286.720208   280.470334    27.165293     5.396604     0.392082
      1964.0     3.576338   318.620283   344.625160   635.653315     0.824290   109.062995    46.650510    62.412486    40.602473    41.341479     0.532768   286.480062   279.882813    26.795258     4.607929     0.383017
      1965.0     2.018422   319.109215   344.673906   636.054508     0.901057   107.108801    45.342250    61.766551    40.589992    40.698658     0.524935   286.422927   279.995949    26.471075     4.594846    -0.292526
      1966.0     3.789772   320.166857   344.909055   636.292226     0.956696   108.516629    46.135160    62.381469    40.859162    41.036135     0.517819   286.521076   280.186876    26.234198     4.863875    -0.060745
      1967.0     1.210599   320.765529   344.258020   636.689866     1.012307   105.664600    44.363863    61.300737    40.653030    41.313529     0.511749   286.646504   280.397538    26.059486     3.701369     0.262859
      1968.0     1.727732   321.673511   342.998854   636.936364     0.976159   104.501295    43.933153    60.568141    40.306410    40.318333     0.506488   286.571988   280.265216    25.952461     4.873987    -0.234575
      1969.0     3.525837   322.531585   342.627309   636.678172     0.895272   107.649925    46.047295    61.602630    40.426960    40.792589     0.498353   286.471110   280.117979    25.919008     5.626250     0.623821
      1970.0     5.041355   324.058183   343.228638   637.215600     1.163154   109.154993    46.485015    62.669978    41.090577    41.529443     0.492254   286.499697   280.128343    25.979771     4.354243    -0.098562
      1971.0     2.915033   324.676800   343.478170   637.421522     1.038063   110.372663    47.076633    63.296031    41.599268    41.957423     0.470811   286.569499   280.431940    25.999962     4.869678     0.152233
      1972.0     5.812290   326.622479   343.437817   637.821919     1.244074   108.201510    46.060211    62.141299    40.750022    41.294378     0.471593   286.353771   279.922576    26.015802     4.806186     0.143958
      1973.0     6.212211   329.176787   343.546495   638.065073     1.319901   108.593961    45.819110    62.774851    41.346769    41.420173     0.470076   286.684752   280.477130    26.059536     4.290259    -0.169749
      1974.0     3.795972   330.024904   343.346033   637.954378     1.187230   109.187072    46.567813    62.619259    40.863057    41.077531     0.467897   286.542852   280.540017    26.109657     5.690744     0.325169
      1975.0     4.383311   330.094725   344.736971   638.745752     1.211824   113.764682    49.167001    64.597681    41.015641    42.453396     0.467793   286.250062   279.909020    26.100267     5.322667     0.646380
      1976.0     2.508535   330.803169   345.204125   639.790710     1.090441   111.891943    47.169782    64.722160    42.141921    42.621012     0.468319   286.634403   280.479104    26.200323     4.081616    -0.565866
      1977.0     4.828152   332.609144   344.658709   639.934375     1.385279   109.597994    46.245819    63.352175    41.766787    42.007343     0.466001   286.783848   280.709831    26.285810     4.783891     0.096892
      1978.0     6.598748   334.265458   344.918783   639.963740     1.396681   112.486431    48.410348    64.076083    41.645984    41.914244     0.465399   286.598830   280.453591    26.399902     6.236030     0.238895
      1979.0     4.929048   335.851921   345.584312   640.698781     1.459853   110.626517    46.788936    63.837581    41.627426    42.313672     0.464112   286.626451   280.583841    26.520765     3.809735    -0.048794
      1980.0     6.906005   337.947260   345.676099   640.906424     1.655172   112.016521    47.755643    64.260879    41.800691    42.257365     0.464653   286.754773   280.682399    26.610184     5.406490     0.249031
      1981.0     4.431820   339.304222   345.673814   641.072718     1.536829   112.235560    47.779739    64.455821    42.545293    42.492069     0.520468   286.946431   280.542912    26.944658     5.289955    -0.219518
      1982.0     4.033126   339.882950   345.861635   641.396708     1.242237   112.970135    48.588048    64.382087    41.781581    42.790914     0.522892   286.636806   280.245550    27.321648     5.609313     0.685343
      1983.0     7.077854   341.509302   346.817917   642.655845     1.434165   113.849045    49.230422    64.618623    41.703200    42.968560     0.525423   286.357346   279.899930    27.769358     5.305581     0.006223
      1984.0     5.759612   343.245456   346.882498   643.766458     1.409797   112.906273    48.226987    64.679286    42.139943    43.161193     0.529346   286.512067   280.181093    28.227779     5.001211    -0.089363
      1985.0     6.098836   344.692215   346.966310   644.462352     1.279050   114.322907    49.227967    65.094940    42.013932    43.017136     0.529997   286.368145   280.014323    28.592005     6.127019     0.307310
      1986.0     5.049308   346.129017   347.594963   645.452851     1.271833   114.574111    49.014846    65.559265    42.738621    43.765211     0.532507   286.713358   280.548708    28.962511     4.620982     0.036091
      1987.0     5.945004   347.994856   347.551707   645.833364     1.427510   114.214253    48.915023    65.299230    42.745756    43.084169     0.535508   286.832022   280.620579    29.314993     5.874109    -0.042099
      1988.0     6.438265   350.499287   347.396952   646.129262     1.679957   112.807721    47.801689    65.006031    42.855689    42.899445     0.538860   286.943655   280.796867    29.656054     5.056999    -0.252142
      1989.0     5.919653   352.105725   347.359628   645.698170     1.698871   116.280561    49.944608    66.335952    43.593820    43.595417     0.539201   287.200084   281.125674    29.954079     6.386516     0.432689
      1990.0     5.895960   353.283095   348.095920   646.482223     1.765899   116.806746    50.502435    66.304311    43.108407    44.336029     0.541521   286.903592   280.560509    30.185463     5.430114     0.443569
      1991.0     6.219297   354.560249   348.947380   647.350221     1.724931   117.170634    50.721435    66.449199    43.339600    43.877360     0.429831   286.853651   280.434272    29.833393     5.992614    -0.330239
      1992.0     4.013655   355.438298   349.577592   647.815932     1.620016   115.260884    49.087370    66.173514    43.038015    43.759677     0.429187   286.680259   280.336928    29.515654     4.697480     0.255952
      1993.0     5.465943   356.126767   350.315147   648.506455     1.699192   117.210826    50.817483    66.393343    42.797657    43.951127     0.425340   286.593496   280.446243    29.286266     6.128802     0.462946
      1994.0     6.732202   357.453798   351.370024   649.419559     1.818364   118.883934    51.310876    67.573058    43.488300    44.190044     0.422692   286.649032   280.176536    29.089109     6.065954    -0.211360
      1995.0     6.466365   359.439365   352.308161   649.963428     1.947946   118.464490    50.421531    68.042959    44.335018    44.954032     0.420154   287.102546   281.030189    28.971205     4.529362     0.075145
      1996.0     6.565198   361.195464   352.522834   650.289561     1.933427   118.750153    50.840256    67.909897    44.086106    44.880813     0.418534   287.211319   281.217137    28.817997     5.744770     0.468573
      1997.0     6.250468   362.442686   352.663600   650.767312     1.853111   118.273696    50.988265    67.285431    43.638990    43.932635     0.414588   286.972406   280.821420    28.794403     6.914865    -0.184107
      1998.0    11.021053   365.116722   355.310019   651.771873     2.051074   122.919088    53.439637    69.479451    44.409194    45.977293     0.412043   286.742724   280.574880    28.729601     4.815924     0.563539
      1999.0     7.269354   367.022481   356.180441   652.625345     2.004791   120.750214    51.635901    69.114313    44.640457    45.508555     0.410564   287.066638   280.918344    28.754717     5.256924     0.014625
      2000.0     5.935964   368.299635   356.672803   653.096503     1.845098   121.067525    52.149265    68.918260    44.940517    45.402708     0.409213   286.915581   280.730928    28.910536     6.254194    -0.008967
      2001.0     7.063684   369.846208   357.494539   653.885545     1.987015   121.355759    52.240326    69.115433    44.692270    45.147087     0.493073   287.064384   280.989797    29.378801     6.271504    -0.334224
      2002.0     7.015695   372.001381   357.950129   654.219868     2.029301   119.281909    51.129396    68.152513    45.019687    45.383540     0.398859   287.133585   280.702438    29.169598     5.290267     0.029529
      2003.0     7.882370   374.575664   357.978604   654.537684     1.969895   119.516057    51.091103    68.424954    44.570706    45.282357     0.625329   287.141164   281.057562    29.447784     5.780270     0.393836
      2004.0     8.705332   376.152139   359.088791   655.187913     2.253032   124.940032    54.486916    70.453116    45.162776    46.058243     0.657720   287.084381   281.119777    30.366034     7.318487     0.245237
      2005.0     6.450689   378.067885   359.943397   655.780366     2.414039   121.335198    51.707194    69.628003    45.677235    46.220458     0.434247   287.496160   281.528508    30.683750     4.632130    -0.049230
      2006.0     7.306262   380.163224   359.966080   655.663227     2.139018   120.472419    51.611286    68.861133    45.013005    44.936917     0.433647   287.403698   281.376155    30.489925     6.651685     0.041052
      2007.0     9.152106   381.749687   361.811806   656.433455     2.083564   125.364167    54.668179    70.695988    45.086683    46.259153     0.418540   286.992026   280.888275    30.416164     6.563301     0.402241
      2008.0     9.597638   383.884915   364.135252   657.494157     2.069924   126.997468    54.952899    72.044569    45.887581    47.375945     0.477254   287.208468   281.060543    30.406002     5.253508     0.427662
      2009.0     5.519564   385.421501   364.787821   658.238351     2.109964   123.854996    52.698859    71.156137    46.558679    46.485733     0.527328   287.561400   281.714974    30.378674     5.560557    -0.817140
      2010.0     8.471155   387.856080   364.580929   658.492830     2.343376   123.751698    53.261638    70.490060    45.687803    46.532676     1.070137   287.420699   281.510324    32.361305     6.935854     0.590393
      2011.0    10.479287   390.071148   366.693949   659.145122     2.462350   127.822902    55.532692    72.290210    45.985149    47.268106     0.594004   287.145923   281.192653    32.623508     6.151566     0.630666
      2012.0     8.178750   392.146512   367.990674   660.349921     2.464856   127.538394    54.825477    72.712917    47.083675    48.078795     0.559259   287.470264   281.528019    32.787861     5.449958    -0.209679
      2013.0     8.183344   394.840523   367.539158   660.735964     2.494018   125.075362    53.642184    71.433177    46.855127    47.214129     0.992389   287.647225   281.734167    33.837673     6.879571    -0.027042
      2014.0     8.001120   396.666442   367.686293   661.242495     2.260981   125.709727    54.467306    71.242420    45.806866    46.431539     0.801317   287.402999   281.498944    34.731735     7.888632     0.118142
      2015.0    10.914121   399.061133   369.776218   662.078507     2.404201   129.613869    56.733671    72.880199    46.624234    47.873986     0.625375   287.334476   281.210417    34.738914     6.769759     0.413740
      2016.0    11.222279   402.224071   371.494353   663.144216     2.352647   127.432768    55.020942    72.411826    46.513381    47.911661     0.270326   287.482964   281.532170    33.569115     5.391146     0.332571
      2017.0    10.723674   404.848230   373.160241   663.589738     2.488923   129.125899    55.869225    73.256674    46.994810    47.088794     0.265422   287.515233   281.550355    32.505898     7.114542    -0.351537
      2018.0    11.221319   407.681915   375.393447   664.410839     2.643160   128.634555    55.417402    73.217153    46.641949    48.313497     0.262301   287.456640   281.466135    31.462721     4.870699     0.850447
      2019.0    10.023922   410.485667   376.490657   665.284114     2.808343   127.577699    54.800873    72.776826    47.306685    47.606210     0.256536   287.792079   281.839705    30.486776     6.097454    -0.573750
      2020.0     9.626623   413.289420   377.325808   665.083341     2.764597   127.094778    54.610635    72.484142    47.539178    47.364813     0.252463   287.886087   282.174098    29.632421     6.410671     0.026408
      2021.0    11.555192   416.083215   379.514642   665.158317     2.696848   128.770716    55.777808    72.992908    46.794263    47.084962     0.210716   287.509841   281.509800    28.884628     6.504012     0.215724
      2022.0    11.177999   418.767239   381.946735   665.717864     2.634864   130.833844    56.458886    74.374958    47.483120    48.508396     0.201707   287.675951   281.736771    28.277987     5.518396     0.465729
      2023.0    10.110623   421.231751   383.214061   666.531470     2.685407   128.853351    55.559155    73.294196    47.288066    48.243375     0.193459   287.615477   281.733467    27.827677     6.048453     0.141703
      2024.0    10.972962   423.496695   385.307623   667.425120     2.720857   131.617462    57.335313    74.282149    47.623062    48.859980     0.178661   287.514655   281.525848    27.551947     6.381771     0.343267
      2025.0     8.941716   425.572059   387.563864   667.963841     2.514186   131.481498    56.395578    75.085920    48.286863    48.790352     0.161234   288.024834   282.217963    27.419683     5.348985    -0.035232
      2026.0     8.457457   427.477817   388.866669   668.038994     2.675919   130.826612    56.415549    74.411063    48.328248    48.765180     0.338150   288.001161   282.144672    27.897894     6.347564     0.361780
      2027.0    10.746454   429.193996   390.883391   668.655811     2.590657   133.802392    58.579438    75.222954    47.734103    48.422740     0.339652   287.594570   281.705427    28.297602     8.139976     0.071821
      2028.0     9.231831   430.750526   394.715407   669.835692     2.631925   136.698931    58.971610    77.727322    49.165608    50.514357     0.344339   287.836966   282.115088    28.652994     4.625236     0.168868
      2029.0     6.817204   432.137452   395.502419   670.211856     2.609786   132.610248    56.612929    75.997319    48.861409    49.389258     0.346583   287.898322   282.071915    28.972591     6.436659     0.151686
      2030.0     6.586474   433.354742   396.027685   670.911733     2.435374   130.267697    56.092671    74.175026    48.197174    48.259036     0.350660   287.732254   281.768585    29.239046     7.308369    -0.638016
      2031.0     6.967672   434.422371   397.835150   671.341637     2.263158   131.977074    56.941219    75.035855    47.975344    49.048505     0.443917   287.808100   282.035805    29.793863     6.085249     0.643257
      2032.0     8.245063   435.370241   400.384728   671.977055     2.328693   137.325362    59.729144    77.596218    48.935041    49.869324     0.450441   287.839652   282.038900    30.268438     7.310241     0.298865
      2033.0     5.533561   436.208371   402.031757   673.045193     2.329460   135.002148    57.909398    77.092750    49.496881    50.812703     0.460788   288.047186   282.368223    30.688284     5.449666     0.247685
      2034.0     5.195160   436.946747   402.434180   673.602115     2.149084   133.686113    57.791435    75.894677    49.316452    49.795724     0.465842   288.133644   282.409656    31.026068     7.593288    -0.077650
      2035.0     6.752404   437.575321   404.607149   674.163936     2.191379   137.025747    59.605178    77.420569    49.352683    50.158017     0.473033   287.992870   282.205574    31.274178     7.274191     0.243513
      2036.0     6.146119   438.104142   406.811514   674.849599     2.146857   137.187587    59.439877    77.747710    49.566626    50.280520     0.298346   288.141906   282.323159    31.138412     6.954992     0.028231
      2037.0     3.775216   438.533209   407.806986   675.093052     2.102192   135.570487    58.148616    77.421871    50.227044    50.228319     0.302040   288.530495   283.019320    31.032452     6.924826    -0.242178
      2038.0     6.683195   438.862462   410.179908   675.594185     2.065541   139.542874    60.996650    78.546225    49.957489    51.052270     0.302977   288.004754   282.416752    30.931591     7.571458     0.593648
      2039.0     4.680879   439.081975   412.444955   676.457124     2.156664   137.645945    59.163797    78.482148    50.172008    50.836287     0.304042   288.129655   282.563348    30.822529     6.062463    -0.198660
      2040.0     1.725766   439.201703   412.648225   676.864716     2.064856   132.299939    56.004879    76.295060    49.720085    50.213510     0.306556   288.223990   282.514251    30.737265     5.588100     0.085832
      2041.0     4.684981   439.221678   413.014965   677.012366     1.970381   132.810901    57.801335    75.009566    48.377268    49.010621     0.190017   288.024511   282.327753    29.971960     8.423973     0.485703
      2042.0     5.905050   439.161814   415.834101   677.855267     2.044121   137.556563    60.106262    77.450301    49.072685    50.034414     0.184533   287.846072   281.945946    29.333090     7.252711     0.118828
      2043.0     4.883676   439.052043   418.363938   679.072407     1.807602   137.450272    59.722078    77.728194    49.506455    50.683527     0.179592   287.772798   281.927909    28.799612     6.508714    -0.040067
      2044.0     4.760518   438.882407   420.449854   680.219267     1.949169   137.956114    59.941408    78.014706    49.664092    51.523355     0.174515   287.658597   281.857815    28.327101     6.332137     0.712403
      2045.0     2.160386   438.652938   421.561257   681.045286     1.886143   134.605390    57.708679    76.896711    50.049461    50.468946     0.167788   287.960814   282.179561    27.954241     6.128330    -0.406534
      2046.0     2.028015   438.373561   422.330558   680.801702     1.618317   135.066816    58.024148    77.042668    50.066754    49.934769     0.172647   288.233000   282.726837    27.702229     7.320078     0.111599
      2047.0     2.487485   438.034321   424.058479   681.001631     1.715411   134.621586    57.925491    76.696096    49.519383    49.824548     0.168362   288.097230   282.380160    27.450863     6.373022     0.105235
      2048.0     2.007866   437.635185   424.971656   680.884946     1.648338   135.081202    57.963737    77.117465    49.965732    49.739539     0.165322   288.305334   282.646986    27.245056     7.311021    -0.109507
      2049.0     2.536411   437.176216   426.520190   681.165440     1.538187   134.441898    57.962988    76.478911    49.197024    49.746272     0.161393   288.043367   282.349869    27.099648     6.668182     0.268753
      2050.0     2.608229   436.657383   428.382056   681.599892     1.651170   135.251415    58.412526    76.838889    49.334071    50.414246     0.157083   287.892865   281.932583    27.061760     6.136414     0.645723
      2051.0     1.997272   436.078655   429.289877   682.193872     1.608060   134.730402    58.164868    76.565533    49.723756    49.946286     0.166942   288.085352   282.389717    27.130356     7.310762    -0.371450
      2052.0     2.743444   435.480013   431.083632   682.736754     1.621721   136.887216    59.428046    77.459169    49.910717    50.980496     0.167633   287.978073   282.169342    27.207062     6.653796     0.526895
      2053.0     1.332885   434.871352   431.756399   683.269388     1.512816   134.949025    57.880142    77.068883    49.810206    49.879877     0.168648   288.235743   282.796969    27.302130     7.327498    -0.462962
      2054.0     1.201494   434.252735   432.871189   683.467195     1.209858   132.851311    56.956839    75.894472    48.812228    49.202030     0.171345   287.844707   282.088736    27.367733     6.640019     0.191995
      2055.0     4.002129   433.634118   435.209222   684.072366     1.371449   138.410741    60.319982    78.090759    49.565807    50.688808     0.172495   287.822427   282.160889    27.427256     7.293141     0.517829
      2056.0     0.407909   432.995526   436.556882   685.129585     1.087011   134.845741    57.554498    77.291243    49.883775    50.621657     0.202251   287.937006   282.211371    27.441578     5.585181    -0.319337
      2057.0     0.952503   432.356964   437.608501   685.266495     1.035470   136.781300    58.726551    78.054749    50.408395    50.826268     0.201830   288.140949   282.274453    27.440542     6.848665     0.280962
      2058.0     1.386844   431.708415   437.926038   685.572360     0.942158   134.949287    58.389085    76.560202    49.570160    50.249351     0.200452   288.019408   282.260069    27.434542     7.822197     0.373327
      2059.0     1.570238   431.039890   439.684482   686.516026     0.877817   135.600222    58.543689    77.056533    49.381076    50.014297     0.198652   287.900509   282.005925    27.395767     6.770948    -0.310446
      2060.0     0.199351   430.351421   440.775675   686.482872     1.003562   134.903814    57.800528    77.103286    50.138490    50.189180     0.202392   288.134538   282.052750    27.362858     6.520155     0.083843
      2061.0     0.168910   429.662953   440.920515   686.652477     0.998908   133.066875    57.084507    75.982368    49.489636    49.681142     0.251968   288.125046   282.226312    27.476759     7.258525     0.021902
      2062.0     2.154191   428.954539   442.358662   686.974831     1.122400   136.395696    59.377304    77.018392    49.786260    50.484733     0.262536   287.966036   282.066980    27.602312     7.454424     0.376119
      2063.0     0.856340   428.236138   443.493605   687.513077     0.867459   135.507509    58.590460    76.917048    50.022745    50.175414     0.264504   287.876828   282.151398    27.718363     7.280104    -0.385576
      2064.0     2.539124   427.507749   445.748649   688.381682     0.838873   137.914253    60.071235    77.843018    49.637940    51.016483     0.266103   287.511868   281.556101    27.814644     6.799707     0.509938
      2065.0     0.376272   426.779391   446.618307   689.634372     1.027176   133.641290    57.163313    76.477978    49.197471    50.561630     0.263012   287.655351   281.680908    27.890596     5.732024     0.111470
      2066.0    -1.191754   426.031058   445.982599   690.016998     0.923815   131.073527    56.151792    74.921735    49.519927    49.668639     0.281448   287.935724   282.130208    28.031460     7.118862    -0.233914
      2067.0    -0.316783   425.272737   445.411009   690.096144     0.884538   130.833179    56.653071    74.180109    49.224827    49.098996     0.289044   287.896181   281.954748    28.161381     8.125664    -0.204976
      2068.0     0.694173   424.504460   446.723063   690.239362     0.924342   133.588769    57.851539    75.737230    49.412048    49.555532     0.291781   287.828393   282.029322    28.249178     6.983953     0.000266
      2069.0     0.553303   423.726195   447.875491   690.192125     0.763839   133.800056    57.698460    76.101596    49.071442    49.693562     0.293362   287.837168   282.021863    28.299013     6.852470     0.669357
      2070.0     0.555968   422.937942   448.700339   690.883954     0.794351   134.751529    58.436403    76.315125    49.617566    50.347932     0.300264   287.766090   281.923336    28.371929     7.263623     0.038537
      2071.0    -0.656109   422.129744   449.429305   691.577938     0.867939   134.624041    58.003906    76.620135    50.306911    50.611525     0.299050   287.990006   282.247072    28.575989     6.663416    -0.389371
      2072.0     0.474661   421.311560   449.836706   691.431738     0.870516   135.704126    58.877776    76.826351    50.062274    50.478886     0.305063   287.929804   282.106814    28.751369     7.991489     0.562811
      2073.0     0.663003   420.493375   451.166519   691.788791     0.896324   136.288662    59.229267    77.059394    50.356790    50.621714     0.306262   287.860392   281.895192    28.900839     7.277740    -0.092128
      2074.0    -1.453513   419.645258   451.276448   692.281460     0.792291   131.480024    56.199968    75.280056    49.318735    49.747241     0.308770   287.749609   281.853307    29.014349     6.342799    -0.064164
      2075.0    -0.002303   418.797171   451.337061   692.350089     0.775825   134.024125    58.033457    75.990668    49.572500    49.732639     0.310168   287.895955   281.999715    29.105515     8.240205     0.091509
      2076.0    -1.802680   417.939067   451.512664   692.497509     0.789180   131.925663    56.441006    75.484657    49.716483    49.710562     0.314243   288.023279   282.203284    29.033480     6.554842    -0.153341
      2077.0    -0.582062   417.061018   451.061223   692.485370     0.796873   131.209081    56.793480    74.415602    48.969010    49.152146     0.313421   287.823174   281.877731    28.945957     8.092774     0.195275
      2078.0     0.675981   416.173011   452.381873   693.052601     0.690283   134.645079    58.510196    76.134883    49.132217    50.268013     0.313353   287.669892   281.702471    28.836744     6.921534     0.568566
      2079.0     0.499297   415.275018   453.137957   693.629754     0.659311   134.977754    58.932514    76.045240    49.661418    50.320860     0.314381   287.660861   281.715589    28.727484     7.855569     0.082288
      2080.0    -0.559169   414.367036   453.612982   694.485330     0.489568   132.833291    57.603105    75.230187    49.260250    50.055563     0.316244   287.488478   281.494523    28.631580     7.072516    -0.060262
      2081.0    -1.774936   413.439080   453.860483   694.993793     0.572072   132.229782    56.935107    75.294676    49.698310    49.890143     0.246638   287.850503   282.004524    28.334768     6.797462    -0.316630
      2082.0    -1.799172   412.501197   453.371492   694.971063     0.531199   131.624030    56.929301    74.694728    49.573096    49.657378     0.244790   287.801581   281.893877    28.078281     7.760915     0.107012
      2083.0    -1.012229   411.543309   453.947108   695.213696     0.588662   133.028743    57.462297    75.566446    49.553555    50.339409     0.242279   288.025716   282.063790    27.864750     6.547271     0.543222
      2084.0    -1.589116   410.565507   452.911179   695.185847     0.675521   130.002071    56.077363    73.924709    48.953628    48.342104     0.240633   287.900459   281.828718    27.667587     8.771188    -0.583676
      2085.0    -0.586128   409.577686   453.783291   695.086716     0.611394   132.547069    57.580675    74.966394    49.108953    49.039911     0.238670   287.825192   282.059802    27.490103     7.668652     0.030090
      2086.0    -0.137422   408.569951   454.725909   695.577079     0.463901   133.948186    58.506235    75.441951    49.254767    50.483228     0.206564   287.729970   281.904202    27.178961     7.080390     0.738098
      2087.0    -0.932735   407.542242   455.220632   696.124274     0.570183   133.274465    57.839409    75.435056    49.738697    49.891079     0.204519   287.816258   281.893476    26.909052     7.453607    -0.394813
      2088.0    -1.878555   406.494557   455.591109   696.200999     0.609327   133.017145    57.294786    75.722359    49.933595    50.299127     0.203221   288.062254   282.145472    26.668224     6.625181     0.288807
      2089.0    -2.725663   405.436915   454.627438   696.489044     0.343460   128.313724    55.077395    73.236329    48.585830    48.627614     0.199923   287.753407   281.893610    26.446953     7.413452    -0.246261
      2090.0    -0.840274   404.359329   454.574732   696.838093     0.323229   129.287847    56.248418    73.039429    47.890473    48.656391     0.197951   287.374537   281.260105    26.226513     7.644733     0.416869
      2091.0    -1.542266   403.261768   455.381184   697.306803     0.174774   130.464763    56.623458    73.841304    48.601296    48.609055     0.202082   287.569108   281.593965    26.048000     7.207952    -0.460951
      2092.0    -1.996435   402.144262   455.924917   697.470296     0.008512   131.295727    56.818105    74.477621    48.995216    49.628789     0.201930   287.480882   281.431822    25.877041     6.645583     0.470081
      2093.0    -2.853398   401.016768   454.824867   697.867643     0.101831   128.133789    55.331714    72.802075    48.515022    48.752496     0.201772   287.584213   281.490221    25.723581     7.679268    -0.159874
      2094.0    -3.264647   399.869330   454.990734   697.637751    -0.090882   128.921057    55.719369    73.201689    48.890912    48.822446     0.201617   287.644682   281.575243    25.567957     6.731055     0.161425
      2095.0    -1.747400   398.701917   454.776827   697.507510     0.028998   130.963732    57.066674    73.897058    48.960335    48.599960     0.201081   287.618844   281.668773    25.418703     8.680621    -0.230134
      2096.0    -1.920961   397.524547   455.534075   697.868952    -0.089513   131.401515    57.088693    74.312822    48.907833    49.900780     0.217897   287.498414   281.545945    25.357561     6.430665     0.631505
      2097.0    -1.930129   396.327202   456.161229   698.425797     0.114167   132.576465    57.558047    75.018418    49.548388    50.118550     0.218321   287.574010   281.597083    25.299782     6.812344     0.013318
      2098.0    -2.958663   395.109912   455.308294   698.894626     0.304526   128.499447    55.497581    73.001866    48.803632    49.079144     0.221625   287.588726   281.595890    25.229803     7.271373    -0.193318
      2099.0    -2.916572   393.882665   454.387322   698.848949     0.150623   128.519727    55.941375    72.578352    48.938129    48.673385     0.222046   287.737329   281.780360    25.111565     8.188962    -0.219067
      2100.0    -2.419514   392.635443   454.161647   698.913837     0.080287   128.561773    55.920207    72.641565    48.326146    48.609536     0.222890   287.552330   281.583574    25.019146     7.536346     0.218503