        time     emission          CO2         cveg        csoil        fgco2         fgpp         fnpp           ra          frh     fvegsoil         fluc          tas     tas_land        cprod     fcvegout    fcsoilout
      1850.0    -0.782742   284.614249   506.577388  1708.000543    -0.058811    86.193382    39.713748    46.479634    37.565774    35.626287     0.000000   286.833588   281.603939     0.000000     2.088504          0.0
      1851.0    -0.448519   284.464229   507.594252  1706.934703    -0.345696    89.298734    40.770965    48.527769    37.834896    36.769056     0.226044   286.911260   281.596412     0.794901     2.985045          0.0
      1852.0     0.153810   284.384087   507.629023  1706.742511    -0.341080    89.547689    41.565371    47.982318    38.096525    37.904333     0.240591   286.851771   281.554870     1.514271     3.626267          0.0
      1853.0    -0.389937   284.393525   508.057212  1707.233972    -0.311068    88.559528    39.791459    48.768069    36.484223    36.975684     0.253292   286.820777   281.409594     2.157354     2.387587          0.0
      1854.0    -0.804425   284.831096   505.577434  1707.480667    -0.063122    83.846562    38.443911    45.402650    37.170066    37.416762     0.266718   286.908381   281.707688     2.729000     3.506927          0.0
      1855.0     1.905590   284.779863   506.949361  1706.978429    -0.177562    89.933055    42.315164    47.617892    36.771568    36.269330     0.279404   286.538514   280.902575     3.225332     4.673907          0.0
      1856.0    -0.479204   284.853396   506.862554  1707.192486     0.216197    88.077228    40.006931    48.070297    37.577362    37.791419     0.294021   286.905794   281.518088     3.653014     2.302319          0.0
      1857.0     1.158360   285.222945   505.853230  1707.027374     0.473777    86.303391    39.751834    46.551557    36.966313    36.801201     0.305897   286.867875   281.434143     4.011060     3.959958          0.0
      1858.0     0.513397   285.533272   505.917718  1706.882953     0.326518    87.385051    40.131535    47.253516    37.243293    37.098871     0.318913   286.871903   281.443084     4.302410     2.968176          0.0
      1859.0    -0.207473   286.074671   504.742192  1706.541628     0.354407    85.646846    38.994016    46.652830    37.407725    37.066400     0.331503   287.089345   281.850920     4.527318     3.103141          0.0
      1860.0     0.240475   286.049590   504.408251  1706.007250     0.252296    87.172365    40.471501    46.700864    37.155192    36.620814     0.344981   286.856663   281.591101     4.635892     4.184629          0.0
      1861.0     1.088996   286.346629   504.633912  1706.063712     0.145858    87.805120    40.553918    47.251202    37.132182    37.188644     0.234814   286.819327   281.399379     4.392282     3.139613          0.0
      1862.0     0.958954   286.591856   505.011732  1705.905500     0.197834    89.016790    41.190584    47.826206    37.892723    37.734511     0.230095   286.803805   281.388029     4.170469     3.078252          0.0
      1863.0     0.753402   286.845919   505.287792  1705.817486     0.180467    87.616536    40.181303    47.435233    37.171767    37.083753     0.226442   286.886770   281.581292     3.973911     2.821490          0.0
      1864.0    -0.084673   286.934400   504.215884  1705.700405     0.166940    84.999945    39.089242    45.910703    36.743933    36.626852     0.222158   286.944323   281.750122     3.799925     3.534298          0.0
      1865.0     1.420940   286.781384   505.919354  1705.811630     0.338537    89.729148    41.665728    48.063419    36.842389    36.953613     0.217270   286.723087   281.276076     3.649630     3.008645          0.0
      1866.0     0.081715   287.191323   505.538626  1705.835122     0.290402    87.819809    40.072365    47.747443    37.977551    38.001043     0.213704   287.058939   281.833867     3.526656     2.452050          0.0
      1867.0    -0.291574   287.613310   504.605114  1705.220020     0.030190    85.884738    39.487710    46.397029    38.023244    37.408142     0.209233   287.122183   281.903488     3.427220     3.013080          0.0
      1868.0     1.619680   287.861098   504.912981  1705.164631     0.441711    87.054413    40.350114    46.704299    36.664442    36.609053     0.205037   286.801146   281.398034     3.352412     3.433194          0.0
      1869.0    -0.472205   287.934109   504.062556  1705.866171     0.399359    83.939950    38.843719    45.096231    36.700537    37.402076     0.199465   286.927195   281.587248     3.301920     2.292068          0.0
      1870.0     0.693388   288.187706   504.355499  1704.860811     0.165595    87.395761    40.430167    46.965594    37.494962    36.489602     0.196103   287.131085   281.932677     3.309528     3.647623          0.0
      1871.0     0.226364   288.443410   503.652713  1704.643634     0.299331    85.905233    39.734618    46.170615    37.129789    36.912612     0.415457   286.988423   281.805177     4.092388     3.524791          0.0
      1872.0     1.071159   288.427579   503.868044  1704.346345     0.269723    89.256739    41.367629    47.889109    37.122705    36.825416     0.431620   286.847611   281.503789     4.792367     4.326883          0.0
      1873.0     1.063017   288.814559   502.970031  1704.576408     0.531532    87.489120    40.172066    47.317054    37.481165    37.711228     0.447539   286.961974   281.688281     5.411525     3.358851          0.0
      1874.0     1.794758   288.905057   504.172326  1704.240542     0.494152    91.564442    42.033383    49.531059    37.535842    37.199976     0.465132   286.904402   281.739390     5.958426     3.631112          0.0
      1875.0    -0.023191   289.088692   502.961542  1705.411775     0.517977    86.351526    39.121245    47.230281    36.625426    37.796660     0.479200   286.912982   281.717275     6.416024     2.535368          0.0
      1876.0     0.354443   289.466882   501.482982  1705.411532     0.217529    86.364778    39.622350    46.742427    37.110999    37.110756     0.493943   286.863098   281.548225     6.788810     3.990155          0.0
      1877.0     1.083427   289.512004   501.602143  1705.058466     0.464046    90.003190    42.010523    47.992667    38.204127    37.851061     0.510350   287.052838   281.812301     7.099942     4.040300          0.0
      1878.0     1.997627   289.876988   501.879240  1705.049753     0.386177    90.653344    42.005588    48.647756    38.032074    38.023361     0.526222   287.166282   281.913707     7.337177     3.705130          0.0
      1879.0     1.931174   290.383743   501.471623  1705.774518     0.337926    88.801620    41.280358    47.521262    37.295663    38.020428     0.541796   286.791853   281.472706     7.504177     3.667547          0.0
      1880.0    -0.104498   290.427514   501.045997  1706.854122     0.244493    87.487806    40.483525    47.004281    37.308061    38.387665     0.560861   286.580169   281.045709     7.560991     2.521485          0.0
      1881.0     0.072138   290.917408   499.965085  1706.481276     0.187627    87.861628    40.502297    47.359331    38.084944    37.712098     0.455181   287.221871   282.219160     7.433958     3.871111          0.0
      1882.0     2.496501   291.348782   500.342659  1706.154189     0.670547    89.342385    41.386365    47.956020    37.248005    36.920918     0.453366   286.907762   281.560264     7.315000     4.087873          0.0
      1883.0     0.820498   291.222248   500.044890  1706.221138     0.642467    89.296743    41.535109    47.761634    38.076744    38.143693     0.450471   286.909426   281.722611     7.200147     3.689185          0.0
      1884.0     2.004227   291.359445   500.589450  1706.780598     0.575762    89.979321    41.819379    48.159943    37.178815    37.738275     0.449191   286.711829   281.335505     7.097073     3.536544          0.0
      1885.0     1.447189   291.369958   501.045399  1707.570754     0.065652    90.134571    41.646866    48.487706    36.863455    37.653611     0.444833   286.597392   281.090036     7.002642     3.537305          0.0
      1886.0     0.567989   291.723493   500.603500  1708.172825     0.351217    87.715196    39.536187    48.179009    36.673297    37.275368     0.441888   286.714829   281.272997     6.915491     2.702718          0.0
      1887.0     2.648814   292.158872   499.560658  1709.128828     0.587405    88.449755    41.433870    47.015885    37.050471    38.006474     0.439193   286.591453   280.967595     6.837116     4.470239          0.0
      1888.0     2.127767   292.499734   499.848282  1709.472020     0.451623    90.313676    42.071382    48.242294    37.817186    38.160378     0.438176   286.692230   281.391384     6.772595     3.623380          0.0
      1889.0     3.215384   292.907621   501.175519  1710.204757     0.034437    91.929195    42.498315    49.430880    36.770763    37.503500     0.434760   286.380610   280.864622     6.720359     3.667578          0.0
      1890.0     1.336444   293.068813   500.685560  1712.210972     0.208393    90.033142    41.415524    48.617618    37.322302    39.328516     0.431388   286.511492   281.026610     6.690867     2.576967          0.0
      1891.0     0.779902   293.408346   499.708776  1712.938185    -0.332855    90.033846    41.227947    48.805900    37.742704    38.469917     0.534302   286.650179   281.216234     6.972440     3.734814          0.0
      1892.0     1.867665   293.911318   499.144013  1713.926149     0.272765    88.068764    40.596575    47.472189    36.699278    37.687243     0.544188   286.586134   281.123627     7.224054     3.474096          0.0
      1893.0     1.120643   294.449237   498.354541  1714.028060     0.156777    89.463768    41.111863    48.351905    38.158641    38.260552     0.551663   286.982769   281.726548     7.441933     3.640783          0.0
      1894.0     0.837757   294.810786   498.429530  1714.060639     0.440267    89.303980    40.466423    48.837557    37.704176    37.736755     0.561346   287.001265   281.717789     7.627993     2.654679          0.0
      1895.0     2.898508   294.941623   498.988511  1714.447474     0.514036    92.880353    43.209907    49.670446    37.813259    38.200095     0.568549   286.731791   281.194012     7.773335     4.450830          0.0
      1896.0     1.312727   295.411535   498.049984  1715.646878     0.539847    89.376285    41.225140    48.151145    38.191804    39.391208     0.581186   286.909668   281.405327     7.890664     2.772459          0.0
      1897.0     2.671323   296.200772   497.304790  1716.414332     0.757512    89.186790    41.339272    47.847518    37.510069    38.277523     0.588658   286.807602   281.347498     7.970518     3.806943          0.0
      1898.0     3.073274   296.313422   498.149737  1716.418990     0.689854    94.119419    43.741337    50.378082    38.051213    38.055871     0.601749   286.727613   281.394682     8.022437     4.840519          0.0
      1899.0     1.961793   296.544725   498.240709  1717.415602     0.520371    91.350002    41.615198    49.734804    37.470899    38.467510     0.611200   286.673881   281.212467     8.049715     3.056715          0.0
      1900.0     1.962791   296.945596   497.600492  1718.863056     0.523390    90.103413    41.225365    48.878048    37.249095    38.696550     0.620113   286.666379   281.073453     8.027164     3.169032          0.0
      1901.0     2.977165   297.285289   498.123930  1718.810656     0.395441    95.134517    44.142588    50.991929    39.126789    39.074389     0.554050   286.828959   281.597336     7.915037     4.544761          0.0
      1902.0     2.118314   297.307080   499.708664  1719.631217     0.249980    96.241085    43.972982    52.268103    38.794030    39.614591     0.557128   286.628310   281.245080     7.810063     2.773656          0.0
      1903.0     1.538769   297.783836   498.510914  1721.224834     0.792087    91.675168    41.603741    50.071427    38.385653    39.979270     0.560117   286.731168   281.356225     7.712361     2.822221          0.0
      1904.0     0.848598   298.138281   497.769559  1721.187652     0.114776    93.215923    42.656178    50.559746    39.017456    38.980274     0.561365   286.677875   281.400112     7.616526     4.417258          0.0
      1905.0     3.246792   298.368923   498.231335  1722.312368     0.159677    93.613317    44.050420    49.562898    37.738610    38.863326     0.560995   286.240859   280.590403     7.534133     4.725318          0.0
      1906.0     1.866939   298.480177   498.512374  1723.686178     0.082836    93.138657    42.740960    50.397697    37.905746    39.279555     0.563881   286.545253   280.974687     7.460174     3.180365          0.0
      1907.0     0.389130   299.024762   497.333860  1724.769701     0.372567    88.709785    39.713130    48.996654    37.579716    38.663239     0.564355   286.783008   281.465104     7.392102     2.228405          0.0
      1908.0     1.637957   299.552387   496.286532  1725.344151     0.455529    88.185750    40.433121    47.752629    37.297925    37.872375     0.566637   286.652680   281.179444     7.339880     3.608074          0.0
      1909.0     2.744778   300.171886   496.645083  1725.947202     0.357620    91.836338    42.652565    49.183773    38.067910    38.670961     0.562346   286.721139   281.282699     7.291135     3.623053          0.0
      1910.0     3.999734   300.815678   496.059549  1727.390545     0.541421    90.274779    42.426289    47.848490    37.240656    38.684000     0.560447   286.484405   280.881554     7.255718     4.327823          0.0
      1911.0     2.465124   301.159999   497.229617  1728.400410     0.204008    93.198778    42.874889    50.323889    38.094807    39.104672     0.415875   286.633208   281.009111     7.146743     2.600149          0.0
      1912.0     2.995507   301.625754   497.176591  1729.830606     0.895221    91.263249    41.816515    49.446734    37.458127    38.888323     0.414436   286.611355   281.144822     7.056025     2.981218          0.0
      1913.0     3.543265   302.424821   496.763966  1731.016108     0.768006    90.794530    42.204889    48.589641    38.079656    39.265158     0.411846   286.556855   281.030986     6.978031     3.352356          0.0
      1914.0     3.475743   302.941689   497.860007  1731.900060     0.658568    92.302830    42.506459    49.796371    37.420801    38.304754     0.408440   286.453404   280.878981     6.903286     3.105664          0.0
      1915.0     3.359548   303.365435   498.326957  1733.098396     0.802019    91.984877    41.931961    50.052916    37.458437    38.656773     0.405474   286.657171   281.204729     6.834671     2.808237          0.0
      1916.0     2.247561   304.037823   497.871628  1734.794789     0.640228    89.904508    41.151823    48.752685    37.523858    39.220251     0.402006   286.544469   280.997248     6.768478     2.386901          0.0
      1917.0     3.052562   304.824793   497.470388  1735.304663     0.548516    90.349213    42.159881    48.189332    38.311525    38.821398     0.401330   286.581144   281.114896     6.716946     3.739722          0.0
      1918.0     4.394011   305.473161   498.428495  1736.166710     0.734373    92.542005    42.942089    49.599916    37.605728    38.467775     0.399626   286.563975   281.046676     6.682236     3.516208          0.0
      1919.0     1.407559   305.781390   498.995535  1737.713261     0.901981    89.894368    40.305120    49.589247    37.091945    38.638496     0.402492   286.594790   281.008293     6.677542     1.099584          0.0
      1920.0     3.518001   306.720304   497.136209  1738.694289     0.710397    88.713608    41.560906    47.152702    37.975080    38.956108     0.400792   286.709895   281.173629     6.703325     4.464124          0.0
      1921.0     3.659431   307.130630   498.162864  1739.118843     0.714403    92.475624    43.109411    49.366213    38.017143    38.441697     0.498670   286.507595   281.032573     6.899375     3.641059          0.0
      1922.0     3.029729   307.063306   499.401189  1740.104210     0.583132    95.435014    44.173801    51.261213    38.556887    39.542254     0.512872   286.413436   280.853830     7.073152     3.393224          0.0
      1923.0     2.698639   307.060415   501.179582  1741.204013     0.507671    97.614749    44.247363    53.367385    38.890113    39.989916     0.525492   286.586422   281.163706     7.215012     2.479054          0.0
      1924.0     2.625494   307.270067   501.299556  1743.013906     0.347318    96.120890    43.762533    52.358357    38.493001    40.302894     0.544639   286.438126   281.023384     7.344136     3.339666          0.0
      1925.0     2.054085   307.496234   500.258112  1744.662188     0.284447    93.123380    42.808183    50.315198    38.360528    40.008810     0.553453   286.545738   281.181575     7.434081     3.840816          0.0
      1926.0     1.983414   307.516758   500.880035  1746.328252     0.328987    94.794423    43.488788    51.305635    38.379479    40.045544     0.568276   286.520180   280.932613     7.498640     2.821321          0.0
      1927.0     1.126080   308.013973   498.446468  1748.342091     0.530728    88.061191    40.852424    47.208767    38.140575    40.154414     0.587636   286.607713   280.969526     7.550637     3.131577          0.0
      1928.0     1.750386   308.186186   498.206087  1748.933202     0.627621    90.069163    41.671182    48.397981    37.650870    38.241981     0.604843   286.631579   281.193206     7.586139     3.669583          0.0
      1929.0     2.217020   308.096511   498.182360  1750.230744     0.411448    89.342574    41.650422    47.692152    36.471884    37.769426     0.621485   286.298319   280.414998     7.615255     3.904723          0.0
      1930.0     1.726397   308.258350   498.242761  1751.583572     0.587332    92.389075    42.364922    50.024153    38.241500    39.594328     0.637193   286.677286   281.037346     7.633216     2.710193          0.0
      1931.0     2.522941   308.276847   497.756154  1752.778335     0.597752    92.929241    43.021387    49.907854    38.179589    39.374352     0.694607   286.647247   281.080970     7.902004     4.133642          0.0
      1932.0     1.112034   308.499865   496.996140  1754.483715     0.537826    91.745448    42.275067    49.470380    38.748110    40.453490     0.711829   286.625303   281.034505     8.156863     2.581591          0.0
      1933.0     3.004981   308.758851   496.226527  1755.898230     0.895550    91.201836    42.884366    48.317471    37.922707    39.337222     0.730129   286.385286   280.882142     8.395361     4.316757          0.0
      1934.0     1.482178   308.563370   496.374585  1757.413595     0.448696    91.208961    42.062351    49.146610    37.263038    38.778403     0.740159   286.268628   280.546246     8.594327     3.135890          0.0
      1935.0     0.350962   308.902801   494.877939  1758.954512     0.500104    88.489554    40.343406    48.146148    37.866690    39.407606     0.754145   286.524125   281.014317     8.766870     2.432446          0.0
      1936.0     3.418048   309.974600   492.596184  1760.158076     0.673930    88.024651    41.082578    46.942074    37.406896    38.610460     0.764653   286.413966   280.832708     8.905289     4.753873          0.0
      1937.0     3.434114   310.362386   493.035820  1761.146625     0.778273    92.624430    43.388348    49.236082    38.095930    39.084480     0.772748   286.330286   280.765864     9.019820     3.864232          0.0
      1938.0     2.315315   310.685324   494.157577  1761.361271     0.756789    96.817548    43.775813    53.041735    39.066025    39.280671     0.788980   286.628526   281.357048     9.113591     3.373386          0.0
      1939.0     3.633674   311.308796   493.553710  1762.933236     0.618941    95.433844    43.660251    51.773593    38.404210    39.976175     0.802038   286.382362   280.834143     9.186989     4.287943          0.0
      1940.0     2.018909   311.998996   492.546160  1764.441304     0.354013    92.592518    42.475788    50.116730    38.759698    40.267766     0.816641   286.598152   281.158215     9.233555     3.215572          0.0
      1941.0     2.790100   312.526858   492.930082  1765.421931     0.548963    94.610315    43.507730    51.102584    38.815601    39.796228     0.725395   286.582772   280.989309     9.209195     3.327580          0.0
      1942.0     2.422588   313.150239   492.729830  1766.107977     0.405938    93.563912    43.029028    50.534883    38.726293    39.412339     0.734102   286.571076   281.104059     9.167595     3.816941          0.0
      1943.0     1.803925   313.224559   493.356053  1767.437213     0.635485    93.894182    42.642170    51.252012    38.010243    39.339479     0.751029   286.310058   280.575507     9.129651     2.676468          0.0
      1944.0     1.560179   313.487332   492.295472  1768.570851     0.621614    93.004207    42.706214    50.297992    38.913351    40.046989     0.774696   286.504047   280.924558     9.117627     3.719806          0.0
      1945.0     3.956259   313.679663   493.714347  1769.487121     0.483887    98.687145    45.490396    53.196750    38.912194    39.828464     0.790253   286.483337   280.851727     9.121327     4.243058          0.0
      1946.0     1.540743   313.524070   493.908695  1771.206046     0.405033    96.578829    43.820889    52.757940    38.632751    40.351676     0.810553   286.456935   280.852461     9.144830     3.274864          0.0
      1947.0    -0.683240   313.371493   492.508963  1773.272161     0.456209    91.701638    41.174565    50.527073    38.593476    40.659591     0.837856   286.597385   280.973085     9.186726     1.914706          0.0
      1948.0     1.006397   313.472294   490.547699  1774.676909     0.583067    90.642742    42.380721    48.262021    38.513440    39.918188     0.864121   286.513116   281.006251     9.238380     4.423798          0.0
      1949.0     2.025162   313.457522   490.957556  1775.697189     0.741718    92.956256    43.063738    49.892518    38.099306    39.119586     0.881840   286.372847   280.762887     9.298409     3.534294          0.0
      1950.0     3.275472   313.688472   491.248790  1776.507673     0.658456    96.607902    45.146230    51.461672    39.503716    40.314199     0.912278   286.408481   280.669719     9.401966     4.540797          0.0
      1951.0     2.333792   313.721531   490.967148  1778.183990     0.648505    95.946201    43.998396    51.947805    38.957665    40.633982     1.047379   286.368504   280.653256    10.031993     3.646056          0.0
      1952.0    -0.608189   313.999547   489.753094  1780.099936     0.353495    91.407761    40.637612    50.770149    38.082893    39.998839     1.105722   286.412280   280.943568    10.620124     1.852827          0.0
      1953.0     3.354486   314.582131   488.389087  1781.165715     0.606704    92.614714    42.919705    49.695009    37.771572    38.837351     1.148913   286.552938   281.075016    11.112296     5.446361          0.0
      1954.0     1.289516   314.765633   487.594910  1782.847224     0.701218    92.515329    42.521775    49.993554    38.480859    40.162368     1.189331   286.419173   280.822794    11.516482     3.153584          0.0
      1955.0     1.966428   315.326575   486.265481  1783.570185     0.863582    92.723209    42.936667    49.786542    39.148261    39.871222     1.236638   286.677752   281.124715    11.842554     4.394873          0.0
      1956.0     3.578696   315.456959   487.443180  1784.626270     0.552125    98.722383    45.837047    52.885335    38.748894    39.804979     1.294295   286.297055   280.622946    12.113330     4.854370          0.0
      1957.0     2.004497   315.768102   486.397783  1786.969515     0.812863    95.163858    43.711449    51.452409    38.924727    41.267971     1.328585   286.387244   280.654408    12.324311     3.488876          0.0
      1958.0     0.914039   316.020998   484.289006  1789.141262     0.618492    91.408770    41.705709    49.703061    38.052658    40.224406     1.357668   286.478878   280.902364    12.455911     3.590080          0.0
      1959.0     2.121229   316.473320   482.385632  1790.596028     0.958250    91.696533    42.800500    48.896033    38.431266    39.886032     1.381098   286.374611   280.711874    12.501480     4.817843          0.0
      1960.0     1.724613   316.953349   481.555911  1791.630646     0.477326    93.245574    42.921526    50.324048    38.655800    39.690418     1.402823   286.503277   280.885874    12.451567     4.060828          0.0
      1961.0     2.790969   317.434313   481.169089  1793.424549     0.568125    92.915923    42.844827    50.071096    38.152208    39.946111     0.825597   286.448902   280.798485    11.799489     3.285538          0.0
      1962.0     1.862259   318.174948   480.234418  1795.106984     0.897280    90.331882    41.372059    48.959823    38.304918    39.987353     0.805841   286.507828   281.072306    11.174584     2.319377          0.0
      1963.0     5.093120   318.700563   481.722418  1795.596508     0.571210    99.292897    46.901552    52.391345    39.682890    40.172414     0.790085   286.245151   280.547581    10.592458     5.241139          0.0
      1964.0     3.445986   319.112904   482.235517  1797.665955     0.679831    97.673480    44.880746    52.792734    39.248058    41.317506     0.773633   286.282196   280.638299    10.049073     3.050141          0.0
      1965.0     2.311716   319.904183   481.216242  1799.991878     0.822753    93.808785    42.737718    51.071067    39.151185    41.477107     0.752546   286.417064   280.922768     9.557028     2.279886          0.0
      1966.0     4.794933   320.866287   480.244649  1801.012735     0.897929    95.210523    44.287950    50.922572    39.470298    40.491154     0.726870   286.464383   280.843575     9.108130     4.768390          0.0
      1967.0     0.214037   321.064790   480.515919  1802.348722     0.721373    92.055193    40.925614    51.129578    38.319398    39.655385     0.707473   286.615642   281.182259     8.729997     0.998959          0.0
      1968.0     5.165012   322.142455   479.660552  1803.744974     0.893927    95.162819    44.745766    50.417053    39.379294    40.775547     0.683451   286.489805   280.832117     8.409764     4.825586          0.0
      1969.0     3.443387   322.905210   479.481027  1804.885751     1.120960    94.064926    43.367002    50.697924    39.420466    40.561242     0.651236   286.698283   281.161553     8.150412     2.985285          0.0
      1970.0     6.779872   324.212914   479.897712  1806.102660     1.211477    97.697783    45.782791    51.914992    39.815736    41.032645     0.620038   286.456617   280.803599     8.040391     4.333461          0.0
      1971.0     4.026214   324.682216   481.286016  1807.777374     1.153450    98.410620    45.192790    53.217830    39.923291    41.598004     0.550004   286.550342   280.962131     8.030178     2.206481          0.0
      1972.0     5.910363   325.900116   480.671654  1809.833099     1.068507    96.546367    44.706992    51.839375    39.520882    41.576607     0.556921   286.458037   280.706925     8.029213     3.744748          0.0
      1973.0     7.621170   327.962607   481.566652  1811.707160     1.527724    98.740723    45.250541    53.490183    40.034794    41.908855     0.555453   286.538294   280.882926     8.024385     2.446687          0.0
      1974.0     5.860406   329.016886   482.100832  1813.407999     1.477669    99.304470    46.241374    53.063096    40.407145    42.107984     0.554410   286.592310   281.172368     8.019000     3.599210          0.0
      1975.0     5.707758   329.813876   482.303638  1815.294351     1.398383    99.009408    46.020544    52.988864    39.946759    41.833110     0.552820   286.456755   280.901114     8.012220     3.984628          0.0
      1976.0     5.632383   330.563325   483.139287  1817.372255     1.285980   101.262765    46.620524    54.642242    40.282932    42.360836     0.556131   286.326866   280.383914     7.998713     3.424039          0.0
      1977.0     6.623735   332.409801   481.559786  1819.772056     1.565427    96.188367    44.636694    51.551673    40.664912    43.064713     0.555870   286.626040   280.864884     7.977177     3.151482          0.0
      1978.0     7.388251   333.903963   482.849937  1821.397633     1.642250   100.116735    46.451381    53.665353    40.440958    42.066535     0.552433   286.600593   281.013390     7.952229     3.094696          0.0
      1979.0     6.173039   335.614110   482.013418  1823.598931     1.702210    95.431824    44.261213    51.170612    39.837912    42.039210     0.548629   286.669125   281.308710     7.916046     3.058521          0.0
      1980.0     8.676353   337.234537   483.209769  1824.925169     1.414153   101.268046    47.911119    53.356927    40.957316    42.283554     0.549804   286.523360   280.826623     7.870648     4.431213          0.0
      1981.0     5.707816   338.252655   484.807360  1826.248173     1.483462   101.753584    45.937423    55.816161    40.410864    41.733867     0.721164   286.694552   281.343610     8.450720     2.605966          0.0
      1982.0     3.846102   339.468697   483.543891  1828.198382     1.058198    96.478700    43.661664    52.817037    40.120563    42.070772     0.740496   286.690380   281.358990     8.958283     2.854361          0.0
      1983.0     7.061168   341.155634   483.899934  1829.207982     1.224958   100.706040    46.187751    54.518289    40.595215    41.604815     0.760806   286.621688   281.072126     9.395437     4.226892          0.0
      1984.0     6.814925   342.930209   483.401509  1831.770609     1.530283    98.797226    45.562381    53.234846    40.425759    42.988386     0.779753   286.664305   281.199256     9.756535     3.072420          0.0
      1985.0     7.451222   344.332749   484.293184  1833.147200     1.380034   102.679203    48.014348    54.664855    41.221379    42.597971     0.793892   286.642334   281.032248    10.043464     4.524703          0.0
      1986.0     5.511240   345.905604   484.144173  1834.962580     1.610183   100.167748    45.511640    54.656108    41.686199    43.501579     0.810744   287.065440   281.726585    10.269977     2.159073          0.0
      1987.0     9.180670   348.084423   483.434934  1837.059132     1.808854   100.251148    46.900973    53.350175    40.919300    43.015852     0.822230   286.765762   281.196210    10.423346     4.594360          0.0
      1988.0     9.225120   349.776936   486.221883  1838.007688     1.655402   107.781032    49.990001    57.791031    42.317492    43.266049     0.833496   286.779732   281.262891    10.517992     3.937003          0.0
      1989.0     5.732599   351.519529   485.663556  1840.423609     1.911115   100.175730    45.043274    55.132456    40.987204    43.403125     0.844016   286.906984   281.540390    10.546165     2.198477          0.0
      1990.0     6.197072   353.413527   484.763016  1840.993905     2.045821    99.024119    45.043664    53.980456    41.161264    41.731559     0.860756   286.930106   281.744477    10.488605     4.212644          0.0
      1991.0     8.090308   354.757923   486.625819  1841.787165     1.676601   104.168260    48.639729    55.528531    41.849170    42.642431     0.601695   286.786574   281.351126     9.920672     4.134496          0.0
      1992.0     6.125192   355.982765   488.243944  1843.752153     1.760167   104.671842    47.624905    57.046937    42.151998    44.116987     0.594460   286.938329   281.552239     9.388124     1.889794          0.0
      1993.0     7.688972   357.399539   488.758349  1845.151004     1.785936   103.349235    47.954688    55.394547    41.778992    43.177842     0.579032   286.809814   281.430333     8.885958     4.262440          0.0
      1994.0     8.059949   358.938835   490.262541  1847.709192     1.925875   103.388023    48.068583    55.319440    41.819071    44.377259     0.567542   286.849384   281.337404     8.421315     2.187133          0.0
      1995.0     7.130605   360.571102   491.700400  1849.425755     1.913991   105.438475    47.800232    57.638243    42.035557    43.752121     0.554391   286.935085   281.508103     7.995126     2.610252          0.0
      1996.0     7.822639   362.065704   491.847054  1851.274190     1.967537   103.688099    48.009525    55.678574    41.976643    43.825077     0.542751   286.858586   281.326618     7.614015     4.037794          0.0
      1997.0     6.178474   363.532836   492.427352  1852.864557     1.813161   101.868258    46.687230    55.181029    42.172784    43.763151     0.528234   287.127666   281.828976     7.281491     2.343781          0.0
      1998.0     9.993441   365.527713   494.091381  1854.276196     2.196630   104.561302    49.019672    55.541629    42.576028    43.987667     0.509817   287.039574   281.642834     6.991892     3.367976          0.0
      1999.0     9.269863   367.548355   495.561375  1855.950286     2.074724   105.734497    49.069913    56.664585    43.167364    44.841454     0.499794   287.217441   281.990124     6.760813     2.758465          0.0
      2000.0     8.359327   369.104996   497.559385  1857.860750     2.270238   107.026250    49.237138    57.789112    43.256262    45.166726     0.501743   287.135814   281.767169     6.667063     2.072402          0.0
      2001.0     7.069755   370.921699   497.044321  1859.674189     2.103099   101.907324    47.165488    54.741836    42.987540    44.800979     0.812246   287.294896   282.175941     7.250763     2.879573          0.0
      2002.0     9.434039   372.721555   500.623954  1860.433470     1.828585   108.165667    49.838627    58.327040    42.510841    43.270122     0.465630   287.063587   281.629098     7.046343     2.988871          0.0
      2003.0     9.170547   374.790062   503.620609  1861.349509     2.203817   110.413022    49.872240    60.540782    43.791314    44.707353     0.608264   287.384178   282.158452     7.244799     2.168233          0.0
      2004.0     8.268734   376.704312   503.148790  1863.365687     2.145718   106.664535    48.570907    58.093628    43.211063    45.227242     1.030461   287.469116   282.245610     8.293737     3.815484          0.0
      2005.0     9.180743   378.742774   506.165460  1864.548501     2.277477   110.460291    50.307505    60.152786    44.052489    45.235302     0.859380   287.414755   282.216534     8.514720     2.055533          0.0
      2006.0     9.040792   380.819108   508.030669  1865.812517     1.949898   110.452320    50.227499    60.224820    43.952389    45.216406     0.616127   287.341388   282.078934     8.323676     3.145885          0.0
      2007.0     9.601340   382.490312   511.885604  1866.456114     2.135715   116.445735    53.226230    63.219505    45.511774    46.155371     0.709898   287.442252   282.240742     8.422912     3.215924          0.0
      2008.0     8.019773   384.513200   513.082095  1868.145342     2.049068   112.423490    50.224924    62.198566    44.963249    46.652478     0.738875   287.563896   282.277389     8.485008     2.375955          0.0
      2009.0     7.865451   386.071123   514.931262  1869.402939     1.661807   113.810800    51.381716    62.429084    44.747825    46.005422     0.704450   287.444194   282.213426     8.486713     3.527127          0.0
      2010.0     7.378439   388.129097   515.076886  1871.831823     2.113061   108.281420    48.467093    59.814327    42.805219    45.234103     1.776663   287.441920   282.143033     9.949637     3.087366          0.0
      2011.0     7.552553   390.283157   516.224375  1872.652257     2.050694   108.520515    48.672289    59.848226    43.958291    44.778725     0.889942   287.613380   282.558612    10.532228     2.746075          0.0
      2012.0    10.359806   392.515620   517.462057  1873.393720     2.232730   113.122678    51.588699    61.533979    44.628453    45.369915     1.014517   287.550540   282.361015    10.512411     4.981103          0.0
      2013.0     9.537696   394.537140   520.670495  1875.039081     2.310750   113.920749    51.374813    62.545936    44.030118    45.675479     1.061328   287.494291   282.148232    10.546523     2.490895          0.0
      2014.0     7.144173   396.476397   520.436750  1876.685015     2.301495   110.993230    49.468916    61.524314    44.447299    46.093233     1.303255   287.656749   282.396325    10.868293     3.609428          0.0
      2015.0     9.905338   398.908264   522.247617  1877.917820     2.261174   113.518362    50.820503    62.697859    44.144242    45.377047     0.813962   287.637923   282.444052    10.438088     3.632589          0.0
      2016.0     9.720311   401.800941   522.256010  1879.721927     2.434342   108.479473    48.671997    59.807476    43.895829    45.699936     0.702687   287.676193   282.557723    10.091918     2.963667          0.0
      2017.0    12.201006   404.555705   523.840773  1880.722252     2.631995   111.741233    51.272640    60.468593    44.198714    45.199040     0.699808   287.805392   282.805122     9.751552     4.488837          0.0
      2018.0    11.880570   407.242758   526.165883  1882.556953     2.417291   113.226177    51.413625    61.812552    44.096728    45.931428     0.716366   287.636772   282.265765     9.523291     3.157088          0.0
      2019.0     9.673544   409.908285   527.600686  1884.173741     2.673646   112.724245    49.639746    63.084499    44.520241    46.137028     0.727213   287.831202   282.875401     9.176056     2.067914          0.0
      2020.0    13.276276   412.628569   529.550028  1885.684640     2.786857   117.134269    53.305822    63.828447    44.958776    46.469675     0.677789   287.596071   282.470971     9.124302     4.886806          0.0
      2021.0    11.990796   415.381995   531.589426  1887.879703     2.896128   117.529405    52.848647    64.680758    45.817738    48.012801     0.597356   287.832433   282.747636     8.942808     2.796448          0.0
      2022.0    11.435228   418.579964   532.575078  1889.156621     3.034704   115.631300    50.948256    64.683043    45.909051    47.185969     0.589773   287.959914   283.038462     8.782651     2.776636          0.0
      2023.0    13.611269   421.634102   534.132703  1890.794304     2.897931   114.978626    51.570016    63.408610    44.022219    45.659902     0.574121   287.588708   282.396474     8.644120     4.352488          0.0
      2024.0    10.139040   424.458750   534.903478  1893.232307     2.912532   112.212538    49.460297    62.752241    44.693774    47.131778     0.542606   288.016723   283.017881     8.610148     1.557745          0.0
      2025.0    12.188041   427.482801   535.669699  1894.553526     2.991623   114.450466    51.954265    62.496201    45.709816    47.031034     0.556028   288.078497   283.111020     8.642930     4.157009          0.0
      2026.0    12.542017   430.674235   536.639421  1895.959345     3.233444   112.787535    51.096318    61.691217    45.311114    46.716933     0.547326   288.193456   283.370309     8.616367     3.409664          0.0
      2027.0    13.553518   433.750188   538.822039  1897.206365     2.919524   116.307592    52.864456    63.443137    45.601094    46.848114     0.542348   288.143395   283.163747     8.594187     3.833724          0.0
      2028.0    12.435585   436.972113   541.637397  1898.762608     3.241851   118.697701    52.236704    66.460997    45.994885    47.551128     0.537031   288.081001   283.055486     8.543987     1.870218          0.0
      2029.0    12.094204   439.847040   541.728285  1900.702319     3.270574   114.068209    50.994145    63.074064    45.238939    47.178649     0.531757   288.019017   282.809956     8.501649     3.724608          0.0
      2030.0    13.158407   442.862850   544.474362  1901.099979     3.227484   120.077907    53.406151    66.671756    46.965408    47.363068     0.542478   288.247587   283.346987     8.545337     3.297006          0.0
      2031.0    13.885612   445.877200   547.049694  1902.445797     2.970581   121.128686    54.593268    66.535417    47.025598    48.371416     0.462752   288.111813   283.167537     8.317210     3.646521          0.0
      2032.0    14.408832   448.957242   550.362365  1904.270569     3.120554   123.627681    54.836264    68.791416    46.870534    48.695305     0.458846   287.990173   282.891710     8.095169     2.828287          0.0
      2033.0    12.453312   451.917118   552.363594  1906.306771     2.874311   121.510401    53.131838    68.378563    46.524313    48.560516     0.460467   288.142352   283.060147     7.904637     2.570094          0.0
      2034.0    12.374438   455.135595   554.441207  1907.623448     3.170841   119.896679    52.092889    67.803790    46.174565    47.491242     0.454729   288.172520   283.459044     7.718819     2.524034          0.0
      2035.0    14.109382   458.235881   556.579917  1909.103825     3.003780   122.440345    54.657182    67.783163    46.761534    48.241911     0.454427   287.975538   282.986042     7.587954     4.276561          0.0
      2036.0    13.301302   461.283746   559.056870  1910.780779     3.408728   123.912769    54.533878    69.378890    47.867532    49.544486     0.456957   288.363048   283.395239     7.450635     2.512439          0.0
      2037.0    12.716091   464.702212   559.915091  1912.256500     3.496742   120.143828    52.488086    67.655742    46.998523    48.474243     0.448381   288.422391   283.488098     7.325620     3.155622          0.0
      2038.0    15.224587   467.921872   562.805921  1913.411437     3.181179   124.864956    55.225620    69.639336    46.383469    47.538406     0.440633   288.226008   283.402162     7.216336     4.796384          0.0
      2039.0    13.401366   471.033064   564.988320  1915.806868     3.143062   123.278193    53.786767    69.491426    46.674758    49.070189     0.443645   288.182402   283.180753     7.116657     2.534180          0.0
      2040.0    12.900083   474.087720   566.686318  1917.787754     2.991826   124.090558    54.591572    69.498985    47.743757    49.724643     0.447389   288.340955   283.307667     7.059912     3.168931          0.0
      2041.0    12.154138   476.996443   569.641642  1918.289215     2.902873   125.695086    54.609033    71.086053    48.165114    48.666574     0.335913   288.400211   283.674676     6.673028     2.987135          0.0
      2042.0    14.068398   480.195128   571.777762  1920.728505     2.949709   125.020859    55.153176    69.867683    47.097670    49.536960     0.331119   288.108306   282.957297     6.308590     3.480095          0.0
      2043.0    13.046537   483.554173   572.539124  1922.974017     3.455424   119.960947    52.786501    67.174446    47.219295    49.464807     0.325995   288.324069   283.385445     5.970359     2.560332          0.0
      2044.0    12.024285   486.947990   574.669157  1923.797763     2.996670   121.725484    52.467668    69.257816    47.167506    47.991251     0.319191   288.604119   284.020638     5.664119     2.346384          0.0
      2045.0    15.723699   490.332861   576.376060  1925.754718     3.399162   121.770865    54.701031    67.069833    46.278605    48.235561     0.310579   288.318968   283.454338     5.388431     4.758568          0.0
      2046.0    13.201070   493.405621   578.529505  1927.738755     3.406059   123.652848    54.414270    69.238577    47.563948    49.547984     0.303400   288.462098   283.635201     5.135500     2.712841          0.0
      2047.0    13.653187   496.613997   580.725751  1929.436061     3.056281   124.571645    54.656525    69.915120    47.387706    49.085012     0.312199   288.588385   283.832773     4.945841     3.375267          0.0
      2048.0    13.958736   499.828077   583.931045  1930.239167     3.369922   129.244054    56.355241    72.888812    49.474566    50.277673     0.309450   288.704345   283.912623     4.801044     2.872275          0.0
      2049.0    13.079744   503.005518   585.762554  1931.973460     3.070597   126.081014    55.121510    70.959504    48.669426    50.403719     0.302727   288.874501   284.161155     4.670601     2.886281          0.0
      2050.0    13.823325   506.192663   588.535485  1933.277814     3.126522   127.928254    55.758393    72.169860    48.440587    49.744941     0.297093   288.810318   283.858761     4.601098     3.240522          0.0
      2051.0    13.986089   509.639508   591.129046  1934.637293     3.286997   125.267131    53.811976    71.455155    47.197286    48.556765     0.251930   288.571450   283.793558     4.473338     2.661651          0.0
      2052.0    13.705710   512.808178   593.205596  1936.383953     3.092463   127.454456    55.516738    71.937718    48.899081    50.645741     0.248436   288.626143   283.791304     4.345988     2.794447          0.0
      2053.0    14.373597   515.623601   596.528552  1938.559096     3.150086   128.387025    56.006739    72.380286    47.309847    49.484990     0.246773   288.579224   283.802774     4.230288     3.198793          0.0
      2054.0    13.564130   519.020528   598.513324  1940.615089     3.206209   127.507835    55.286970    72.220865    49.089855    51.145848     0.245696   288.826904   283.994013     4.145761     2.156350          0.0
      2055.0    14.213683   522.158051   601.286434  1941.370553     3.339390   131.419957    57.152129    74.267829    50.029787    50.785252     0.236204   288.894495   284.152197     4.037947     3.593767          0.0
      2056.0    14.816409   524.940046   605.672435  1942.901363     3.099472   132.550546    57.533348    75.017198    48.549506    50.080317     0.240492   288.512433   283.635738     3.932862     3.067031          0.0
      2057.0    12.872664   527.511859   608.920011  1945.637939     3.115596   130.634849    55.815167    74.819682    48.263608    51.000184     0.234923   288.653917   283.815224     3.849219     1.567407          0.0
      2058.0    14.159374   530.725172   610.481816  1947.779194     3.229539   128.708565    55.966583    72.741982    48.853269    50.994524     0.234221   288.639248   283.893146     3.755049     3.410254          0.0
      2059.0    14.580142   533.582642   614.365783  1949.362162     2.932473   132.946828    57.979664    74.967164    49.261899    50.844867     0.229138   288.668209   283.808934     3.670444     3.250830          0.0
      2060.0    12.760989   536.571984   617.245320  1951.442126     3.129465   131.268994    55.255017    76.013976    49.170542    51.250507     0.239731   288.932357   284.044555     3.653569     1.124973          0.0
      2061.0    11.776764   539.402608   618.205237  1953.477866     3.066270   126.890152    54.728943    72.161209    48.846443    50.882183     0.244550   288.897325   284.200304     3.648058     2.886844          0.0
      2062.0    12.903525   542.043999   619.502202  1955.853736     3.084660   125.629418    55.285830    70.343588    47.866422    50.242292     0.248793   288.840210   283.907132     3.647245     3.746572          0.0
      2063.0    11.826223   544.852938   622.201415  1957.322731     3.252124   127.714062    54.917951    72.796111    49.113458    50.582452     0.252028   289.082757   284.357653     3.705319     1.636286          0.0
      2064.0    16.154793   547.996905   625.198238  1958.855475     3.197288   132.990470    58.362101    74.628369    49.064741    50.597485     0.252237   288.768628   283.827173     3.772674     4.767794          0.0
      2065.0    12.308446   550.394108   629.149460  1961.176815     2.912109   132.653236    56.654223    75.999013    48.846045    51.167385     0.256596   288.694579   283.665986     3.869739     1.535616          0.0
      2066.0    12.549690   553.005839   631.627808  1962.751142     3.088946   133.874569    57.439670    76.434899    50.200837    51.775164     0.252217   288.904431   284.210116     3.919045     3.186158          0.0
      2067.0    13.129183   555.805853   633.478011  1965.321398     2.925661   131.153153    56.668983    74.484169    49.134892    51.705148     0.253499   288.884132   284.214293     3.966792     3.113633          0.0
      2068.0    13.733648   558.476855   636.839195  1966.988541     3.477112   134.928009    57.582425    77.345583    50.183160    51.850302     0.261054   288.959222   284.167349     4.032054     2.370939          0.0
      2069.0    11.344408   561.198298   639.095057  1969.024119     3.090144   132.363047    55.961743    76.401304    50.055845    52.091424     0.261169   289.017972   284.385669     4.091561     1.614458          0.0
      2070.0    12.487751   563.928539   640.697040  1970.317920     3.052188   131.770427    56.909633    74.860793    50.710603    52.004403     0.260261   289.082511   284.447385     4.127103     3.303247          0.0
      2071.0    12.191279   566.132476   643.850711  1971.699530     2.940670   135.435962    58.030718    77.405244    50.447221    51.828832     0.235290   288.929390   284.115740     4.030888     3.048215          0.0
      2072.0    13.274149   568.449313   647.566923  1973.197296     2.982050   136.989288    58.866890    78.122398    50.600028    52.097794     0.238042   289.121349   284.537246     3.946376     3.052884          0.0
      2073.0    11.378406   570.806976   650.782808  1974.563364     3.017269   138.363692    58.349789    80.013903    51.920462    53.286530     0.237653   289.236520   284.710210     3.877480     1.847374          0.0
      2074.0    11.304193   573.030478   652.671810  1977.221331     2.824762   132.562210    56.376299    76.185911    49.280810    51.938778     0.235124   289.060689   284.531407     3.806398     2.548519          0.0
      2075.0     9.372863   575.362331   654.107245  1978.276657     2.835270   132.385850    55.372323    77.013527    50.712493    51.767818     0.233803   289.322703   284.744072     3.745640     2.169070          0.0
      2076.0    13.168642   577.837506   657.666280  1978.945115     2.885062   138.589787    59.389560    79.200227    51.021909    51.690367     0.233825   289.185844   284.514596     3.695286     4.140158          0.0
      2077.0    11.071618   580.027318   659.525274  1980.850727     3.178352   134.035155    56.873085    77.162069    50.663762    52.569373     0.233409   289.301028   284.608836     3.656343     2.444718          0.0
      2078.0     8.263122   581.772911   661.898733  1981.952034     2.659983   135.136982    56.947165    78.189817    51.748156    52.849463     0.229711   289.364775   284.654103     3.620591     1.724243          0.0
      2079.0    11.799456   583.797448   664.016819  1982.869515     2.926025   136.425006    58.694663    77.730343    51.275063    52.192545     0.229824   289.503787   284.751000     3.607135     4.384032          0.0
      2080.0     9.257274   585.568907   666.217092  1984.723536     2.620401   132.238406    56.047968    76.190438    50.151705    52.005726     0.230926   289.389016   284.609183     3.622492     1.841968          0.0
      2081.0     9.719602   587.233377   667.938693  1986.327934     2.842900   133.830222    56.380362    77.449859    50.035369    51.639767     0.210766   289.203497   284.337316     3.575260     3.018995          0.0
      2082.0    10.171335   588.644792   672.215030  1987.139984     2.480289   140.144613    59.423799    80.720813    51.484962    52.297011     0.210594   289.208768   284.493032     3.530789     2.850451          0.0
      2083.0     9.571068   590.369164   674.228267  1989.157839     2.722525   135.051647    56.528799    78.522848    50.003071    52.020926     0.210244   289.288456   284.869236     3.490444     2.494637          0.0
      2084.0    10.519079   591.678751   677.662437  1990.735850     2.553211   140.210048    59.465166    80.744882    50.925765    52.503777     0.210593   289.122571   284.442721     3.453104     3.527219          0.0
      2085.0     7.931805   593.087981   678.980652  1993.020226     2.991775   136.436054    57.002470    79.433584    51.968413    54.252789     0.210127   289.414175   284.520575     3.418761     1.431466          0.0
      2086.0     8.488903   594.637174   680.013052  1994.309384     2.602531   135.500059    57.338631    78.161428    52.047277    53.336435     0.208361   289.587038   284.917414     3.384125     2.969796          0.0
      2087.0     8.215297   595.994659   682.777019  1995.425219     2.507576   136.017806    57.246136    78.771670    51.069663    52.185498     0.207871   289.486115   284.826475     3.357038     2.296671          0.0
      2088.0     9.549212   597.113485   685.255968  1996.965509     2.755383   137.881658    58.855659    79.025999    51.059133    52.599423     0.207714   289.430449   284.760943     3.334724     3.777287          0.0
      2089.0     7.313931   598.298170   687.539957  1998.083784     2.712608   138.931037    58.339045    80.591992    52.713776    53.832051     0.208203   289.728872   285.146307     3.322711     2.223006          0.0
      2090.0     6.838529   599.188747   689.505688  1998.243460     2.734761   139.117033    58.420944    80.696089    52.694814    52.854490     0.207898   289.487938   284.900864     3.320430     3.600723          0.0
      2091.0     8.968437   600.061290   692.418584  1999.816231     2.390773   141.397882    60.090106    81.307776    51.657994    53.230764     0.184777   289.306193   284.505066     3.271935     3.946446          0.0
      2092.0     5.814351   601.078816   694.076998  2001.516877     2.635983   135.565074    55.601182    79.963892    51.232634    52.933280     0.184345   289.664811   285.124723     3.225311     1.009487          0.0
      2093.0     6.892909   601.727946   695.770099  2001.772906     2.125173   136.468834    57.196829    79.272005    51.256742    51.512771     0.182857   289.662883   285.092078     3.183544     3.990957          0.0
      2094.0     9.234862   602.298770   699.544732  2003.594271     2.652968   140.184711    60.059188    80.125523    51.512723    53.334088     0.181251   289.531844   284.832277     3.140950     2.950468          0.0
      2095.0     3.841036   602.865381   700.909494  2005.223782     2.463771   133.697455    54.554084    79.143370    51.070087    52.699598     0.182127   289.790721   285.199857     3.106772     0.489724          0.0
      2096.0     5.975419   603.686720   702.468096  2005.134890     2.566592   137.112082    56.826928    80.285153    52.056299    51.967407     0.182990   289.826107   285.358225     3.085286     3.300920          0.0
      2097.0     9.020956   604.420211   706.066017  2005.832440     2.312954   141.824110    60.378175    81.445935    51.913633    52.611183     0.181585   289.573247   284.976508     3.063735     4.169070          0.0
      2098.0     4.271202   604.640337   708.319578  2007.669690     2.176989   138.348243    57.096731    81.251512    52.527969    54.365219     0.180900   289.637322   284.976105     3.038001     0.477951          0.0
      2099.0     5.378266   604.621958   710.462588  2008.488403     1.951605   139.046665    58.790282    80.256383    52.090620    52.909333     0.178124   289.638892   285.033616     3.010776     3.737939          0.0
      2100.0     6.223531   605.034641   712.522639  2009.726811     2.176470   137.468703    58.404953    79.063750    52.017128    53.255535     0.185949   289.712507   285.110644     3.038575     3.089366          0.0