        time     emission          CO2         cveg        csoil        fgco2         fgpp         fnpp           ra          frh     fvegsoil         fluc          tas     tas_land        cprod     fcvegout    fcsoilout
         1.0     8.453567   285.149125   427.057974   955.591745     0.439854   122.567970    63.529933    59.038037    58.977226    61.141683          0.0   286.558867   280.767986          0.0     0.654057 0.000000e+00
         2.0     9.943470   288.573195   427.929906   957.148282     0.792636   122.239826    63.337966    58.901860    59.079314    60.635852          0.0   286.608564   280.734289          0.0     1.830182 0.000000e+00
         3.0     9.398857   292.635799   427.939577   958.096899     1.006402   121.076978    62.287939    58.789038    60.178088    61.126706          0.0   286.673335   280.971271          0.0     1.151562 0.000000e+00
         4.0    12.664731   296.648550   428.994253   957.886040     1.208835   125.008170    64.909932    60.098238    59.493077    59.282217          0.0   286.642402   281.027076          0.0     4.573039 0.000000e+00
         5.0     9.795543   299.259738   430.043463   960.135910     1.376999   126.270049    65.531361    60.738688    60.153173    62.403043          0.0   286.509738   280.786366          0.0     2.079108 0.000000e+00
         6.0     8.558444   302.330239   430.240104   961.742745     1.582233   124.069897    64.113052    59.956845    60.993341    62.600177          0.0   286.725585   281.001987          0.0     1.316235 0.000000e+00
         7.0    10.616680   306.150736   430.350515   961.887914     1.856581   122.603543    62.960998    59.642544    59.943756    60.088925          0.0   286.779379   281.172110          0.0     2.761662 0.000000e+00
         8.0    11.792191   309.404584   432.122806   961.330558     1.941873   126.631308    66.124764    60.506544    60.727425    60.170070          0.0   286.622896   280.864132          0.0     4.182403 0.000000e+00
         9.0     9.564767   311.282269   435.157022   962.347522     1.895874   130.074192    67.260202    62.813989    61.038171    62.055135          0.0   286.711570   280.981821          0.0     2.170852 0.000000e+00
        10.0     9.286698   313.783622   436.046488   963.927239     1.937548   126.955299    65.490603    61.464696    61.019940    62.599658          0.0   286.748054   281.085197          0.0     2.001478 0.000000e+00
        11.0    10.765473   316.439588   437.114416   965.434165     2.013528   127.302922    66.042245    61.260677    60.415769    61.922695          0.0   286.682702   280.889326          0.0     3.051623 0.000000e+00
        12.0     8.561444   319.195887   437.625860   967.290150     1.977086   127.025165    65.412037    61.613128    62.061904    63.917888          0.0   286.937079   281.430511          0.0     0.982705 0.000000e+00
        13.0    10.453648   322.479023   438.349029   967.488468     2.146100   127.715960    65.622327    62.093633    61.625828    61.824147          0.0   287.024069   281.380541          0.0     3.075011 0.000000e+00
        14.0    11.590044   325.206629   440.508332   967.484858     2.211754   131.638470    68.309366    63.329104    62.310837    62.307227          0.0   286.961579   281.319394          0.0     3.842837 0.000000e+00
        15.0     9.851714   327.139409   443.212385   968.568192     2.161447   133.880941    69.150995    64.729946    62.897274    63.980607          0.0   286.936586   281.338754          0.0     2.466334 0.000000e+00
        16.0    10.682743   328.964411   445.198321   970.184106     2.202309   135.022507    70.286745    64.735762    63.099222    64.715136          0.0   286.945080   281.253756          0.0     3.585673 0.000000e+00
        17.0     8.924210   330.819427   447.373386   971.930313     2.086519   134.474234    69.399845    65.074389    63.740759    65.486966          0.0   286.982046   281.315894          0.0     1.737813 0.000000e+00
        18.0    10.555334   333.091347   449.154505   973.243685     2.234974   134.745551    69.523361    65.222190    63.268558    64.581930          0.0   286.948084   281.273409          0.0     3.160313 7.105427e-15
        19.0     8.522119   335.368004   449.980031   975.408326     2.271480   131.638427    67.266085    64.372342    63.048812    65.213452          0.0   287.129645   281.538089          0.0     1.227107 0.000000e+00
        20.0    10.529652   338.338728   450.039804   976.422526     2.605418   132.122992    68.056838    64.066154    63.699696    64.713896          0.0   287.164049   281.655641          0.0     3.283169 7.105427e-15
        21.0    11.064817   341.034396   451.734059   976.791557     2.511419   135.578018    70.248466    65.329551    64.799768    65.168800          0.0   287.125567   281.611237          0.0     3.385412 0.000000e+00
        22.0    10.479136   342.833833   454.435929   977.903304     2.448200   136.006128    70.692219    65.313909    63.856421    64.968167          0.0   286.876618   281.169283          0.0     3.022182 7.105427e-15
        23.0     9.117252   344.176226   456.519906   980.038762     2.227463   137.875350    71.215869    66.659480    64.566770    66.702228          0.0   286.987133   281.231715          0.0     2.429665 0.000000e+00
        24.0    10.438756   346.513191   458.183753   981.480941     2.281084   138.133468    71.501640    66.631829    65.489308    66.931486          0.0   287.008541   281.561580          0.0     2.906306 0.000000e+00
        25.0    10.403486   348.204870   460.921212   982.992697     2.421920   139.322058    72.001843    67.320215    64.653194    66.164950          0.0   286.916480   281.273380          0.0     3.099434 0.000000e+00
        26.0     7.481318   350.366974   462.052592   984.609985     2.452361   135.236259    68.710624    66.525635    65.557718    67.175007          0.0   287.252018   281.689911          0.0     0.404237 0.000000e+00
        27.0    10.917756   353.514795   462.981327   984.667146     2.561826   136.347792    69.242400    67.105392    65.060614    65.117775          0.0   287.352371   281.775125          0.0     3.195890 0.000000e+00
        28.0    11.114247   356.342750   463.417204   985.421440     2.702095   137.203801    70.582375    66.621427    65.484749    66.239043          0.0   287.257538   281.719569          0.0     3.907455 0.000000e+00
        29.0    12.856082   357.566177   468.304895   986.092719     2.503305   146.882448    76.625136    70.257312    66.251262    66.922541          0.0   286.980327   281.360361          0.0     4.814904 0.000000e+00
        30.0     7.620074   358.020285   471.548523   988.870272     2.195784   143.816130    74.173905    69.642225    66.884772    69.662325          0.0   287.000054   281.329467          0.0     1.267952 0.000000e+00
        31.0     9.540009   360.040665   473.480425   990.555224     2.349565   141.798205    72.679316    69.118890    66.831923    68.516875          0.0   287.054730   281.504068          0.0     2.230538 0.000000e+00
        32.0    11.276793   361.829592   475.694383   992.265907     2.548029   144.382470    74.613359    69.769111    66.783500    68.494183          0.0   287.078593   281.450640          0.0     3.905219 0.000000e+00
        33.0     9.450111   363.259945   477.955296   994.270411     2.444720   144.825872    74.718476    70.107396    67.768773    69.773277          0.0   287.111096   281.443897          0.0     2.684285 0.000000e+00
        34.0     8.730372   364.763320   480.500103   996.148231     2.459745   143.450316    73.619640    69.830676    67.794776    69.672596          0.0   287.157764   281.544036          0.0     1.402238 0.000000e+00
        35.0     9.122349   367.739216   480.652025   997.222651     2.564231   137.754936    69.814387    67.940549    66.755798    67.830218          0.0   287.419616   281.979698          0.0     1.832247 0.000000e+00
        36.0    12.965129   370.360971   482.352707   997.357597     2.737998   147.393360    76.058099    71.335261    68.801344    68.936290          0.0   287.314543   281.890789          0.0     5.421128 0.000000e+00
        37.0    10.656202   371.447633   485.716975   999.318514     2.684105   148.127650    76.548742    71.578908    67.979263    69.940180          0.0   287.078816   281.507333          0.0     3.244293 0.000000e+00
        38.0     8.079294   372.394510   487.787462  1002.286923     2.386524   146.365244    75.157094    71.208150    68.615941    71.584350          0.0   287.183187   281.570913          0.0     1.502257 0.000000e+00
        39.0     9.314858   374.575532   488.738899  1004.470084     2.398102   145.362353    73.856946    71.505406    68.702022    70.885183          0.0   287.421637   282.002395          0.0     2.020326 0.000000e+00
        40.0    11.967221   377.160413   490.629477  1005.074423     2.549836   146.904461    76.352670    70.551791    69.601717    70.206055          0.0   287.291437   281.812624          0.0     4.256038 0.000000e+00
        41.0     9.846562   378.275597   494.521325  1006.020915     2.529655   149.429270    76.852055    72.577215    68.736528    69.683021          0.0   287.295441   282.048652          0.0     3.277186 0.000000e+00
        42.0     8.820062   379.756894   496.534499  1008.255335     2.548872   146.905481    75.409900    71.495581    69.329708    71.564128          0.0   287.262020   281.845043          0.0     1.832598 0.000000e+00
        43.0     8.326177   382.234861   496.600669  1010.234647     2.490217   142.653745    71.960208    70.693538    68.347497    70.326809          0.0   287.557621   282.318424          0.0     1.567229 0.000000e+00
        44.0    12.542404   385.429669   496.875788  1010.806298     2.858865   146.246591    75.458249    70.788341    69.699933    70.271584          0.0   287.413212   282.151426          0.0     4.911547 0.000000e+00
        45.0    11.244454   386.462741   500.511362  1012.509524     2.590916   151.251871    78.508317    72.743553    69.159267    70.862493          0.0   287.159520   281.481405          0.0     4.010250 0.000000e+00
        46.0     7.485059   387.585492   502.438597  1014.969701     2.542808   149.823936    76.658192    73.165744    71.208553    73.668730          0.0   287.509854   282.082265          0.0     1.062227 0.000000e+00
        47.0    11.218337   390.067842   504.375551  1015.561056     2.700315   148.048994    76.122388    71.926606    69.930881    70.522236          0.0   287.502830   282.250605          0.0     3.663197 0.000000e+00
        48.0    10.784650   391.712290   507.139129  1016.918765     2.641745   150.518444    77.722033    72.796411    70.116112    71.473821          0.0   287.309590   281.829644          0.0     3.484634 0.000000e+00
        49.0     9.951559   392.935311   509.735467  1018.750017     2.642259   151.532969    78.191319    73.341650    70.567483    72.398735          0.0   287.260143   281.714738          0.0     3.196246 0.000000e+00
        50.0     8.670446   394.186082   512.733118  1020.643207     2.437694   153.678830    78.231749    75.447081    71.711143    73.604333          0.0   287.508617   282.127165          0.0     1.629766 0.000000e+00
        51.0    10.606601   396.480502   514.053726  1022.047099     2.596602   152.324821    77.322228    75.002593    71.087544    72.491436          0.0   287.599655   282.251408          0.0     3.510184 0.000000e+00
        52.0    11.480475   398.495212   516.253111  1023.342093     2.732212   154.898344    80.082180    74.816164    72.659930    73.954924          0.0   287.525864   282.183389          0.0     3.927870 0.000000e+00
        53.0     9.419994   399.171912   520.248178  1024.642828     2.588044   157.666895    80.804803    76.862092    72.458316    73.759051          0.0   287.357304   281.827621          0.0     3.050685 0.000000e+00
        54.0    10.344644   400.185293   522.481145  1027.844197     2.483597   156.562643    80.421800    76.140843    71.774362    74.975730          0.0   287.265838   281.646182          0.0     3.213103 0.000000e+00
        55.0     6.678403   401.652688   522.787373  1031.690306     2.467936   149.220613    75.683586    73.537027    71.409895    75.256004          0.0   287.476073   282.009599          0.0     0.121354 0.000000e+00
        56.0     9.969685   405.444674   521.463683  1032.630257     2.592163   148.493931    74.835281    73.658650    72.396087    73.336038          0.0   287.732540   282.538910          0.0     2.822934 0.000000e+00
        57.0    14.043846   408.371332   523.748745  1032.247771     2.807870   155.859535    80.015965    75.843570    71.728748    71.346262          0.0   287.360483   281.859923          0.0     6.384641 0.000000e+00
        58.0     9.281674   409.275143   527.141122  1034.177127     2.520946   156.650943    80.415059    76.235884    72.216244    74.145599          0.0   287.392628   281.999473          0.0     2.877083 0.000000e+00
        59.0     8.162736   410.861281   528.844898  1036.310477     2.662790   151.799383    76.926941    74.872442    71.555041    73.688391          0.0   287.675645   282.310508          0.0     1.534774 0.000000e+00
        60.0    11.741364   413.344243   529.961223  1037.030830     2.829135   156.879762    80.369952    76.509810    73.788989    74.509342          0.0   287.628127   282.253827          0.0     4.744284 0.000000e+00
        61.0     9.048258   414.966799   532.599924  1038.216225     2.743978   156.254861    79.045802    77.209059    73.159127    74.344522          0.0   287.591343   282.191966          0.0     2.062579 0.000000e+00
        62.0    11.302915   416.605042   536.102353  1039.059458     2.542625   161.649839    82.386153    79.263685    73.996638    74.839871          0.0   287.648250   282.215571          0.0     4.043853 0.000000e+00
        63.0    10.181003   417.769138   538.526691  1041.415525     2.535466   160.063211    81.840202    78.223009    73.423962    75.780029          0.0   287.634162   282.169196          0.0     3.635835 0.000000e+00
        64.0     8.831014   419.129443   540.396609  1043.892174     2.647154   159.132566    80.704111    78.428455    74.190558    76.667207          0.0   287.652517   282.101617          0.0     2.166985 0.000000e+00
        65.0     9.583676   420.667441   541.747947  1046.496425     2.601551   160.249239    80.953152    79.296087    73.942311    76.546562          0.0   287.780294   282.402383          0.0     3.055252 0.000000e+00
        66.0     8.929037   423.250465   541.947484  1048.479059     2.620877   158.723301    79.508849    79.214452    75.633329    77.615963          0.0   287.967832   282.700032          0.0     1.693350 0.000000e+00
        67.0    12.032953   426.034670   543.278929  1048.692045     2.718408   158.361659    80.692429    77.669230    74.281324    74.494310          0.0   287.910988   282.616950          0.0     4.866674 0.000000e+00
        68.0    10.919269   427.740466   546.586604  1049.550877     2.766579   162.364549    83.162033    79.202516    75.482632    76.341464          0.0   287.662062   282.233147          0.0     3.512894 0.000000e+00
        69.0     8.631354   428.814763   548.904911  1051.923503     2.617786   159.891913    81.287276    78.604637    74.237943    76.610569          0.0   287.691101   282.249659          0.0     2.358400 0.000000e+00
        70.0    11.368395   430.920988   549.483839  1054.361925     2.787326   161.788301    83.080552    78.707749    75.543804    77.982226          0.0   287.703618   282.376160          0.0     4.519398 0.000000e+00
        71.0     8.966995   432.203684   551.807088  1056.535616     2.664888   162.474975    82.884228    79.590747    75.987760    78.161451          0.0   287.714392   282.329529          0.0     2.399528 0.000000e+00
        72.0     9.549279   434.157332   553.098062  1058.302005     2.587576   159.840008    81.292718    78.547291    75.226765    76.993154          0.0   287.727562   282.205276          0.0     3.008589 0.000000e+00
        73.0    10.353285   436.599975   554.301705  1059.424515     2.789987   159.488859    81.262990    78.225869    75.874686    76.997196          0.0   287.778465   282.364982          0.0     3.062151 0.000000e+00
        74.0    10.999885   438.265110   557.359938  1059.931301     2.732346   166.379666    84.534004    81.845662    76.606814    77.113601          0.0   287.759730   282.521146          0.0     4.362170 0.000000e+00
        75.0    10.361189   439.610861   560.225046  1061.852109     2.670435   166.749740    84.385331    82.364409    76.261155    78.181963          0.0   287.739269   282.350048          0.0     3.338261 0.000000e+00
        76.0     9.050946   440.713908   561.468831  1064.965998     2.706216   166.573830    84.446840    82.126991    77.126584    80.240473          0.0   287.728949   282.178648          0.0     2.962581 0.000000e+00
        77.0     7.724227   442.769046   562.290434  1067.392920     2.576526   159.948943    79.752083    80.196859    75.654318    78.081240          0.0   287.973854   282.623085          0.0     0.849240 0.000000e+00
        78.0    10.003630   446.543413   560.309292  1068.671064     2.982679   156.652576    77.799781    78.852795    75.490836    76.768980          0.0   288.179859   283.043833          0.0     3.011943 0.000000e+00
        79.0    13.152682   449.632215   561.025076  1068.826249     2.967755   163.233386    83.239695    79.993692    76.436633    76.591818          0.0   288.043524   282.854236          0.0     5.932093 0.000000e+00
        80.0    10.234311   450.723600   564.689349  1070.031951     2.835977   168.540110    85.819176    82.720934    77.368717    78.574420          0.0   287.861063   282.597584          0.0     3.580483 0.000000e+00
        81.0     8.808064   452.054370   566.928487  1071.866607     2.801769   167.035165    84.253678    82.781487    77.659650    79.494307          0.0   287.921857   282.649667          0.0     2.520233 0.000000e+00
        82.0    10.659578   454.127199   568.913596  1072.897932     2.824056   165.066808    83.636607    81.430201    76.715898    77.747222          0.0   287.882178   282.597754          0.0     3.904276 0.000000e+00
        83.0    10.076685   455.839182   570.743620  1074.685826     2.757591   166.095483    84.273884    81.821599    77.125888    78.913783          0.0   287.827095   282.458911          0.0     3.530076 0.000000e+00
        84.0     8.219752   457.885255   571.445189  1076.751245     2.645644   163.259503    81.733783    81.525720    77.064231    79.129650          0.0   288.062025   282.862322          0.0     1.902564 0.000000e+00
        85.0    11.313652   460.576966   571.971003  1077.843170     2.729976   164.303812    83.108730    81.195082    76.790948    77.882873          0.0   287.988366   282.827996          0.0     4.700042 0.000000e+00
        86.0    11.191353   462.427046   574.864934  1078.703350     2.725488   171.684110    87.330337    84.353773    79.473227    80.333407          0.0   287.895314   282.604467          0.0     4.102999 0.000000e+00
        87.0    10.233514   463.537772   578.130195  1080.147557     2.757386   173.517088    87.200413    86.316676    78.579893    80.024100          0.0   287.847256   282.514783          0.0     3.911051 0.000000e+00
        88.0     8.025254   464.603217   579.331369  1083.663324     2.747764   171.729722    85.966621    85.763101    79.635741    83.151507          0.0   288.055850   282.823603          0.0     1.613940 0.000000e+00
        89.0     9.641226   466.976882   580.361675  1085.078679     2.694909   170.096384    84.293006    85.803377    78.871086    80.286441          0.0   288.254875   283.245587          0.0     2.976259 0.000000e+00
        90.0    11.874256   469.888920   581.035306  1085.774161     2.942602   171.383732    86.198338    85.185393    79.876737    80.572219          0.0   288.284971   283.340137          0.0     4.952488 0.000000e+00
        91.0    10.510782   471.766482   583.849614  1086.187082     2.950788   172.272385    86.784201    85.488184    79.556547    79.969468          0.0   288.022807   282.907707          0.0     4.000425 0.000000e+00
        92.0     9.382111   472.881770   586.989023  1087.677287     2.763218   175.338456    87.674820    87.663636    79.945035    81.435240          0.0   288.005905   282.753524          0.0     3.100171 0.000000e+00
        93.0     9.316710   474.836620   587.899386  1089.671859     2.798199   171.594377    85.761314    85.833063    79.829983    81.824554          0.0   288.107152   282.994421          0.0     3.026396 0.000000e+00
        94.0    11.140923   477.429124   588.999702  1090.792399     2.854373   171.533727    86.334654    85.199072    79.744685    80.865225          0.0   288.022575   282.962091          0.0     4.369114 0.000000e+00
        95.0    10.525101   478.982556   590.880454  1092.798932     2.817707   172.462329    87.179143    85.283186    79.171335    81.177868          0.0   287.892309   282.605285          0.0     4.120523 0.000000e+00
        96.0     7.669804   480.534286   592.039956  1095.044711     2.805185   171.897364    86.036310    85.861054    81.044385    83.290165          0.0   288.095755   282.856196          0.0     1.586643 0.000000e+00
        97.0    12.385576   482.812937   595.184859  1094.781683     2.654194   176.910889    88.917488    87.993401    80.583974    80.320946          0.0   288.133715   282.821844          0.0     5.451639 0.000000e+00
        98.0     8.505087   484.308005   596.188227  1097.575789     2.693075   173.312312    86.396055    86.916257    80.203389    82.997494          0.0   288.242304   283.035001          0.0     2.395194 0.000000e+00
        99.0     9.613690   486.849306   597.347417  1098.331932     2.799073   173.847818    86.263273    87.584545    81.412991    82.169134          0.0   288.319677   283.184584          0.0     2.934948 0.000000e+00
       100.0    11.806039   489.346390   599.277820  1098.596640     2.884533   174.056484    87.146758    86.909727    80.214778    80.479486          0.0   288.110071   282.843416          0.0     4.736869 0.000000e+00
       101.0     9.577241   490.878571   601.256521  1100.353122     2.841822   174.885305    87.407371    87.477934    80.272929    82.029411          0.0   288.060217   282.842420          0.0     3.399259 0.000000e+00
       102.0     9.431201   492.649342   602.841462  1102.206168     2.867368   176.228244    86.941175    89.287069    80.295549    82.148595          0.0   288.171274   283.054592          0.0     3.207640 0.000000e+00
       103.0    10.134015   495.031760   602.318197  1104.645226     3.065296   171.881185    85.851295    86.029889    80.297559    82.736617          0.0   288.098639   282.911646          0.0     3.637943 0.000000e+00
       104.0    10.258612   496.748487   604.778431  1105.886883     2.760370   177.805272    88.674240    89.131032    81.368842    82.610499          0.0   288.100409   282.901421          0.0     3.603507 0.000000e+00
       105.0     8.699666   498.879676   606.005725  1106.953279     2.977005   171.222864    84.965042    86.257821    80.423142    81.489537          0.0   288.230869   283.091623          0.0     2.248211 0.000000e+00
       106.0    12.022360   501.333077   606.936756  1108.449592     2.814671   176.769081    88.687845    88.081235    81.294206    82.790519          0.0   288.146825   282.982867          0.0     4.966295 0.000000e+00
       107.0     9.382371   502.711347   609.591489  1110.196087     2.737978   178.644691    89.010521    89.634170    81.573137    83.319632          0.0   288.132477   283.045802          0.0     3.036156 0.000000e+00
       108.0     9.976407   504.612251   610.633244  1112.094083     2.813591   177.725697    88.518898    89.206799    81.782906    83.680901          0.0   288.077115   282.836565          0.0     3.796242 0.000000e+00
       109.0    11.386104   506.154694   612.835779  1113.963451     2.752083   180.694581    90.385073    90.309508    81.441696    83.311064          0.0   287.974443   282.736367          0.0     4.871474 0.000000e+00
       110.0     8.497409   507.801890   614.399573  1116.265918     2.644127   180.798247    89.162615    91.635633    83.278920    85.581387          0.0   288.192034   282.969999          0.0     2.017434 0.000000e+00
       111.0     7.857001   510.228426   614.027278  1118.653711     2.763059   172.714060    84.970900    87.743160    81.251334    83.639127          0.0   288.347000   283.178284          0.0     1.704068 0.000000e+00
       112.0    12.300440   513.693424   613.858206  1118.799211     3.026150   176.285703    87.667824    88.617879    82.347876    82.493376          0.0   288.383297   283.247041          0.0     5.343520 0.000000e+00
       113.0    11.484764   516.006157   616.037100  1119.089833     2.941883   179.395036    89.931627    89.463409    82.642482    82.933104          0.0   288.167710   282.993182          0.0     4.819628 0.000000e+00
       114.0     9.656908   517.233822   619.110893  1120.257102     2.730328   182.778882    90.246210    92.532671    82.415516    83.582785          0.0   288.166787   283.030537          0.0     3.589632 0.000000e+00
       115.0     8.668768   519.205232   620.061090  1122.614182     2.856263   180.609627    88.951446    91.658181    83.582413    85.939494          0.0   288.389410   283.424053          0.0     2.061755 0.000000e+00
       116.0    10.188359   521.430644   621.336244  1123.621293     2.877541   182.699765    90.030367    92.669397    83.515920    84.523030          0.0   288.406534   283.329428          0.0     4.232183 0.000000e+00
       117.0    10.488318   523.909705   622.306713  1124.836690     2.835435   181.592418    89.650617    91.941802    83.261802    84.477199          0.0   288.491682   283.491117          0.0     4.202947 0.000000e+00
       118.0    10.870491   525.699842   624.356117  1125.719887     3.006681   182.932626    91.399264    91.533362    83.797373    84.680571          0.0   288.381368   283.298102          0.0     4.669289 0.000000e+00
       119.0     9.711555   527.358773   627.139148  1126.754925     2.835184   184.485238    91.243980    93.241258    84.039908    85.074947          0.0   288.279648   283.180279          0.0     3.386002 0.000000e+00
       120.0     9.382004   528.664955   629.042048  1129.225723     2.699536   184.519822    91.179116    93.340705    83.396457    85.867254          0.0   288.390030   283.210596          0.0     3.408962 0.000000e+00
       121.0     8.290204   531.142904   629.253611  1130.817957     2.906331   178.643768    87.750787    90.892981    84.071464    85.663697          0.0   288.575185   283.616994          0.0     1.875527 0.000000e+00
       122.0    11.882495   534.061344   629.095449  1131.702180     2.985357   180.934300    89.863101    91.071199    83.471191    84.355414          0.0   288.463585   283.332367          0.0     5.665849 0.000000e+00
       123.0    12.270904   535.686573   632.123973  1132.633366     2.890567   189.028180    94.558236    94.469944    84.838793    85.769979          0.0   288.234817   282.992218          0.0     5.759733 0.000000e+00
       124.0     7.867077   536.410347   635.154786  1135.152969     2.624251   187.438682    91.820060    95.618622    84.395948    86.915551          0.0   288.328984   283.145695          0.0     1.873696 0.000000e+00
       125.0     9.761266   538.455874   636.526285  1137.018451     2.757783   185.662867    90.852279    94.810589    84.459220    86.324702          0.0   288.357096   283.212630          0.0     3.156078 0.000000e+00
       126.0     9.924392   540.744037   636.793732  1138.805706     2.865621   182.367949    90.378561    91.989388    84.466261    86.253515          0.0   288.429553   283.334221          0.0     3.857598 0.000000e+00
       127.0     9.641092   543.302140   638.115972  1139.734805     2.732700   184.169607    89.647301    94.522306    84.421515    85.350614          0.0   288.652808   283.662774          0.0     2.974448 0.000000e+00
       128.0    10.280797   546.350639   637.805685  1140.625781     3.080495   183.122580    90.307164    92.815417    85.937247    86.828223          0.0   288.589724   283.642044          0.0     3.789227 0.000000e+00
       129.0    10.769033   548.409658   640.203070  1140.545235     3.042538   186.406952    92.314794    94.092158    85.629570    85.549023          0.0   288.469436   283.363863          0.0     4.368386 0.000000e+00
       130.0    10.007906   550.106919   642.351629  1142.177068     2.814499   184.724909    91.419383    93.305526    84.167095    85.798928          0.0   288.489372   283.496258          0.0     3.471897 0.000000e+00
       131.0     9.240436   552.186580   643.493013  1143.788434     2.943262   182.853576    89.633802    93.219774    84.227661    85.839027          0.0   288.517687   283.500470          0.0     2.653390 0.000000e+00
       132.0    10.727844   554.953467   643.449010  1145.121936     2.971919   181.951747    89.988931    91.962816    84.187306    85.520808          0.0   288.534341   283.545689          0.0     4.512126 0.000000e+00
       133.0    10.879202   557.021712   646.010446  1145.620709     2.842055   189.881601    93.987117    95.894484    86.654721    87.153494          0.0   288.524814   283.476361          0.0     4.272187 0.000000e+00
       134.0     7.854092   558.928400   648.125027  1146.144771     2.900803   186.621865    90.876507    95.745358    86.580975    87.105038          0.0   288.606485   283.685807          0.0     1.656888 0.000000e+00
       135.0    12.964186   561.891753   649.801980  1145.869097     2.975557   186.407638    92.171132    94.236506    84.910733    84.635059          0.0   288.441624   283.443691          0.0     5.859120 0.000000e+00
       136.0     9.275090   563.244374   651.697428  1148.082467     2.790179   187.844256    92.222787    95.621470    84.516065    86.729435          0.0   288.339982   283.185379          0.0     3.597903 0.000000e+00
       137.0     9.377985   564.983130   652.308434  1150.861750     2.880555   189.003010    92.740062    96.262948    85.998217    88.777501          0.0   288.600817   283.607332          0.0     3.351555 0.000000e+00
       138.0     9.838703   567.426680   653.455975  1151.630710     2.761109   187.001925    92.345458    94.656467    86.401571    87.170531          0.0   288.627693   283.633928          0.0     4.027387 0.000000e+00
       139.0    12.064794   569.606894   656.478543  1151.526272     3.030456   191.813912    94.455275    97.358637    86.295023    86.190586          0.0   288.555237   283.556165          0.0     5.242121 0.000000e+00
       140.0     9.074692   570.669087   658.349988  1154.219271     2.828894   193.632710    95.066471    98.566238    87.196272    89.889272          0.0   288.449593   283.272875          0.0     3.305754 0.000000e+00
       141.0     9.064193   572.445275   659.384069  1156.372133     2.857224   190.075334    93.560059    96.515275    87.364003    89.516865          0.0   288.526501   283.336092          0.0     3.009114 0.000000e+00
       142.0    10.766334   574.099960   661.869682  1157.665803     2.843096   194.047035    95.127269    98.919766    86.734987    88.028657          0.0   288.585616   283.479496          0.0     4.612999 0.000000e+00
       143.0     9.871305   576.301330   662.312754  1159.864306     2.831693   191.317253    93.657049    97.660204    87.242297    89.440800          0.0   288.721260   283.697677          0.0     3.773176 0.000000e+00
       144.0     8.813763   578.343840   663.966261  1160.919666     2.942118   191.845403    92.806865    99.038538    87.239448    88.294808          0.0   288.831967   283.999258          0.0     2.858550 0.000000e+00
       145.0    10.211364   580.756193   664.279907  1162.402830     2.910661   191.977693    93.666197    98.311496    87.661874    89.145038          0.0   288.766282   283.733686          0.0     4.207513 0.000000e+00
       146.0    11.879976   582.872501   665.607524  1164.116117     2.918466   195.807476    96.304371    99.503105    87.837586    89.550873          0.0   288.680008   283.576055          0.0     5.425881 0.000000e+00
       147.0     7.506624   584.286015   666.770778  1166.759277     2.901923   192.364056    93.622681    98.741375    88.107821    90.750981          0.0   288.861286   283.917492          0.0     1.708446 0.000000e+00
       148.0    10.253496   587.456605   667.018778  1166.763217     2.915220   189.916811    92.552932    97.363879    88.022619    88.026559          0.0   288.891248   283.957170          0.0     4.278373 0.000000e+00
       149.0    11.634065   590.497933   668.704312  1166.305390     3.047916   193.852626    94.113849    99.738777    88.104315    87.646488          0.0   288.859166   283.947497          0.0     4.781827 0.000000e+00
       150.0     9.427612   592.960800   669.028493  1167.431645     2.971903   192.289080    92.797137    99.491943    87.753905    88.880160          0.0   288.898241   283.983479          0.0     3.592797 0.000000e+00
       151.0    13.063727   594.880470   671.057886  1168.889060     3.065298   199.194388    98.310429   100.883959    88.308707    89.766122          0.0   288.705534   283.683989          0.0     6.514913 0.000000e+00
       152.0     7.912557   595.153675   674.351400  1171.712563     2.887647   201.865987    97.928765   103.937222    89.274997    92.098500          0.0   288.685096   283.574330          0.0     2.536751 0.000000e+00
       153.0     8.557307   597.139390   675.161823  1173.417509     2.725047   195.189907    94.632297   100.557609    89.199100    90.904045          0.0   288.877217   283.873100          0.0     2.917829 0.000000e+00
       154.0     9.371740   599.968833   675.583902  1174.635128     2.878934   192.399679    92.493254    99.906425    88.227073    89.444692          0.0   288.969844   284.068205          0.0     2.626483 0.000000e+00
       155.0    10.105528   602.862431   675.721901  1175.206986     2.943270   192.147847    93.569614    98.578232    88.703309    89.275167          0.0   289.022903   284.152929          0.0     4.156448 0.000000e+00
       156.0    12.440269   605.370350   678.036841  1175.099130     3.058301   200.608046    97.374762   103.233285    89.358992    89.251136          0.0   288.958448   284.132497          0.0     5.808687 0.000000e+00
       157.0    10.011985   607.389459   679.246286  1176.665313     2.860105   195.126659    95.793202    99.333457    89.147327    90.713509          0.0   288.884395   283.963255          0.0     3.870247 0.000000e+00
       158.0     9.968397   608.981686   681.356462  1178.162585     3.021456   197.620665    96.469160   101.151505    88.942370    90.439643          0.0   288.801664   283.874802          0.0     3.919341 0.000000e+00
       159.0     8.930595   611.133126   682.032251  1180.161373     2.839427   197.243463    95.392384   101.851080    89.754142    91.752930          0.0   288.955109   284.172353          0.0     2.963665 0.000000e+00
       160.0    11.609907   613.688411   683.553744  1180.247127     2.883980   198.657653    96.976471   101.681182    89.682179    89.767933          0.0   288.826330   283.747027          0.0     5.687045 0.000000e+00
       161.0    10.490515   615.409785   686.205762  1181.502235     2.860807   201.269484    98.154482   103.115002    90.206804    91.461912          0.0   288.671082   283.607361          0.0     4.040552 0.000000e+00
       162.0     7.783108   616.794282   687.313104  1184.350397     2.619617   198.200861    95.220194   102.980667    89.038522    91.886683          0.0   288.870494   283.866589          0.0     2.226169 0.000000e+00
       163.0     8.084650   619.831625   685.757879  1186.286199     2.924888   193.182377    92.736369   100.446007    90.143996    92.079798          0.0   289.284624   284.566224          0.0     2.211796 0.000000e+00
       164.0    13.413182   623.215337   686.801681  1185.436787     3.157754   198.468446    97.834697   100.633749    91.072735    90.223323          0.0   289.050318   284.176389          0.0     6.567572 0.000000e+00
       165.0    10.785620   624.486444   691.151251  1185.501225     3.062979   205.509484    99.180786   106.328697    90.466727    90.531166          0.0   288.906718   283.949289          0.0     4.300050 0.000000e+00
       166.0     9.029100   625.985664   691.734893  1188.733601     2.803251   201.668098    97.234337   104.433760    90.016854    93.249230          0.0   288.907487   283.975994          0.0     3.401465 0.000000e+00
       167.0    10.095506   628.008717   693.097146  1190.741213     2.776061   199.856794    97.311821   102.544973    90.062326    92.069938          0.0   288.869511   283.954466          0.0     3.879630 0.000000e+00
       168.0     9.502411   629.949460   694.165493  1192.362108     2.853921   202.625193    98.376522   104.248671    91.880135    93.501030          0.0   288.929611   283.992599          0.0     3.807145 0.000000e+00
       169.0    10.227778   632.376902   695.533820  1193.178211     2.854033   200.580349    96.940774   103.639575    90.831238    91.647341          0.0   288.985018   284.054660          0.0     3.925107 0.000000e+00
       170.0    10.782409   634.677582   697.231949  1193.813618     2.994136   204.022279    98.574022   105.448257    91.763345    92.398752          0.0   288.980437   284.056990          0.0     4.477140 0.000000e+00
       171.0     9.512477   636.448619   698.881698  1195.453542     2.743757   204.701271    98.158157   106.543113    90.991935    92.631859          0.0   289.056718   284.079134          0.0     3.876550 0.000000e+00
       172.0     9.680429   638.537467   699.402908  1197.555067     2.833949   204.238689    98.147729   106.090960    91.756747    93.858272          0.0   289.176711   284.287587          0.0     3.768248 0.000000e+00
       173.0     9.286008   641.307342   700.295300  1198.326994     2.819426   201.296490    97.249837   104.046652    92.742794    93.514720          0.0   289.163235   284.284834          0.0     2.842725 0.000000e+00
       174.0    11.463747   643.802354   702.828427  1197.809124     3.018470   205.170852    98.886787   106.284065    91.625263    91.107393          0.0   289.177337   284.375704          0.0     5.246268 0.000000e+00
       175.0     9.095692   645.985568   702.593801  1200.113976     2.849678   200.889437    96.111976   104.777460    90.442200    92.747052          0.0   289.251071   284.396399          0.0     3.599550 0.000000e+00
       176.0    10.748416   648.282100   704.220471  1201.066648     2.965835   206.142114    99.910667   106.231446    92.889636    93.842308          0.0   289.212034   284.309192          0.0     4.441690 0.000000e+00
       177.0    10.310552   650.376156   705.385668  1202.203407     3.002595   207.021487   100.052223   106.969264    93.171175    94.307935          0.0   289.142535   284.358484          0.0     4.579091 0.000000e+00
       178.0     8.987494   652.168804   707.290652  1203.636896     2.694426   208.121748    99.846226   108.275522    93.227653    94.661141          0.0   289.253936   284.373722          0.0     3.280101 0.000000e+00
       179.0    10.664019   654.631065   709.024637  1204.070259     2.829862   209.227833   100.273955   108.953877    93.747751    94.181114          0.0   289.321951   284.615594          0.0     4.358856 0.000000e+00
       180.0    10.176148   656.809484   710.491162  1205.092460     2.953222   206.940050   100.076991   106.863059    93.393384    94.415586          0.0   289.249970   284.445938          0.0     4.194881 0.000000e+00
       181.0     9.261675   659.073888   711.834916  1206.036904     3.054963   204.455211    97.368233   107.086979    91.936013    92.880457          0.0   289.329774   284.524808          0.0     3.144022 0.000000e+00
       182.0    10.854609   661.746739   711.108076  1207.959368     2.966211   206.214811    99.978187   106.236624    93.657184    95.579648          0.0   289.460348   284.870028          0.0     5.125379 0.000000e+00
       183.0    11.358702   663.806026   714.045506  1207.949222     3.007303   210.797676   102.471874   108.325802    94.555151    94.545005          0.0   289.129644   284.300808          0.0     4.989439 0.000000e+00
       184.0     9.860014   664.965542   717.726686  1209.057404     2.792861   212.643236   101.712295   110.930941    92.787145    93.895327          0.0   289.024226   284.228733          0.0     4.135788 0.000000e+00
       185.0     8.507456   665.933904   719.392376  1211.939972     2.695197   213.480324   102.248278   111.232046    94.422459    97.305028          0.0   289.115726   284.101810          0.0     3.277561 0.000000e+00
       186.0     8.955004   669.084121   718.157968  1213.940075     2.909037   198.428996    95.056306   103.372690    91.512895    93.512998          0.0   289.243918   284.358746          0.0     2.777716 0.000000e+00
       187.0    11.943945   672.191282   718.383668  1214.364275     3.008645   206.075165    99.417696   106.657469    92.921939    93.346139          0.0   289.255751   284.572505          0.0     5.845857 0.000000e+00
       188.0     9.358045   673.999353   719.771848  1216.372597     2.858906   207.521617    99.974570   107.547048    93.242464    95.250785          0.0   289.241162   284.389420          0.0     3.335605 0.000000e+00
       189.0     9.901702   677.027388   719.612857  1217.491659     2.744906   203.870969    97.707698   106.163271    92.960947    94.080010          0.0   289.434086   284.695527          0.0     3.786679 0.000000e+00
       190.0    10.727137   679.734548   721.070736  1217.385146     2.847681   205.502866    99.140620   106.362245    92.907628    92.801116          0.0   289.258984   284.501591          0.0     4.881625 0.000000e+00
       191.0    10.432784   681.621239   723.337922  1218.181924     2.919296   211.071583   101.623747   109.447836    93.816379    94.613157          0.0   289.148221   284.305321          0.0     4.743405 0.000000e+00
       192.0     8.859867   683.600666   725.040753  1219.507282     2.720323   209.154818    98.938549   110.216269    92.916498    94.241856          0.0   289.290655   284.566880          0.0     2.993862 0.000000e+00
       193.0    10.352551   685.884793   725.369145  1221.713983     2.616647   210.789516   101.070675   109.718841    94.003226    96.209927          0.0   289.429962   284.605418          0.0     4.532355 0.000000e+00
       194.0     8.861940   688.173491   726.325910  1222.977476     2.936183   206.383807    99.280125   107.103682    94.239824    95.503318          0.0   289.516250   284.933071          0.0     2.820043 0.000000e+00
       195.0    10.965830   691.111160   726.376582  1223.881992     2.933569   208.276009    99.588399   108.687609    93.714998    94.619513          0.0   289.477749   284.793224          0.0     4.918214 0.000000e+00
       196.0     9.651269   693.505720   727.315788  1225.111940     2.894978   208.075151   100.337898   107.737252    94.601911    95.831860          0.0   289.405726   284.643987          0.0     3.566833 0.000000e+00
       197.0    11.691007   695.658199   730.363355  1224.826454     2.785982   217.333412   104.233379   113.100033    95.903814    95.618328          0.0   289.340622   284.485316          0.0     5.567484 0.000000e+00
       198.0     8.961061   697.830576   731.949861  1225.839437     2.934244   210.218946    99.872609   110.346337    94.286168    95.299150          0.0   289.302154   284.568881          0.0     2.986952 0.000000e+00
       199.0    10.113191   699.952064   732.730115  1227.136849     2.823344   211.147410   100.845645   110.301765    93.893666    95.191078          0.0   289.325896   284.509610          0.0     4.874312 0.000000e+00
       200.0    11.514839   702.095879   734.520225  1228.680568     2.838106   216.316805   103.391440   112.925365    94.909675    96.453395          0.0   289.328520   284.454978          0.0     5.147936 0.000000e+00
       201.0     7.776746   704.000405   735.358147  1231.089321     2.712469   213.898287   100.793325   113.104962    95.455181    97.863933          0.0   289.479313   284.693250          0.0     2.091470 0.000000e+00
       202.0    10.013148   707.139653   734.346005  1232.413114     2.975787   207.878406    98.660506   109.217900    93.884785    95.208578          0.0   289.663046   284.954532          0.0     4.464070 0.000000e+00
       203.0     9.584341   710.740496   733.695229  1232.550437     2.998011   205.964257    98.442386   107.521871    95.546744    95.684068          0.0   289.680299   285.084703          0.0     3.409094 0.000000e+00
       204.0    12.246897   713.805654   735.585100  1231.228295     3.133002   214.088242   101.937573   112.150669    95.210674    93.888532          0.0   289.589488   285.001551          0.0     6.159170 0.000000e+00
       205.0    10.497833   715.004050   739.112046  1232.043921     2.913025   220.184954   105.080223   115.104732    95.933062    96.748689          0.0   289.532464   284.821595          0.0     4.804587 0.000000e+00
       206.0     9.206403   716.375098   740.937327  1234.361190     2.787658   218.556907   103.250659   115.306248    95.640854    97.958123          0.0   289.451931   284.581738          0.0     3.467256 0.000000e+00
       207.0     9.280839   718.334975   742.054235  1236.111252     2.936602   213.884086   101.620076   112.264011    95.238520    96.988581          0.0   289.427957   284.606221          0.0     3.514586 0.000000e+00
       208.0    10.080619   721.073675   742.219307  1237.331843     2.929486   210.764696    99.813909   110.950787    94.063390    95.283981          0.0   289.482804   284.711189          0.0     4.364856 0.000000e+00
       209.0    10.443672   723.040368   743.101014  1239.351832     2.896493   215.767434   102.301417   113.466017    95.036489    97.056478          0.0   289.533028   284.728321          0.0     4.363232 0.000000e+00
       210.0    10.143412   725.478704   743.897374  1240.463217     2.868147   214.306053   101.624360   112.681693    95.407965    96.519349          0.0   289.498964   284.766178          0.0     4.308651 0.000000e+00
       211.0    10.626381   727.584104   746.445023  1240.755446     2.975583   219.109248   103.418912   115.690336    95.967459    96.259688          0.0   289.576000   284.934581          0.0     4.611575 0.000000e+00
       212.0    10.022402   729.572651   747.543941  1242.539063     2.916384   216.797150   102.870752   113.926398    95.571665    97.355282          0.0   289.492426   284.642505          0.0     4.416552 0.000000e+00
       213.0     8.526453   731.465413   748.060806  1244.979579     2.851445   216.009401   101.475014   114.534387    95.716080    98.156596          0.0   289.747433   285.171669          0.0     2.801553 0.000000e+00
       214.0    10.476610   734.644677   746.638872  1247.156181     3.020548   211.236790   100.285631   110.951158    95.268353    97.444955          0.0   289.788483   285.080715          0.0     4.262610 0.000000e+00
       215.0     9.732784   737.645803   746.772867  1247.504778     2.902446   211.558985   101.180559   110.378426    96.479153    96.827751          0.0   289.792920   285.245336          0.0     4.218813 0.000000e+00
       216.0    11.495823   740.127809   749.447579  1246.841883     2.956798   220.455575   104.486675   115.968899    97.109952    96.447056          0.0   289.612236   284.833231          0.0     5.364906 0.000000e+00
       217.0     9.231423   741.655582   751.471881  1248.623158     2.761886   220.095431   104.018089   116.077342    96.644082    98.425357          0.0   289.644143   284.923144          0.0     3.568430 0.000000e+00
       218.0     9.867219   744.110786   752.256575  1249.743820     2.859824   219.017406   102.978649   116.038757    96.945762    98.066425          0.0   289.646530   285.003576          0.0     4.127530 0.000000e+00
       219.0    11.596786   746.418997   753.968957  1250.621531     2.709492   220.347413   104.963420   115.383993    96.889296    97.767006          0.0   289.674957   285.008043          0.0     5.484032 0.000000e+00
       220.0    10.096582   748.224373   756.415827  1251.686941     2.814259   226.842763   107.532642   119.310121    99.737214   100.802624          0.0   289.648245   284.938313          0.0     4.283148 0.000000e+00
       221.0     8.529806   750.353993   757.891057  1252.877977     2.753694   220.878867   104.171091   116.707777    98.601654    99.792690          0.0   289.741740   285.158098          0.0     2.903171 0.000000e+00
       222.0    10.238325   752.747399   758.100305  1254.922415     2.818867   218.494427   102.939935   115.554492    95.856444    97.900883          0.0   289.821161   285.145138          0.0     4.829804 0.000000e+00
       223.0    10.319896   755.404394   759.016690  1255.612505     2.767955   221.040394   104.789705   116.250688    98.669606    99.359696          0.0   289.913086   285.268106          0.0     4.513624 0.000000e+00
       224.0    10.062992   757.320963   760.289767  1257.133607     2.905153   220.846324   104.964427   115.881897    97.624876    99.145978          0.0   289.755617   285.012207          0.0     4.545372 0.000000e+00
       225.0     9.405426   759.217741   762.357977  1258.250933     2.779588   223.438014   105.137420   118.300594    97.904337    99.021663          0.0   289.825148   285.206231          0.0     4.047548 0.000000e+00
       226.0    10.059983   761.936834   762.532219  1259.855752     2.832931   218.542643   102.662231   115.880413    96.670063    98.274883          0.0   289.849555   285.255398          0.0     4.213106 0.000000e+00
       227.0    10.957391   764.774155   763.624718  1260.148887     2.773276   221.075634   105.234877   115.840757    98.922568    99.215703          0.0   289.805505   285.174514          0.0     4.926674 0.000000e+00
       228.0     8.998975   766.891630   765.495662  1260.632152     2.938423   219.399902   103.382058   116.017845    97.512157    97.995422          0.0   289.750634   285.007366          0.0     3.515692 0.000000e+00
       229.0    10.176053   769.747157   766.102335  1261.338836     2.916818   219.951394   103.439674   116.511720    97.904669    98.611353          0.0   289.877116   285.322633          0.0     4.221648 0.000000e+00
       230.0    11.616565   772.013759   768.011539  1261.566395     2.943643   224.429825   106.859305   117.570520    98.725177    98.952736          0.0   289.591383   284.749090          0.0     5.997365 0.000000e+00
       231.0     9.018428   773.383479   769.340455  1264.405268     2.982146   222.901018   104.496556   118.404462    97.200853   100.039725          0.0   289.649177   284.830448          0.0     3.127915 0.000000e+00
       232.0     8.939743   776.337772   769.187556  1265.419270     2.758883   219.608429   102.112963   117.495466    97.921486    98.935488          0.0   289.998579   285.414282          0.0     3.330374 0.000000e+00
       233.0     9.562635   779.872571   767.837249  1266.191666     2.987874   215.600329   101.687753   113.912576    98.556307    99.328703          0.0   290.055649   285.583027          0.0     3.709356 0.000000e+00
       234.0    12.098314   782.736134   770.305568  1265.178489     2.985705   220.907238   104.297777   116.609461    97.036161    96.022984          0.0   289.870291   285.363799          0.0     5.806474 0.000000e+00
       235.0    10.123750   784.778913   772.198209  1265.975263     2.774066   223.152752   105.501190   117.651563    98.140698    98.937471          0.0   289.784456   285.064026          0.0     4.671078 0.000000e+00
       236.0     9.080561   786.957655   772.657786  1268.113744     2.858096   219.927591   103.955185   115.972407    98.097280   100.235762          0.0   289.775333   285.099595          0.0     3.259845 0.000000e+00
       237.0    10.763493   788.993974   774.467007  1269.094810     2.838674   223.996694   105.851810   118.144884    97.803601    98.784666          0.0   289.863148   285.238160          0.0     5.257923 0.000000e+00
       238.0     9.767271   791.140525   775.484765  1270.857792     2.723038   222.928412   104.585722   118.342689    97.546106    99.309088          0.0   289.960225   285.297325          0.0     4.258875 0.000000e+00
       239.0     7.353607   794.079071   774.066100  1272.926780     2.716024   214.632490   100.407680   114.224811    97.696785    99.765772          0.0   290.148657   285.635528          0.0     2.060573 0.000000e+00
       240.0    12.526696   797.427633   775.390067  1271.956264     2.942172   225.850457   106.270104   119.580354    99.515866    98.545351          0.0   290.045734   285.481447          0.0     6.400786 0.000000e+00
       241.0     9.010388   800.183236   776.349846  1272.431085     2.829323   221.426919   103.459598   117.967321    99.100032    99.574853          0.0   290.096547   285.521440          0.0     2.924966 0.000000e+00
       242.0    10.552869   803.027477   777.378691  1272.764737     2.979120   223.251895   102.874086   120.377809    97.037155    97.370806          0.0   290.231453   285.889531          0.0     4.474434 0.000000e+00
       243.0    12.328589   806.297723   777.574731  1272.710774     2.903072   225.000962   106.757221   118.243741   100.308419   100.254456          0.0   290.088743   285.585072          0.0     6.306726 0.000000e+00
       244.0    10.491313   807.800347   781.858675  1272.476415     2.904149   232.612715   109.659742   122.952972   100.818882   100.584523          0.0   289.831015   285.241820          0.0     4.791274 0.000000e+00
       245.0     8.617509   809.188438   784.736523  1273.857803     2.754857   231.306539   106.463323   124.843216    99.047523   100.428911          0.0   289.878322   285.234977          0.0     3.156564 0.000000e+00
       246.0    10.151625   810.963441   786.259611  1275.396083     2.846053   235.715222   109.487874   126.227348   101.609460   103.147740          0.0   290.026895   285.394275          0.0     4.817046 0.000000e+00
       247.0     9.305743   813.197007   787.053468  1277.262334     2.734897   226.475432   105.072522   121.402910    98.913877   100.780129          0.0   290.112217   285.477309          0.0     3.498536 0.000000e+00
       248.0     9.331034   816.138230   785.834546  1279.536610     2.723388   221.827814   103.879892   117.947923    99.252861   101.527137          0.0   290.318421   285.881772          0.0     3.571676 0.000000e+00
       249.0    11.372642   818.734286   788.202632  1278.822227     2.864344   232.032675   109.243345   122.789330   102.117488   101.403105          0.0   290.234836   285.724872          0.0     5.472155 0.000000e+00
       250.0    10.419348   820.115845   791.880549  1279.233625     2.806969   234.934990   110.400052   124.534938   101.462580   101.873978          0.0   290.095435   285.623535          0.0     4.848158 0.000000e+00
       251.0     8.661447   822.106018   793.738032  1280.713793     2.768760   230.118218   106.323754   123.794464   100.231753   101.711922          0.0   290.079702   285.520524          0.0     2.754350 0.000000e+00
       252.0    11.159652   824.819088   793.555614  1282.271437     2.795308   231.566484   107.894231   123.672253   100.772940   102.330584          0.0   290.097638   285.538135          0.0     5.746065 0.000000e+00
       253.0    10.190936   826.697056   796.120545  1282.968381     2.964708   231.616700   108.718678   122.898022   100.994975   101.691920          0.0   289.987111   285.408713          0.0     4.461827 0.000000e+00
       254.0     8.273968   828.562187   797.329903  1284.522734     2.631456   228.726710   105.486381   123.240328    99.537571   101.091923          0.0   290.213789   285.627010          0.0     3.185099 0.000000e+00
       255.0    11.093803   831.311814   797.226782  1286.603278     2.759847   230.363621   107.149715   123.213906   100.303908   102.384452          0.0   290.368824   285.834803          0.0     4.868384 0.000000e+00
       256.0     9.568094   834.066154   797.836798  1287.625623     2.673553   228.550064   106.156760   122.393304   100.717470   101.739815          0.0   290.435856   286.103920          0.0     3.806929 0.000000e+00
       257.0    10.342463   836.774930   798.616683  1288.098423     2.875175   229.126144   107.248378   121.877766   101.156677   101.629477          0.0   290.375506   285.960779          0.0     4.839016 0.000000e+00
       258.0    10.192810   839.186377   799.922187  1289.241240     2.981001   227.444500   105.642584   121.801916    99.103055   100.245872          0.0   290.355711   285.952527          0.0     4.091208 0.000000e+00
       259.0     9.993073   841.324787   799.773261  1291.252294     2.860986   230.145905   109.157763   120.988142   102.091933   104.102987          0.0   290.240100   285.814934          0.0     5.203701 0.000000e+00
       260.0    10.352984   843.341183   802.637347  1291.387635     2.874599   233.827502   109.017309   124.810193   101.493384   101.628725          0.0   290.159436   285.666939          0.0     4.524498 0.000000e+00
       261.0     9.391664   845.695123   803.536943  1292.776976     2.749342   233.457585   108.519214   124.938371   102.670238   104.059580          0.0   290.319773   285.783042          0.0     3.560039 0.000000e+00
       262.0    11.344677   848.171667   804.354984  1293.928858     2.640620   231.389665   108.054878   123.334787   100.207000   101.358882          0.0   290.291795   285.646931          0.0     5.877955 0.000000e+00
       263.0     8.714810   850.493635   806.192056  1294.741358     2.802759   233.398721   108.661613   124.737108   103.233350   104.045849          0.0   290.315075   285.845140          0.0     2.778692 0.000000e+00
       264.0    12.799402   853.233549   809.224301  1293.870724     2.758386   238.878929   111.198482   127.680448   102.419314   101.548680          0.0   290.205525   285.770562          0.0     6.617556 0.000000e+00
       265.0     8.659792   854.300099   811.539543  1296.212011     2.643075   240.022318   111.068601   128.953716   102.871962   105.213249          0.0   290.237161   285.636590          0.0     3.540110 0.000000e+00
       266.0     7.812374   856.313479   812.679260  1297.748640     2.868548   232.325309   106.605459   125.719850   101.360997   102.897625          0.0   290.463265   286.097298          0.0     2.568117 0.000000e+00
       267.0    10.050614   859.419723   811.467642  1299.323578     2.685007   228.248793   105.713665   122.535128   100.737262   102.312200          0.0   290.593534   286.182805          0.0     4.613083 0.000000e+00
       268.0    11.805854   862.675992   812.107016  1299.315844     2.753694   236.323625   110.860111   125.463513   104.448145   104.440411          0.0   290.531533   286.145719          0.0     5.780326 0.000000e+00
       269.0    11.503154   864.281930   816.325513  1299.254399     2.920321   244.360604   113.358646   131.001958   103.420295   103.358849          0.0   290.282947   285.772154          0.0     5.781300 0.000000e+00
       270.0     7.930033   865.581150   817.913424  1301.613772     2.691872   238.382289   108.707376   129.674913   101.657076   104.016449          0.0   290.336893   285.857030          0.0     3.103017 0.000000e+00
       271.0    10.642042   868.062368   819.196603  1302.860355     2.791016   238.384258   110.713993   127.670265   103.644613   104.891197          0.0   290.308015   285.876774          0.0     4.539617 0.000000e+00
       272.0    10.600522   869.705546   822.724792  1303.216468     2.647555   248.149203   113.587274   134.561929   104.660685   105.016797          0.0   290.275952   285.779266          0.0     5.042288 0.000000e+00
       273.0     9.745675   871.154694   824.142362  1305.900788     2.757878   242.501540   111.574335   130.927204   103.248863   105.933184          0.0   290.316459   285.735130          0.0     4.223581 0.000000e+00
       274.0     7.912213   873.416270   823.507518  1308.687806     2.767137   232.638347   106.133638   126.504709   101.299209   104.086226          0.0   290.452131   286.075801          0.0     2.682256 0.000000e+00
       275.0    10.199142   877.070275   821.993178  1310.031890     2.692504   227.124564   105.153786   121.970778   100.848819   102.192903          0.0   290.597039   286.264165          0.0     4.475223 0.000000e+00
       276.0    10.689013   880.902965   821.245099  1310.176689     2.802876   232.361534   107.457095   124.904439   103.321169   103.465967          0.0   290.611568   286.298431          0.0     4.739206 0.000000e+00
       277.0    11.936522   883.690074   824.273558  1308.624900     3.012159   237.097776   111.150981   125.946795   103.752984   102.201195          0.0   290.423440   285.949455          0.0     5.921327 0.000000e+00
       278.0     9.453297   884.908001   826.623491  1310.096232     2.632588   238.032326   110.674176   127.358150   102.070132   103.541464          0.0   290.366248   285.878929          0.0     4.782778 0.000000e+00
       279.0     9.173288   887.483672   826.705181  1312.086839     2.927217   234.155850   108.909581   125.246269   103.544810   105.535417          0.0   290.358277   285.890378          0.0     3.292474 0.000000e+00
       280.0    10.222201   889.985741   828.160680  1312.492968     2.623416   236.890031   110.054392   126.835640   103.161069   103.567198          0.0   290.341958   285.853461          0.0     5.031695 0.000000e+00
       281.0    10.623526   892.032858   830.119778  1313.682883     2.753558   239.127320   111.211454   127.915866   103.257112   104.447027          0.0   290.338329   285.822408          0.0     4.805329 0.000000e+00
       282.0     9.089815   894.630446   831.052440  1314.475018     2.648491   234.814028   107.576494   127.237535   102.090721   102.882856          0.0   290.483184   286.050816          0.0     3.760976 0.000000e+00
       283.0    10.014896   897.689214   830.815764  1315.496071     2.809835   231.839031   106.797323   125.041708   101.396453   102.417506          0.0   290.606786   286.284561          0.0     4.616493 0.000000e+00
       284.0    11.012724   900.399647   832.260287  1315.722730     2.745090   239.655099   111.638019   128.017081   104.807054   105.033713          0.0   290.596378   286.273123          0.0     5.159784 0.000000e+00
       285.0    11.027202   902.459484   835.695366  1315.580125     2.627856   246.350438   113.838496   132.511941   105.482668   105.340064          0.0   290.421818   285.941268          0.0     5.063354 0.000000e+00
       286.0     7.150448   904.020058   836.615858  1317.684453     2.708150   235.835331   107.533414   128.301918   102.230270   104.334598          0.0   290.573328   286.079106          0.0     2.278323 0.000000e+00
       287.0    11.359917   907.286823   835.922709  1319.005782     2.907685   237.973851   108.515538   129.458313   102.594489   103.915818          0.0   290.710104   286.384322          0.0     5.292869 0.000000e+00
       288.0    10.818376   910.055154   837.613619  1319.273093     2.811196   243.746522   112.138877   131.607645   105.523341   105.790652          0.0   290.549642   286.113250          0.0     4.657315 0.000000e+00
       289.0    10.609055   912.047871   839.867295  1319.983315     2.830565   243.433624   111.907175   131.526449   103.964309   104.674531          0.0   290.506037   286.067800          0.0     4.978968 0.000000e+00
       290.0     8.602710   913.907087   840.546481  1322.244630     2.778843   238.369588   109.717570   128.652018   103.336702   105.598016          0.0   290.531128   286.075620          0.0     3.440367 0.000000e+00
       291.0    10.336456   916.709782   841.280618  1323.005120     2.677621   236.509948   110.532680   125.977268   104.381923   105.142413          0.0   290.482983   286.035573          0.0     4.656131 0.000000e+00
       292.0    11.194017   918.826693   844.224271  1322.842567     2.901378   242.965220   112.803359   130.161861   104.535941   104.373388          0.0   290.446711   285.815247          0.0     5.486317 0.000000e+00
       293.0     9.064382   920.635293   845.776310  1324.798914     2.671318   243.292577   111.199547   132.093030   103.927858   105.884205          0.0   290.587045   286.092608          0.0     3.763302 0.000000e+00
       294.0     9.781186   923.085609   846.309590  1326.353202     2.593862   242.399005   110.579077   131.819927   104.037970   105.592258          0.0   290.744718   286.415459          0.0     4.453540 0.000000e+00
       295.0     9.906040   925.771248   847.726206  1326.753469     2.603202   245.384632   112.468379   132.916253   106.511743   106.912010          0.0   290.805773   286.470381          0.0     4.139753 0.000000e+00
       296.0    10.303652   928.284948   849.309717  1326.973443     2.773439   241.326111   111.746482   129.579629   104.766012   104.985986          0.0   290.588062   286.120830          0.0     5.176985 0.000000e+00
       297.0    10.492146   930.626786   851.647851  1327.287249     2.758255   245.960746   113.135482   132.825264   105.671287   105.985093          0.0   290.719111   286.387875          0.0     4.812255 0.000000e+00
       298.0    10.662333   932.741287   853.212190  1328.681075     2.544578   246.392324   112.513278   133.879046   104.164615   105.558442          0.0   290.764415   286.441194          0.0     5.390497 0.000000e+00
       299.0     9.559629   934.750266   854.860118  1329.962837     2.658484   249.622188   114.021849   135.600340   106.752393   108.034155          0.0   290.755311   286.444179          0.0     4.339766 0.000000e+00
       300.0     9.818828   936.364820   858.254976  1330.458141     2.690208   254.171807   116.052616   138.119192   107.714730   108.210033          0.0   290.791517   286.482101          0.0     4.447724 0.000000e+00
       301.0     9.774174   938.861092   858.628738  1331.774384     2.636189   247.419115   113.065441   134.353674   106.761245   108.077488          0.0   290.874884   286.603468          0.0     4.614191 0.000000e+00