        time     emission          CO2         cveg        csoil        fgco2         fgpp         fnpp           ra          frh     fvegsoil         fluc          tas     tas_land        cprod     fcvegout    fcsoilout
      1850.0     6.342949   285.736250   347.997140  1638.458176     0.314992    96.159725    43.570757    52.588968    43.215794    46.298088          0.0   287.644624   281.371012          0.0    -2.911235     3.145382
      1851.0     7.223214   288.593493   348.396394  1639.080874     0.649697    97.218941    44.374340    52.844601    43.607637    46.817345          0.0   287.521432   281.075222          0.0    -2.842259     2.587010
      1852.0     8.267761   291.479541   349.010997  1640.389358     0.917075    96.370190    43.842688    52.527501    42.389231    47.071357          0.0   287.539081   280.978923          0.0    -3.843272     3.373642
      1853.0     8.134326   294.394260   349.277865  1641.592734     1.132869    97.777092    44.737671    53.039421    43.670562    47.109189          0.0   287.610513   281.128014          0.0    -2.638386     2.235252
      1854.0     8.520700   297.338377   350.348019  1642.530360     1.397601    98.593126    45.147530    53.445596    44.022406    47.435580          0.0   287.553217   281.125794          0.0    -3.358205     2.475548
      1855.0    10.963961   300.311626   352.135737  1643.693274     1.444251   102.066107    47.620601    54.445506    44.190062    48.399366          0.0   287.652305   281.190797          0.0    -2.566483     3.046390
      1856.0    10.947894   303.314732   353.846833  1645.131394     1.762922   101.714557    47.194123    54.520433    44.128341    48.386619          0.0   287.700359   281.216740          0.0    -2.903592     2.820157
      1857.0    10.231431   306.348002   355.884592  1646.207664     2.043336   103.919327    47.996899    55.922428    46.000836    49.262929          0.0   287.765572   281.381755          0.0    -3.303789     2.185823
      1858.0     9.579321   309.411475   357.455403  1646.670471     2.184804   103.534796    47.396807    56.137989    46.245948    49.645610          0.0   287.805135   281.596238          0.0    -3.819614     2.936854
      1859.0     9.097384   312.505383   358.271249  1646.799208     2.315929   102.711175    47.214579    55.496597    46.764347    49.201428          0.0   287.787343   281.373489          0.0    -2.802695     2.308344
      1860.0    10.348215   315.630517   359.801034  1646.499417     2.419431   105.308819    48.644979    56.663840    47.093472    50.135680          0.0   287.972550   281.851260          0.0    -3.020486     3.341999
      1861.0    12.479095   318.787029   361.274759  1647.506804     2.595541   104.960336    48.916561    56.043775    45.491154    49.996322          0.0   287.689359   281.269456          0.0    -2.553486     3.497780
      1862.0    12.772660   321.974553   363.327739  1649.380082     2.675740   106.384113    49.498184    56.885929    45.896709    50.670181          0.0   287.723748   281.493066          0.0    -3.224977     2.900194
      1863.0    12.895315   325.194501   365.207610  1651.356979     2.826769   106.857529    49.817910    57.039619    46.334086    51.232596          0.0   287.710758   281.289364          0.0    -3.294558     2.921614
      1864.0    13.237421   328.446405   366.409547  1653.496167     2.964846   105.948836    49.267387    56.681450    45.654320    50.686423          0.0   287.710388   281.359845          0.0    -2.620972     2.892915
      1865.0    15.057440   331.730913   368.483752  1656.156833     3.103770   108.363733    51.048896    57.314838    45.804416    51.160604          0.0   287.768326   281.373839          0.0    -2.185915     2.695522
      1866.0    14.241673   335.048416   370.631930  1658.419812     3.130105   110.003358    51.647964    58.355394    47.310765    52.359565          0.0   287.876724   281.625496          0.0    -2.859779     2.785821
      1867.0    15.385457   338.398679   373.606576  1660.894052     3.201565   112.320140    53.056313    59.263827    47.711731    53.183697          0.0   287.799141   281.553380          0.0    -3.102030     2.997726
      1868.0    13.835232   341.782556   375.924340  1663.522786     3.295445   110.746887    51.687454    59.059433    48.089825    53.487010          0.0   287.833881   281.240914          0.0    -4.117320     2.768452
      1869.0    14.217153   345.200493   377.122122  1665.088018     3.518250   111.549440    52.287795    59.261644    48.566079    52.939294          0.0   287.993601   281.722573          0.0    -1.849281     2.807982
      1870.0    15.600233   348.652248   379.855232  1667.138125     3.521828   113.703926    53.869617    59.834309    48.855032    53.886685          0.0   287.956320   281.553675          0.0    -2.750179     2.981547
      1871.0    16.261834   352.139087   382.854919  1669.334157     3.596009   115.262178    54.708636    60.553542    49.183927    54.664251          0.0   287.957316   281.576321          0.0    -2.955302     3.284292
      1872.0    16.531643   355.660480   385.264009  1672.126227     3.617586   114.580968    54.427653    60.153315    48.724514    54.691411          0.0   287.901069   281.410560          0.0    -2.672849     3.174827
      1873.0    16.107068   359.216987   388.228361  1674.651286     3.709468   116.883122    55.567328    61.315795    50.445412    55.379555          0.0   288.055314   281.872678          0.0    -2.776580     2.409085
      1874.0    16.177427   362.809276   391.230885  1676.487897     3.713377   117.918150    56.220998    61.697152    51.089081    56.043983          0.0   288.075367   281.701468          0.0    -2.825508     3.118290
      1875.0    14.865965   366.437205   393.316328  1678.174262     3.853764   115.182364    54.287522    60.894843    50.708029    55.411173          0.0   288.116153   281.709142          0.0    -3.209094     3.016779
      1876.0    16.346422   370.101742   395.869071  1679.456233     3.922323   119.186227    56.670929    62.515298    51.753409    56.593003          0.0   288.316104   282.227985          0.0    -2.474816     3.557622
      1877.0    13.567275   373.802667   397.723251  1681.368883     4.016766   114.337947    53.418830    60.919117    51.487656    55.670159          0.0   288.368699   282.120033          0.0    -4.105509     2.269854
      1878.0    15.030106   377.540698   398.652007  1681.621413     4.068038   116.756591    55.118915    61.637676    51.787426    55.679187          0.0   288.418185   282.293697          0.0    -1.489028     3.639230
      1879.0    19.407040   381.315953   402.696451  1683.703477     4.139827   122.763490    59.457957    63.305533    51.952697    57.757152          0.0   288.373573   282.072771          0.0    -2.343639     3.722392
      1880.0    20.201266   385.129242   406.762820  1686.318938     4.163797   125.561596    60.887911    64.673685    52.661227    58.766293          0.0   288.324367   282.007962          0.0    -1.944750     3.489604
      1881.0    16.564401   388.980613   410.318243  1688.989663     4.271342   123.306394    58.645655    64.660739    54.256584    59.192433          0.0   288.388361   282.092055          0.0    -4.102202     2.265125
      1882.0    16.737344   392.870235   412.346266  1690.352068     4.227707   122.715415    58.386647    64.328767    53.872714    58.780560          0.0   288.410146   282.200842          0.0    -2.421935     3.545440
      1883.0    19.254067   396.799124   415.370326  1692.970189     4.281620   124.951660    60.072466    64.879194    53.153792    59.728860          0.0   288.279516   282.033425          0.0    -2.680454     3.956947
      1884.0    19.829312   400.767148   418.334638  1696.217772     4.364420   126.797493    61.144962    65.652531    53.812434    60.352430          0.0   288.317953   282.082155          0.0    -2.171780     3.292414
      1885.0    19.289835   404.774826   421.417497  1699.728483     4.330473   126.857754    61.057055    65.800699    54.319934    61.139529          0.0   288.235784   281.913484          0.0    -3.165333     3.308885
      1886.0    17.461774   408.822517   423.820229  1703.012186     4.456946   124.818143    59.442478    65.375664    54.770728    60.828108          0.0   288.438881   282.310516          0.0    -3.788362     2.773678
      1887.0    19.933494   412.910771   425.945955  1704.895835     4.502227   128.440144    62.604527    65.835617    55.559690    60.921507          0.0   288.449054   282.345570          0.0    -0.442707     3.478168
      1888.0    18.107774   417.039764   430.123876  1707.171538     4.617498   128.113868    61.664778    66.449090    56.668433    62.099794          0.0   288.540081   282.394227          0.0    -4.612937     3.155658
      1889.0    20.597418   421.210115   432.713983  1709.062050     4.676958   130.428780    63.646206    66.782574    56.248398    61.702815          0.0   288.531436   282.336592          0.0    -0.646715     3.563906
      1890.0    19.833019   425.422256   436.992829  1711.312051     4.591745   131.776594    63.897438    67.879157    57.335412    63.171396          0.0   288.530883   282.391663          0.0    -3.552805     3.585984
      1891.0    20.161850   429.676619   440.362401  1713.695703     4.720742   132.512946    64.475280    68.037666    57.768611    63.446152          0.0   288.535694   282.313396          0.0    -2.340444     3.293889
      1892.0    20.954990   433.973256   444.594326  1715.976907     4.714591   135.445334    66.169302    69.276032    58.775479    64.586952          0.0   288.588521   282.377882          0.0    -2.649575     3.530268
      1893.0    19.234928   438.313076   447.758260  1718.382817     4.884139   130.978376    63.014058    67.964318    57.607673    63.595916          0.0   288.651567   282.445110          0.0    -3.745793     3.582333
      1894.0    19.600154   442.696215   450.153040  1719.447724     4.896156   134.015371    65.160171    68.855201    59.455545    63.650307          0.0   288.719868   282.699347          0.0    -0.884916     3.129856
      1895.0    21.509691   447.123199   454.187410  1721.346065     4.953650   135.996385    66.624165    69.372220    59.172232    64.908784          0.0   288.740487   282.813753          0.0    -2.318989     3.838211
      1896.0    21.218036   451.594305   457.946236  1723.677621     4.910676   135.943601    66.315869    69.627732    59.226171    65.351975          0.0   288.680637   282.653396          0.0    -2.794932     3.794249
      1897.0    20.347231   456.110379   460.871838  1726.155937     4.977050   135.285628    65.624303    69.661325    59.557394    65.902928          0.0   288.688738   282.642399          0.0    -3.204227     3.867218
      1898.0    21.164350   460.671262   463.588325  1728.548078     5.091010   137.018637    67.071091    69.947546    60.371289    65.987595          0.0   288.682126   282.690901          0.0    -1.632990     3.224164
      1899.0    23.034718   465.277984   467.374577  1730.959935     5.063817   139.338254    68.819185    70.519069    60.315135    66.675364          0.0   288.550417   282.320431          0.0    -1.642432     3.948373
      1900.0    25.135943   469.931111   472.360115  1734.733564     5.126128   142.105811    70.420707    71.685103    59.997933    68.494589          0.0   288.591939   282.432614          0.0    -3.059419     4.723026
      1901.0    20.437554   474.630150   475.447146  1738.377114     5.055500   139.058595    67.710375    71.348220    62.014762    68.072460          0.0   288.739557   282.754189          0.0    -3.449116     2.414147
      1902.0    23.941314   479.376595   479.016431  1740.513047     5.078724   144.473257    71.506621    72.966636    62.403932    69.142872          0.0   288.700484   282.812468          0.0    -1.205536     4.603006
      1903.0    23.623693   484.170375   483.658328  1744.005132     5.141704   144.881901    71.530944    73.350957    62.945598    70.397471          0.0   288.733953   282.852843          0.0    -3.508424     3.959787
      1904.0    19.553488   489.012112   485.783142  1746.852248     5.173120   137.913598    67.149018    70.764580    62.752773    68.124493          0.0   288.778092   282.762166          0.0    -3.100289     2.524605
      1905.0    24.241714   493.902166   488.745966  1748.328832     5.210619   145.835926    72.421330    73.414596    63.443666    69.599145          0.0   288.764621   282.878486          0.0    -0.140639     4.678895
      1906.0    24.877277   498.840958   493.840384  1752.113469     5.306770   146.491615    72.902984    73.588631    63.550510    71.234609          0.0   288.706638   282.619556          0.0    -3.426043     3.899462
      1907.0    21.594361   503.829630   497.294819  1754.478649     5.210995   144.385538    71.010933    73.374606    64.886027    70.223043          0.0   288.969996   283.027972          0.0    -2.666545     2.971836
      1908.0    24.355113   508.867913   501.431392  1755.939600     5.333608   148.191105    73.699818    74.491287    65.070221    71.268116          0.0   288.992384   282.983019          0.0    -1.704870     4.736943
      1909.0    23.585723   513.956522   505.847894  1758.347184     5.389998   148.552399    73.745918    74.806481    66.044627    71.797098          0.0   288.956009   283.008105          0.0    -2.467683     3.344887
      1910.0    26.105115   519.096047   510.388636  1760.701105     5.346068   152.306080    76.208805    76.097275    66.026045    73.398504          0.0   288.900757   282.944862          0.0    -1.730439     5.018538
      1911.0    24.365555   524.286883   515.104422  1764.040714     5.381179   151.568249    75.254439    76.313810    67.009139    74.060382          0.0   289.006649   283.185771          0.0    -3.521729     3.711634
      1912.0    23.729078   529.529703   518.431484  1766.196344     5.510528   151.030494    75.077859    75.952635    67.671226    73.463663          0.0   289.003052   283.185273          0.0    -1.712865     3.636807
      1913.0    24.821106   534.825176   522.281572  1768.406209     5.539457   150.752484    75.300635    75.451849    66.930127    73.539330          0.0   289.112088   283.307941          0.0    -2.088784     4.399339
      1914.0    22.403760   540.173460   525.936574  1769.956799     5.559141   150.659414    74.519288    76.140126    68.734416    73.547648          0.0   289.104077   283.304495          0.0    -2.683363     3.262642
      1915.0    26.259458   545.575271   530.011144  1771.610456     5.486741   154.140791    77.484628    76.656164    67.853071    74.779191          0.0   288.955732   282.950094          0.0    -1.369133     5.272464
      1916.0    25.719756   551.030814   534.743702  1774.730378     5.505829   154.344764    77.081649    77.263115    68.149937    75.326813          0.0   289.064230   283.106427          0.0    -2.977722     4.056954
      1917.0    27.408529   556.541505   539.719867  1777.095577     5.560722   160.062458    80.762721    79.299736    70.281527    76.841580          0.0   289.116129   283.237469          0.0    -1.055024     4.194854
      1918.0    21.909675   562.106558   544.055797  1779.293388     5.495404   154.501402    76.108281    78.393121    71.210877    76.435851          0.0   289.295135   283.511735          0.0    -4.663499     3.027163
      1919.0    24.850263   567.727817   546.823571  1780.060778     5.538217   156.390079    78.042166    78.347913    70.371313    76.445070          0.0   289.280516   283.376516          0.0    -1.170677     5.306367
      1920.0    26.068103   573.405007   551.091829  1781.788794     5.527028   160.184564    80.425856    79.758708    71.581610    77.546574          0.0   289.329513   283.651504          0.0    -1.388977     4.236947
      1921.0    24.498135   579.139109   555.608593  1783.572396     5.619412   159.225490    79.529682    79.695808    72.526843    78.179378          0.0   289.402903   283.553612          0.0    -3.166459     3.868934
      1922.0    24.048049   584.930392   558.765793  1784.396958     5.721454   156.897334    78.187670    78.709664    71.842123    77.133936          0.0   289.531884   283.763339          0.0    -2.103466     4.467252
      1923.0    25.765026   590.779584   562.579631  1785.891010     5.700343   159.026904    79.777843    79.249060    71.810941    77.732754          0.0   289.534769   283.747111          0.0    -1.768749     4.427761
      1924.0    23.372497   596.687440   566.057546  1787.116348     5.696192   157.028879    78.003617    79.025261    72.560161    77.743155          0.0   289.463156   283.595305          0.0    -3.217453     3.957656
      1925.0    27.490877   602.654348   569.646025  1788.689152     5.699170   160.607121    80.730181    79.876939    71.295533    78.423194          0.0   289.538370   283.759202          0.0    -1.281492     5.554856
      1926.0    26.454647   608.681109   573.759892  1791.056467     5.613176   162.912736    81.591405    81.321331    73.211927    79.665601          0.0   289.581546   283.988970          0.0    -2.188062     4.086359
      1927.0    27.031860   614.767870   577.882687  1793.398285     5.755854   162.504407    81.787308    80.717099    73.123857    80.301531          0.0   289.575187   283.747453          0.0    -2.637018     4.835856
      1928.0    24.528169   620.915507   580.609768  1795.298447     5.624843   158.463920    79.127530    79.336390    72.942663    78.401565          0.0   289.708544   283.965549          0.0    -2.001116     3.558739
      1929.0    27.103831   627.124471   585.087921  1796.282760     5.835947   164.371207    82.698477    81.672730    74.319178    79.863604          0.0   289.762131   284.055050          0.0    -1.643279     4.560112
      1930.0    26.869525   633.396042   589.486942  1797.265193     5.837490   165.532757    83.219470    82.313287    75.167109    80.953716          0.0   289.804689   284.142966          0.0    -2.133266     4.804173
      1931.0    26.789399   639.729889   594.135715  1798.465028     5.698239   168.060366    84.851781    83.208585    76.879378    82.215118          0.0   289.810557   284.254487          0.0    -2.012110     4.135905
      1932.0    28.622197   646.127103   599.014101  1799.825652     5.733590   168.434430    85.219992    83.214438    75.591501    82.183149          0.0   289.765608   284.010816          0.0    -1.841543     5.231024
      1933.0    27.096389   652.588067   602.872627  1801.096566     5.761039   168.731884    84.874061    83.857823    76.931375    82.587937          0.0   289.869664   284.267714          0.0    -1.572402     4.385649
      1934.0    29.344203   659.114095   608.034347  1803.160837     5.732308   171.562792    87.094015    84.468777    77.020803    84.364548          0.0   289.840704   284.135479          0.0    -2.432254     5.279474
      1935.0    25.068607   665.705505   611.333443  1805.232581     5.649794   164.245773    82.168362    82.077411    76.434305    82.295619          0.0   289.958318   284.231204          0.0    -3.426352     3.789569
      1936.0    26.210162   672.362406   614.210506  1805.170998     5.656153   168.817634    84.974987    83.842647    78.207100    83.069132          0.0   290.076132   284.678517          0.0    -0.971209     4.923615
      1937.0    28.720856   679.086408   619.134710  1806.201659     5.743326   173.814391    88.512447    85.301945    79.464070    85.003068          0.0   289.938891   284.288785          0.0    -1.414825     4.508337
      1938.0    28.766015   685.876959   624.385678  1806.631471     5.606298   176.349368    89.622966    86.726402    80.552086    86.002903          0.0   290.050593   284.453285          0.0    -1.630905     5.021005
      1939.0    25.259210   692.735670   628.374000  1807.295522     5.752787   169.903811    85.152891    84.750920    79.917537    85.102083          0.0   290.145254   284.620878          0.0    -3.937513     4.520495
      1940.0    28.128459   699.663224   631.115508  1807.094320     5.734104   173.521751    87.876532    85.645220    79.823044    84.844329          0.0   290.040842   284.549313          0.0     0.290695     5.222487
      1941.0    27.362712   706.659449   635.741857  1808.581923     5.677081   172.396641    86.719105    85.677536    79.599015    86.462303          0.0   289.991901   284.370758          0.0    -4.369547     5.375685
      1942.0    27.807057   713.726193   638.458073  1809.813120     5.715996   172.617237    87.139207    85.478030    79.702053    85.496844          0.0   290.107624   284.552664          0.0    -1.073853     4.563594
      1943.0    25.320391   720.863767   641.061653  1810.483734     5.692932   169.770581    85.099549    84.671032    80.305121    84.988375          0.0   290.242503   284.781837          0.0    -2.492406     4.012641
      1944.0    28.893089   728.072417   643.958827  1811.139759     5.646741   172.089687    87.229375    84.860312    78.947669    85.477716          0.0   290.202782   284.712708          0.0    -1.145515     5.874022
      1945.0    31.870342   735.353073   649.357258  1812.374048     5.658156   181.468702    93.006317    88.462385    81.908551    87.746793          0.0   290.160715   284.664300          0.0    -0.138907     4.603952
      1946.0    28.479845   742.706399   654.313073  1814.312163     5.725193   175.883412    88.749770    87.133642    81.298332    88.185203          0.0   290.247825   284.701574          0.0    -4.391248     4.948755
      1947.0    29.246749   750.133147   657.765354  1815.197379     5.962783   177.873097    90.036867    87.836230    82.173741    87.788844          0.0   290.344560   284.939497          0.0    -1.204259     4.729888
      1948.0    30.251336   757.634786   661.609798  1816.582142     5.902526   177.970263    90.140204    87.830059    81.394460    88.462681          0.0   290.325187   284.832071          0.0    -2.166922     5.683458
      1949.0    32.608495   765.211200   667.497842  1818.401895     5.982725   183.342003    93.961138    89.380865    83.107291    90.138621          0.0   290.322482   284.782445          0.0    -2.065528     5.211577
      1950.0    27.541559   772.863458   669.979911  1819.694373     5.761847   176.253364    89.005649    87.247715    83.121863    88.202193          0.0   290.404190   284.912858          0.0    -1.678613     3.787853
      1951.0    31.841477   780.592079   674.521151  1820.184900     5.828531   183.614983    94.032082    89.582901    84.098205    90.259029          0.0   290.410730   284.967554          0.0    -0.768187     5.670297
      1952.0    29.194053   788.397902   679.439802  1821.133699     5.713504   182.480624    92.451073    90.029550    85.212585    90.882977          0.0   290.507030   285.101944          0.0    -3.350554     4.721592
      1953.0    26.588568   796.282068   681.199753  1821.057524     5.806470   175.437961    88.153452    87.284509    83.772544    88.153713          0.0   290.493369   285.003092          0.0    -1.760212     4.457344
      1954.0    29.035785   804.244890   684.820874  1820.711673     5.670462   180.077962    91.380866    88.697096    84.596005    90.049282          0.0   290.592123   285.303774          0.0    -2.289537     5.799128
      1955.0    32.887653   812.287305   688.999730  1820.694647     5.672314   186.644571    95.777296    90.867275    85.281218    90.945577          0.0   290.548038   285.169423          0.0     0.652863     5.681384
      1956.0    29.860016   820.410099   693.620179  1822.360141     5.767936   182.405342    92.750921    89.654421    85.592457    92.313329          0.0   290.545793   285.093813          0.0    -4.182858     5.055378
      1957.0    28.252143   828.614169   696.299789  1822.558401     5.805901   180.474624    91.217495    89.257129    85.865891    90.580515          0.0   290.657457   285.362295          0.0    -2.042629     4.516364
      1958.0    29.997268   836.900113   699.699747  1821.391131     5.884674   185.595689    94.493781    91.101908    87.623529    91.451573          0.0   290.670812   285.501146          0.0    -0.357750     4.995313
      1959.0    29.690165   845.269030   704.005271  1820.960062     5.851399   185.518132    93.958170    91.559962    87.582627    92.965464          0.0   290.659044   285.442842          0.0    -3.312818     5.813906
      1960.0    32.514774   853.721826   707.083772  1820.936126     5.845232   187.570081    96.205621    91.364460    87.101912    93.109510          0.0   290.552882   285.195160          0.0     0.017611     6.031534
      1961.0    32.705700   862.259092   711.124347  1822.696909     5.946263   185.059264    94.422012    90.637252    85.487888    93.118525          0.0   290.598464   285.090780          0.0    -2.737088     5.869855
      1962.0    31.820953   870.882119   714.312732  1823.952014     5.862901   186.812546    95.294773    91.517773    87.301036    93.024212          0.0   290.726434   285.430351          0.0    -0.917824     4.468072
      1963.0    32.670413   879.590304   718.753723  1825.008473     5.824585   189.228291    97.006999    92.221292    88.319061    94.398715          0.0   290.711442   285.415392          0.0    -1.832708     5.023194
      1964.0    32.535810   888.386139   723.350918  1825.129753     5.862287   190.773742    97.674601    93.099141    89.339839    94.843366          0.0   290.786815   285.464763          0.0    -1.765960     5.382247
      1965.0    30.602874   897.270565   727.013506  1824.807658     6.044229   189.928642    96.583847    93.344795    90.541288    95.119120          0.0   290.877913   285.703123          0.0    -2.197860     4.899927
      1966.0    31.799396   906.243365   730.878497  1823.393241     5.962480   193.475919    98.986520    94.489400    91.880662    95.920448          0.0   290.916103   285.731036          0.0    -0.798919     5.454203
      1967.0    30.417094   915.305452   734.420753  1822.162782     5.855809   189.175639    96.287712    92.887927    90.622610    95.441410          0.0   290.999525   285.830898          0.0    -2.695953     6.049258
      1968.0    35.092700   924.458511   738.045134  1822.084470     5.879940   193.510094    99.779846    93.730247    89.651215    95.876229          0.0   290.871504   285.549852          0.0     0.279236     6.303327
      1969.0    31.414026   933.703705   742.300554  1823.082077     5.983405   191.108054    97.317605    93.790449    91.179516    96.272932          0.0   290.986997   285.758162          0.0    -3.210747     4.095808
      1970.0    31.849699   943.039894   745.479742  1821.988807     5.827533   193.234045    98.657580    94.576465    92.127400    96.569067          0.0   291.098945   285.944163          0.0    -1.090675     5.534936
      1971.0    32.786803   952.470132   749.261892  1820.575178     5.811520   195.385969   100.270903    95.115067    92.986284    97.522861          0.0   291.076698   285.934934          0.0    -1.034109     5.950206
      1972.0    31.471774   961.995455   753.392826  1819.391563     5.969661   193.275372    98.780455    94.494916    93.186723    96.713707          0.0   291.163998   286.000835          0.0    -2.064186     4.710599
      1973.0    29.714938   971.615061   756.074912  1816.745603     5.922978   193.199093    98.257999    94.941094    94.529255    97.424535          0.0   291.203078   286.120227          0.0    -1.848621     5.541240
      1974.0    32.796691   981.331691   759.364261  1814.799196     5.893207   194.665406    99.379014    95.286392    92.804855    97.906318          0.0   291.212543   286.117311          0.0    -1.816653     7.047869
      1975.0    33.450593   991.145068   762.905237  1814.017422     5.842957   196.677897   100.694257    95.983641    93.578029    98.461832          0.0   291.328455   286.378445          0.0    -1.308551     5.665577
      1976.0    34.677482  1001.056267   766.047687  1814.102957     6.043663   194.246668    99.536271    94.710397    91.614199    97.793637          0.0   291.181354   286.028006          0.0    -1.399817     6.093904
      1977.0    28.825777  1011.066369   767.900106  1813.174539     6.039079   189.020376    95.632511    93.387865    93.769731    96.582882          0.0   291.292506   286.195347          0.0    -2.802790     3.741568
      1978.0    33.454930  1021.177823   770.434994  1810.204577     5.920213   195.669714   100.395860    95.273853    93.975991    97.767743          0.0   291.311763   286.253874          0.0     0.093230     6.761714
      1979.0    32.514337  1031.388916   774.572173  1809.024531     5.863506   195.557624    99.951346    95.606278    94.656190    98.804728          0.0   291.297756   286.136276          0.0    -2.990561     5.328585
      1980.0    32.422380  1041.702443   777.757156  1806.654043     5.893603   196.955927   100.608800    96.347127    95.638002    98.633099          0.0   291.435556   286.431751          0.0    -1.209282     5.365585
      1981.0    34.314660  1052.119875   781.577280  1804.329959     5.791475   199.364529   102.036088    97.328441    95.301541   100.257091          0.0   291.480498   286.480957          0.0    -2.041128     7.279634
      1982.0    32.112991  1062.641343   783.696215  1803.725575     5.804651   194.112953    98.590478    95.522476    94.312515    98.748861          0.0   291.484157   286.345736          0.0    -2.277318     5.040731
      1983.0    35.033545  1073.267637   786.118600  1802.375277     5.922150   198.346855   101.702814    96.644040    94.788276    99.610363          0.0   291.414641   286.215502          0.0    -0.329934     6.172384
      1984.0    32.284917  1083.999959   789.526850  1800.863668     5.766486   197.665103   100.583678    97.081425    96.575095   100.191531          0.0   291.643320   286.833349          0.0    -3.016103     5.128046
      1985.0    33.708415  1094.840028   791.288556  1798.803933     5.855940   195.314144    99.845128    95.469016    94.628860    99.267916          0.0   291.571108   286.621717          0.0    -1.184494     6.698791
      1986.0    37.083041  1105.788981   795.472979  1798.094872     5.877167   202.568435   104.233106    98.335329    95.953115   101.434908          0.0   291.603086   286.609868          0.0    -1.386225     6.190854
      1987.0    33.455971  1116.846723   798.455627  1796.885213     5.905877   200.443992   102.184405    98.259588    97.767013   101.242339          0.0   291.649595   286.777365          0.0    -2.040583     4.684985
      1988.0    33.378859  1128.015094   801.020966  1794.231431     5.829639   200.018675   102.238312    97.780362    98.077964   100.743708          0.0   291.744404   286.926316          0.0    -1.070734     5.319525
      1989.0    33.495429  1139.295000   803.065650  1790.731779     5.939669   199.439791   101.665260    97.774531    97.694471   100.875900          0.0   291.806667   286.921059          0.0    -1.255325     6.681081
      1990.0    37.658636  1150.688128   806.896444  1788.799150     5.975897   205.570229   105.752421    99.817808    97.908582   102.636927          0.0   291.702346   286.749897          0.0    -0.715300     6.660974
      1991.0    34.173824  1162.194832   810.060005  1787.566386     5.921368   200.345297   102.156937    98.188360    98.046188   101.439703          0.0   291.837184   287.061569          0.0    -2.446327     4.626279
      1992.0    36.276557  1173.817384   812.604870  1784.081391     5.758249   205.390979   105.538677    99.852302    99.309081   102.412923          0.0   291.809783   287.007318          0.0     0.580889     6.588835
      1993.0    37.147076  1185.555096   817.202465  1782.905717     5.836110   205.130479   105.340684    99.789795    98.626524   104.090865          0.0   291.832670   287.006962          0.0    -3.347776     6.640016
      1994.0    32.038891  1197.410268   818.076826  1780.902055     5.876099   197.972342   100.411838    97.560503    99.093595   101.769126          0.0   291.919950   287.073066          0.0    -2.231649     4.679192
      1995.0    36.479158  1209.384626   820.788278  1776.879120     5.828918   207.577651   106.756873   100.820778   101.206635   103.484497          0.0   291.945248   287.246641          0.0     0.560924     6.300797
      1996.0    36.828594  1221.479127   823.485969  1774.833950     5.988213   200.722789   102.964559    97.758230    97.433554   102.734746          0.0   291.849306   286.869615          0.0    -2.467878     7.346362
      1997.0    38.536096  1233.692933   826.529437  1773.709677     6.122919   204.463287   105.234811    99.228476    98.407833   102.812201          0.0   291.894604   287.044324          0.0    -0.620858     5.528641
      1998.0    36.280809  1246.030618   829.755940  1771.085885     6.141897   205.948472   105.739418   100.209053   101.457255   103.892808          0.0   292.092227   287.440463          0.0    -1.379893     5.059346
      1999.0    35.342124  1258.490960   832.580697  1766.977105     5.903089   205.330433   105.113092   100.217341   101.796917   103.711357          0.0   292.077284   287.473854          0.0    -1.423022     6.023220