        time     emission          CO2         cveg        csoil        fgco2         fgpp         fnpp           ra          frh     fvegsoil         fluc          tas     tas_land        cprod     fcvegout    fcsoilout
      1850.0     3.184370   285.736250   461.332153  1214.739819     0.254447   167.552067    50.060263   117.491804    50.367275    51.988070          0.0   287.122291   282.228538          0.0     0.719012     4.169285
      1851.0     3.808056   288.593493   459.577937  1213.080983     0.465271   166.404972    50.780800   115.624172    50.974959    51.019431          0.0   287.191194   282.332517          0.0     1.515586     1.703307
      1852.0     9.646948   291.479541   458.716322  1212.311804     0.782966   171.128329    54.182383   116.945946    49.168165    51.788203          0.0   286.956435   282.067027          0.0     3.255793     3.389218
      1853.0    10.508713   294.394260   460.729582  1212.679384     1.267838   171.539001    54.656502   116.882500    48.936312    52.144308          0.0   286.955022   281.953587          0.0     0.498934     2.840416
      1854.0    10.438706   297.338377   463.467565  1212.877055     1.307616   176.284592    55.674077   120.610515    50.208186    52.084277          0.0   287.185017   282.307617          0.0     0.851817     1.678420
      1855.0     8.670574   300.311626   466.353598  1213.108597     1.706037   175.522406    53.442648   122.079759    50.651635    53.358108          0.0   287.367558   282.664003          0.0    -2.801493     2.474931
      1856.0    11.418189   303.314732   464.264877  1214.223140     1.751739   177.555603    56.864583   120.691020    51.261674    55.134659          0.0   287.257579   282.446704          0.0     3.818645     2.758442
      1857.0    11.473081   306.348002   467.476270  1215.636640     2.032274   177.004443    55.905765   121.098678    50.759641    53.805809          0.0   287.255989   282.391901          0.0    -1.111436     1.632668
      1858.0    10.814831   309.411475   470.247869  1215.692039     2.143434   176.912986    55.479285   121.433702    50.689336    53.081105          0.0   287.264574   282.444178          0.0    -0.373419     2.336369
      1859.0    13.827554   312.505383   472.218926  1216.160065     2.255641   180.704774    57.900043   122.804731    50.520118    53.288704          0.0   287.217315   282.363817          0.0     2.640283     2.300560
      1860.0    12.742277   315.630517   476.070184  1216.783009     2.210513   184.755717    57.505494   127.250223    51.141398    54.291717          0.0   287.238001   282.332768          0.0    -0.637481     2.527375
      1861.0    12.849074   318.787029   479.141975  1217.714662     2.406888   179.958146    57.127882   122.830264    50.776285    54.355629          0.0   287.227919   282.296992          0.0    -0.299537     2.647691
      1862.0    12.978978   321.974553   482.149146  1218.532346     2.499712   182.747040    57.855149   124.891891    51.625498    54.243132          0.0   287.304568   282.346918          0.0     0.604846     1.799951
      1863.0    12.868691   325.194501   484.946973  1218.721972     2.705700   182.921472    58.323058   124.598414    52.504621    55.027612          0.0   287.471745   282.722000          0.0     0.497619     2.333365
      1864.0    14.714454   328.446405   488.060091  1219.219806     2.830102   187.083681    59.689849   127.393832    52.408440    55.465613          0.0   287.305907   282.394073          0.0     1.111118     2.559339
      1865.0    16.469530   331.730913   491.380890  1220.826666     3.006111   191.751321    61.117176   130.634145    51.982257    56.760489          0.0   287.288418   282.481652          0.0     1.035889     3.171371
      1866.0    15.616563   335.048416   494.926481  1222.883180     3.074939   193.087409    60.960771   132.126638    52.806528    57.624185          0.0   287.377210   282.597401          0.0    -0.209004     2.761143
      1867.0    16.152390   338.398679   497.335376  1225.154034     3.172092   192.745208    61.820919   130.924289    53.143972    58.108550          0.0   287.306925   282.458931          0.0     1.303474     2.693724
      1868.0    17.174328   341.782556   500.622918  1227.611077     3.276416   194.990032    63.276744   131.713288    53.840806    58.556289          0.0   287.294830   282.397396          0.0     1.432913     2.258440
      1869.0    16.071598   345.200493   504.372398  1230.134492     3.276252   194.409382    62.745033   131.664349    54.725904    59.645286          0.0   287.476284   282.757564          0.0    -0.649732     2.395967
      1870.0    16.828343   348.652248   507.334830  1232.187520     3.444738   199.687126    64.156928   135.530198    55.494214    59.768549          0.0   287.545613   282.734789          0.0     1.425948     2.221307
      1871.0    15.558499   352.139087   510.632242  1234.626697     3.568648   197.812536    62.901202   134.911334    56.126449    61.116804          0.0   287.676639   282.906392          0.0    -1.513015     2.551177
      1872.0    15.222433   355.660480   513.482493  1236.597165     3.674547   200.386099    63.125887   137.260212    56.568096    60.200859          0.0   287.708310   283.004055          0.0     0.074778     1.662295
      1873.0    18.782585   359.216987   516.053027  1238.531453     3.648341   199.876614    65.442485   134.434128    55.437098    60.098881          0.0   287.596142   282.959649          0.0     2.773070     2.727495
      1874.0    19.314529   362.809276   520.930005  1241.489357     3.986933   203.536272    65.917644   137.618627    55.805925    61.187415          0.0   287.549004   282.818249          0.0    -0.146749     2.423586
      1875.0    16.608764   366.437205   524.309414  1243.886260     3.882244   203.627000    65.179868   138.447131    57.464145    62.485711          0.0   287.730155   283.036331          0.0    -0.685251     2.624663
      1876.0    20.695495   370.101742   527.417035  1246.474732     3.933478   208.639286    68.477053   140.162233    56.989012    61.882869          0.0   287.566714   282.847993          0.0     3.486563     2.305385
      1877.0    20.681575   373.802667   532.762852  1249.719658     3.995060   212.967463    69.075838   143.891625    57.717753    63.736130          0.0   287.599144   282.757900          0.0    -0.006108     2.773450
      1878.0    18.268084   377.540698   537.378286  1253.128421     3.776858   210.541352    67.706788   142.834565    58.365548    64.611975          0.0   287.642604   282.996035          0.0    -1.520622     2.837665
      1879.0    20.588192   381.315953   540.537452  1256.829033     4.076926   210.415148    69.162617   141.252531    58.040695    64.121676          0.0   287.612893   282.863737          0.0     1.881775     2.380369
      1880.0    16.151948   385.129242   544.117604  1260.159757     4.319943   210.864598    66.407696   144.456903    60.010775    65.448482          0.0   287.833808   283.172844          0.0    -2.620938     2.106984
      1881.0    16.951667   388.980613   546.851437  1261.248848     4.272212   211.239493    67.971230   143.268263    60.442288    63.465299          0.0   287.940385   283.360651          0.0     1.772099     1.933919
      1882.0    23.237046   392.870235   551.518353  1263.300902     4.211257   217.731236    71.565653   146.165583    58.333466    63.893209          0.0   287.700424   283.170342          0.0     3.005528     3.507690
      1883.0    22.437538   396.799124   557.168460  1267.400078     4.485485   217.979820    71.089196   146.890624    58.907226    66.132660          0.0   287.707478   282.934699          0.0    -0.693571     3.126258
      1884.0    20.699302   400.767148   561.491750  1271.416797     4.482922   217.942820    70.787772   147.155048    60.066029    66.598233          0.0   287.773407   282.955193          0.0    -0.133751     2.515485
      1885.0    21.537308   404.774826   565.549037  1275.130847     4.566234   223.154609    72.202725   150.951885    61.045759    66.902991          0.0   287.828513   283.198648          0.0     1.242447     2.143182
      1886.0    19.771085   408.822517   570.577063  1277.899663     4.534625   225.188689    71.797670   153.391018    62.265375    67.684253          0.0   287.842837   283.170277          0.0    -0.914609     2.650063
      1887.0    20.613361   412.910771   575.080610  1280.440675     4.448397   224.281417    72.286407   151.995010    61.662198    67.243324          0.0   287.843094   283.276395          0.0     0.539537     3.040114
      1888.0    24.173204   417.039764   579.687412  1283.116335     4.721097   230.258020    75.979771   154.278249    62.242530    67.431055          0.0   287.884538   283.378460          0.0     3.941914     2.512865
      1889.0    24.558703   421.210115   586.008796  1287.797747     4.769485   229.356616    75.029583   154.327033    61.646607    70.295638          0.0   287.894882   283.226004          0.0    -1.587439     3.967619
      1890.0    23.236087   425.422256   591.363598  1292.042781     4.715067   234.672749    76.317677   158.355072    63.590690    69.520051          0.0   287.934335   283.317497          0.0     1.442823     1.684327
      1891.0    22.715898   429.676619   597.395493  1295.455930     4.906100   236.010450    76.146276   159.864174    64.682589    70.664252          0.0   288.089497   283.616426          0.0    -0.549870     2.568514
      1892.0    22.289827   433.973256   602.207674  1299.290050     4.893497   234.270259    75.332515   158.937744    64.279334    71.458762          0.0   288.080061   283.595098          0.0    -0.938428     3.345308
      1893.0    24.160628   438.313076   606.208941  1303.431053     5.001240   233.456200    77.252964   156.203236    63.812269    70.953686          0.0   287.985667   283.336577          0.0     2.298011     3.000414
      1894.0    25.574311   442.696215   612.481524  1307.568581     4.999850   238.045755    78.590126   159.455629    64.554005    71.209232          0.0   287.965557   283.327452          0.0     1.108311     2.517700
      1895.0    25.377743   447.123199   618.776080  1311.388838     4.999080   241.580434    79.442652   162.137781    65.268009    72.289244          0.0   287.911799   283.313513          0.0     0.858852     3.200978
      1896.0    25.846672   451.594305   624.872707  1316.522279     5.009888   242.813553    79.682288   163.131265    65.535115    73.607965          0.0   287.930385   283.248243          0.0    -0.022305     2.939409
      1897.0    22.118204   456.110379   629.344090  1321.144220     5.043878   242.551132    78.074175   164.476957    67.353601    75.087201          0.0   288.230388   283.669807          0.0    -1.484408     3.111658
      1898.0    22.692407   460.671262   635.067506  1324.738215     5.063391   244.570662    78.753152   165.817509    67.704020    72.937748          0.0   288.309113   283.828775          0.0     0.091988     1.639732
      1899.0    22.375032   465.277984   640.088754  1327.479568     5.123177   241.778097    77.965597   163.812500    67.478385    73.489352          0.0   288.212458   283.704545          0.0    -0.545003     3.269615
      1900.0    26.530282   469.931111   642.643160  1331.648894     5.090340   245.702568    81.795437   163.907131    67.242729    74.750480          0.0   288.148588   283.549952          0.0     4.490551     3.338425
      1901.0    24.307265   474.630150   649.556009  1336.286135     5.215158   247.470223    80.465405   167.004818    68.550180    75.525681          0.0   288.296396   283.748299          0.0    -1.973126     2.338260
      1902.0    24.847611   479.376595   656.231565  1339.696223     4.952409   249.859117    81.060242   168.798874    68.254077    74.450333          0.0   288.269422   283.803327          0.0    -0.065646     2.786168
      1903.0    27.053558   484.170375   660.896369  1344.213382     5.201366   250.453997    82.579062   167.874935    67.861102    76.036548          0.0   288.197084   283.671397          0.0     1.877710     3.658287
      1904.0    26.550532   489.012112   666.961923  1348.532875     5.317043   256.871115    83.843895   173.027220    69.653292    76.569350          0.0   288.195551   283.617264          0.0     1.208992     2.596565
      1905.0    26.284295   493.902166   674.622200  1352.637189     5.280902   258.086139    83.732580   174.353558    69.665387    76.886553          0.0   288.257894   283.700606          0.0    -0.814251     3.116853
      1906.0    28.518378   498.840958   681.216444  1357.137097     5.305751   257.194472    85.055816   172.138657    69.029918    77.040458          0.0   288.167355   283.498085          0.0     1.421114     3.510632
      1907.0    29.295475   503.829630   688.637630  1362.219848     5.382722   260.092313    86.300735   173.791578    69.522863    77.958063          0.0   288.242059   283.658173          0.0     0.921486     3.352449
      1908.0    26.085239   508.867913   695.351284  1367.378628     5.471388   262.802663    84.732417   178.070245    71.200816    79.716969          0.0   288.447531   283.785572          0.0    -1.698207     3.357374
      1909.0    20.917066   513.956522   699.904005  1371.323357     5.273220   260.778020    81.917270   178.860749    73.675006    80.083206          0.0   288.667613   284.204432          0.0    -2.718657     2.463471
      1910.0    26.819111   519.096047   703.477292  1375.039654     5.432371   261.987194    85.399866   176.587329    71.987070    78.173268          0.0   288.444275   283.942093          0.0     3.653311     2.469902
      1911.0    29.055025   524.286883   710.985755  1377.972392     5.606360   266.864958    87.617772   179.247187    71.888174    77.875122          0.0   288.442041   283.954534          0.0     2.234186     3.054209
      1912.0    30.752367   529.529703   719.026727  1382.133534     5.419887   267.344960    88.860394   178.484565    71.540224    79.646079          0.0   288.371320   283.808430          0.0     1.173344     3.944713
      1913.0    28.062082   534.825176   727.134606  1387.500205     5.519772   267.667081    87.470351   180.196730    72.833412    81.045138          0.0   288.474458   283.865550          0.0    -1.682667     2.845055
      1914.0    25.849860   540.173460   733.720269  1391.592633     5.386858   272.616413    86.807098   185.809315    74.358581    81.250838          0.0   288.598983   284.067855          0.0    -1.029402     2.799829
      1915.0    27.856800   545.575271   738.821260  1396.261183     5.484290   270.905045    87.712302   183.192743    73.507965    81.673753          0.0   288.494493   283.932189          0.0     0.937558     3.497238
      1916.0    27.644803   551.030814   745.886088  1400.327691     5.616038   271.886102    87.827368   184.058734    73.813429    80.935941          0.0   288.559059   284.111812          0.0    -0.173401     3.056004
      1917.0    28.341562   556.541505   751.097370  1404.738648     5.546596   273.152950    88.755872   184.397078    74.179333    82.089939          0.0   288.704884   284.210998          0.0     1.454651     3.499649
      1918.0    27.620837   562.106558   759.097672  1408.370318     5.537647   276.494462    89.220540   187.273922    75.589946    81.225004          0.0   288.732978   284.271778          0.0    -0.004766     2.003389
      1919.0    29.678499   567.727817   763.900784  1412.215134     5.663339   282.421003    91.445403   190.975600    76.111980    84.499283          0.0   288.777183   284.354906          0.0     2.143008     4.542487
      1920.0    30.753879   573.405007   771.560540  1418.212798     5.590236   280.898927    91.421098   189.477830    75.407908    83.993515          0.0   288.659022   284.202270          0.0    -0.232173     2.587943
      1921.0    29.718532   579.139109   778.880931  1423.272815     5.521687   280.770896    91.443755   189.327141    75.851648    84.024458          0.0   288.706471   284.187150          0.0     0.098905     3.112793
      1922.0    25.952050   584.930392   786.646354  1427.493637     5.438414   276.596226    88.114416   188.481810    76.039538    83.885626          0.0   288.812070   284.294761          0.0    -3.536633     3.625266
      1923.0    28.021415   590.779584   791.576904  1431.235049     5.639631   279.978360    90.231660   189.746700    76.445848    83.041321          0.0   288.840861   284.425039          0.0     2.259789     2.854061
      1924.0    28.904377   596.687440   797.922720  1434.083711     5.579856   288.663997    92.687315   195.976683    78.332518    84.022055          0.0   288.880809   284.378498          0.0     2.319443     2.840875
      1925.0    30.710325   602.654348   804.387907  1438.250041     5.596886   291.363949    93.633397   197.730553    77.777554    86.586120          0.0   288.867053   284.506584          0.0     0.582091     4.642235
      1926.0    28.558036   608.681109   811.898613  1443.702808     5.620814   287.824258    91.329770   196.494488    77.974195    86.201191          0.0   288.934881   284.533970          0.0    -2.382128     2.774228
      1927.0    31.954936   614.767870   817.690163  1447.915767     5.668007   293.825182    95.373522   198.451660    78.525259    85.378937          0.0   288.955178   284.596825          0.0     4.203035     2.640719
      1928.0    32.658843   620.915507   825.938046  1452.812120     5.704491   294.079041    95.598064   198.480978    78.417986    86.956182          0.0   288.973806   284.488956          0.0     0.393999     3.641843
      1929.0    29.292147   627.124471   832.344637  1458.674587     5.538208   293.010285    93.885130   199.125155    79.954668    89.447582          0.0   289.082811   284.821178          0.0    -1.969043     3.630447
      1930.0    31.888381   633.396042   837.049680  1464.284183     5.766758   298.582202    97.227799   201.354402    81.023604    88.965935          0.0   289.010999   284.659816          0.0     3.556821     2.332734
      1931.0    29.605264   639.729889   845.670231  1469.164716     5.731279   294.178479    94.292906   199.885573    80.327647    88.924699          0.0   288.977596   284.487634          0.0    -3.252345     3.716519
      1932.0    33.730033   646.127103   851.883383  1473.579612     5.704744   301.593378    99.189880   202.403498    80.770261    88.036716          0.0   288.857550   284.257871          0.0     4.940012     2.851560
      1933.0    31.867333   652.588067   860.169400  1478.741704     5.624422   299.648546    97.419790   202.228756    81.035144    90.949248          0.0   288.961659   284.558521          0.0    -1.815475     4.752012
      1934.0    29.755082   659.114095   867.073670  1483.430476     5.725025   304.047512    97.193698   206.853814    83.230920    90.494926          0.0   289.187884   284.841282          0.0    -0.205498     2.575235
      1935.0    30.591474   665.705505   873.824097  1487.736729     5.676230   305.581009    97.941089   207.639920    83.701952    90.916931          0.0   289.270869   284.869598          0.0     0.273731     2.908726
      1936.0    27.873013   672.362406   880.711427  1492.271556     5.555598   300.697860    94.579728   206.118132    83.336258    90.921355          0.0   289.324613   284.976900          0.0    -3.228958     3.050269
      1937.0    27.407876   679.086408   882.540301  1496.715300     5.613036   299.773922    95.229071   204.544852    83.599430    92.241131          0.0   289.409944   285.090816          0.0     1.159065     4.197958
      1938.0    31.471316   685.876959   888.453442  1500.580986     5.831430   303.971091    97.846238   206.124853    82.852483    89.283114          0.0   289.319681   284.939914          0.0     2.649983     2.564946
      1939.0    29.698020   692.735670   894.890374  1504.305727     5.691048   308.070775    97.317108   210.753667    84.231759    91.755631          0.0   289.379046   285.100237          0.0    -0.875455     3.799131
      1940.0    32.673525   699.663224   900.275331  1509.305688     5.554516   306.439638    99.157396   207.282243    83.463924    91.625048          0.0   289.189416   284.799837          0.0     2.147391     3.161163
      1941.0    33.765600   706.659449   907.123151  1514.559751     5.822788   309.710119   100.213266   209.496854    83.529890    92.330489          0.0   289.264346   284.879504          0.0     1.034958     3.546536
      1942.0    30.392451   713.726193   913.789299  1519.782392     5.668888   309.401950    98.540941   210.861009    84.630867    93.534392          0.0   289.426722   285.022279          0.0    -1.659600     3.680885
      1943.0    28.444254   720.863767   918.532329  1523.713149     5.643479   312.045064    98.653140   213.391924    87.504810    93.927618          0.0   289.546817   285.413829          0.0    -0.017507     2.492050
      1944.0    33.437154   728.072417   922.388364  1528.689477     5.776630   310.960108   100.596694   210.363413    85.128999    94.389327          0.0   289.296708   284.917850          0.0     2.351332     4.284001
      1945.0    32.020120   735.353073   928.524698  1533.798785     5.811155   316.148086   100.894352   215.253734    85.758690    94.752374          0.0   289.454297   285.113969          0.0     0.005643     3.884376
      1946.0    27.603585   742.706399   934.952908  1538.155749     5.718017   314.570861    98.002136   216.568724    87.949505    94.613822          0.0   289.618399   285.346390          0.0    -3.039895     2.307352
      1947.0    30.914269   750.133147   934.408627  1543.232854     5.842385   316.484667   100.884190   215.600477    87.700087    98.067678          0.0   289.463675   285.181854          0.0     3.360792     5.290486
      1948.0    29.769291   757.634786   941.546494  1547.206266     5.830999   317.900335   100.066484   217.833851    87.801408    93.789163          0.0   289.542640   285.176640          0.0    -0.860546     2.014343
      1949.0    28.826760   765.211200   946.880432  1549.818491     5.498141   316.603327    99.408085   217.195241    88.454142    94.445568          0.0   289.734158   285.488195          0.0    -0.371420     3.379202
      1950.0    30.265752   772.863458   952.562788  1552.584669     5.661880   316.264171    99.550223   216.713948    87.698346    93.730499          0.0   289.647516   285.350536          0.0     0.137368     3.265975
      1951.0    30.981730   780.592079   957.524360  1555.902817     5.723215   319.723016   100.208429   219.514588    87.723300    94.728549          0.0   289.719695   285.399843          0.0     0.518308     3.687101
      1952.0    30.796969   788.397902   962.838657  1559.610917     5.580181   320.469177   100.056233   220.412944    88.151640    94.943954          0.0   289.656641   285.400543          0.0    -0.202018     3.084214
      1953.0    34.137614   796.282068   968.098066  1564.002002     5.865311   320.874483   101.645327   219.229156    86.377834    94.298259          0.0   289.462462   285.024806          0.0     2.087659     3.529341
      1954.0    28.296607   804.244890   973.197612  1568.301221     5.724766   319.517988    98.251667   221.266321    88.069616    96.918911          0.0   289.744311   285.439033          0.0    -3.766790     4.550076
      1955.0    28.146419   812.287305   975.905744  1571.361726     5.748296   318.007302    98.851347   219.155955    89.574645    94.976113          0.0   289.823214   285.637424          0.0     1.167103     2.340962
      1956.0    33.018838   820.410099   979.119236  1573.755015     5.747870   327.507555   103.358317   224.149238    90.032759    95.444360          0.0   289.807612   285.640104          0.0     4.700464     3.018313
      1957.0    32.495090   828.614169   985.802863  1578.014127     5.760707   326.343856   101.423901   224.919955    88.963353    97.187358          0.0   289.760981   285.496446          0.0    -2.447084     3.964893
      1958.0    32.168387   836.900113   988.456413  1582.969774     5.685228   329.370257   102.900588   226.469670    90.699899    98.530885          0.0   289.869170   285.650814          0.0     1.716153     2.875339
      1959.0    34.261348   845.269030   991.724461  1589.002008     5.887234   330.718992   103.699373   227.019620    89.681585   100.251404          0.0   289.673874   285.432203          0.0     0.179921     4.537586
      1960.0    31.654532   853.721826   996.672784  1594.715793     5.963429   327.150056   101.953428   225.196628    90.239246    98.003557          0.0   289.713520   285.497174          0.0    -0.998453     2.050527
      1961.0    27.127853   862.259092  1001.841102  1596.822622     5.714914   321.946346    98.864697   223.081648    91.338678    96.162017          0.0   289.889471   285.673199          0.0    -2.465637     2.716509
      1962.0    30.206574   870.882119  1003.365088  1598.949240     5.832360   321.188660   100.424722   220.763939    90.458524    96.792887          0.0   289.814736   285.522884          0.0     2.107848     4.207746
      1963.0    34.461647   879.590304  1007.700062  1601.732424     5.739656   331.760326   103.890749   227.869576    89.724820    96.322775          0.0   289.801177   285.357989          0.0     3.233001     3.814771
      1964.0    28.613051   888.386139  1012.847387  1605.071759     5.585285   330.634011   100.552065   230.081946    92.325055    98.996108          0.0   290.094713   285.958020          0.0    -3.591369     3.331719
      1965.0    29.613378   897.270565  1009.843545  1609.951423     5.582610   332.881220   102.309695   230.571525    93.401347   103.473578          0.0   290.082313   285.838400          0.0     1.839960     5.192566
      1966.0    31.617287   906.243365  1011.085756  1615.392347     5.988233   335.108081   103.880151   231.227930    93.521755   101.292618          0.0   289.977505   285.589564          0.0     1.345322     2.329939
      1967.0    27.576830   915.305452  1014.118747  1618.818329     5.802659   327.629770    99.428381   228.201389    92.719995   100.014410          0.0   290.076028   285.876241          0.0    -3.619020     3.868433
      1968.0    28.941331   924.458511  1017.150057  1620.552628     5.598647   322.982072    99.609895   223.372177    91.581827    95.244082          0.0   290.121561   285.930445          0.0     1.334502     1.927956
      1969.0    29.688813   933.703705  1018.238953  1621.888771     5.628977   323.711652   100.011843   223.699809    91.435213    98.105300          0.0   290.080064   285.810290          0.0     0.817647     5.333944
      1970.0    31.375642   943.039894  1022.910627  1623.636578     5.617529   327.811735   101.081748   226.729986    91.132176    95.308639          0.0   290.248189   286.177499          0.0     1.101435     2.428656
      1971.0    27.954004   952.470132  1017.692153  1629.559637     5.792626   323.396852    98.238618   225.158234    92.335951   105.928075          0.0   290.229147   285.896860          0.0    -2.470983     7.669065
      1972.0    27.515279   961.995455  1020.385594  1632.496280     5.855021   329.787486    99.932688   229.854798    94.285128    95.809693          0.0   290.316576   286.139523          0.0     1.429554    -1.412078
      1973.0    33.418737   971.615061  1023.639707  1632.595390     5.722224   334.466448   103.066227   231.400221    91.447691    96.836016          0.0   290.169499   285.978624          0.0     2.976099     5.289215
      1974.0    32.231192   981.331691  1028.889115  1634.342858     5.845280   332.549542   101.508237   231.041305    91.831041    96.971660          0.0   290.233759   285.906906          0.0    -0.712831     3.393151
      1975.0    29.131476   991.145068  1033.928010  1634.691878     5.621324   328.607134    98.784160   229.822973    91.934973    96.267264          0.0   290.311921   286.116230          0.0    -2.521998     3.983271
      1976.0    31.203712  1001.056267  1029.632838  1639.234613     5.760598   329.996874   100.403187   229.593687    92.073903   102.797061          0.0   290.300212   286.136292          0.0     1.901298     6.180424
      1977.0    30.368411  1011.066369  1031.501145  1642.903423     5.588925   331.634020   100.712603   230.921417    93.054181    98.180116          0.0   290.352531   286.099489          0.0     0.664180     1.457125
      1978.0    31.569855  1021.177823  1034.744394  1644.374996     5.708262   332.765309   101.440867   231.324442    93.025351    97.357631          0.0   290.500542   286.399864          0.0     0.839987     2.860707
      1979.0    29.794130  1031.388916  1033.442161  1646.513959     5.758748   337.013514   101.385594   235.627920    95.750560   102.167705          0.0   290.570633   286.411611          0.0     0.520121     4.278182
      1980.0    31.594440  1041.702443  1030.714472  1651.369484     5.661490   332.933491   102.206751   230.726740    94.437590   103.955183          0.0   290.360598   286.204478          0.0     0.979257     4.662068
      1981.0    32.098436  1052.119875  1031.353085  1655.472328     5.827709   335.226436   102.494052   232.732384    93.999702   100.710225          0.0   290.424864   286.176618          0.0     1.145215     2.607679
      1982.0    30.291825  1062.641343  1037.067584  1655.900422     5.704730   336.730873   101.030500   235.700373    94.804564    97.072862          0.0   290.584063   286.504686          0.0    -1.756862     1.840204
      1983.0    33.272377  1073.267637  1040.741036  1655.800822     5.703328   334.088505   101.518837   232.569668    92.873215    96.702553          0.0   290.589552   286.417607          0.0     1.142832     3.928937
      1984.0    34.117680  1083.999959  1042.725929  1657.063707     5.764785   337.128532   102.715613   234.412920    93.179075    99.234264          0.0   290.530200   286.288121          0.0     1.496456     4.792304
      1985.0    34.314391  1094.840028  1044.599811  1660.445408     5.765650   341.035870   103.111395   237.924475    93.439577   101.159242          0.0   290.537980   286.235709          0.0     0.078271     4.337964
      1986.0    35.300218  1105.788981  1048.504113  1662.936370     5.483616   342.131606   104.812651   237.318955    94.419802    99.027468          0.0   290.644420   286.427713          0.0     1.880881     2.116705
      1987.0    35.499446  1116.846723  1053.436400  1664.347647     5.889015   349.667025   105.100966   244.566059    95.370180    99.818327          0.0   290.803331   286.736318          0.0     0.350352     3.036870
      1988.0    33.653100  1128.015094  1055.532154  1666.312808     5.640107   348.512274   104.233797   244.278477    96.717999   102.530284          0.0   290.797027   286.776935          0.0    -0.392241     3.847124
      1989.0    37.393318  1139.295000  1057.221843  1670.119005     5.844899   347.477013   105.866232   241.610781    94.546040   102.406244          0.0   290.706636   286.516297          0.0     1.770299     4.054007
      1990.0    34.321638  1150.688128  1060.385941  1674.254799     5.785899   342.067985   103.092810   238.975175    95.197711   102.147335          0.0   290.881821   286.850865          0.0    -2.218624     2.813829
      1991.0    32.977189  1162.194832  1064.077768  1675.075666     5.667902   345.372350   103.618831   241.753518    96.980602    99.205041          0.0   290.928667   286.884627          0.0     0.721964     1.403572
      1992.0    38.390056  1173.817384  1066.809545  1675.469924     5.704014   347.190451   106.769361   240.421090    94.370459   100.683244          0.0   290.820833   286.713881          0.0     3.354340     5.918527
      1993.0    36.305265  1185.555096  1070.867266  1678.744738     5.823821   348.101162   104.669562   243.431600    95.152347   102.440475          0.0   290.982473   286.868568          0.0    -1.828634     4.013314
      1994.0    34.443906  1197.410268  1076.390181  1679.569749     5.498732   351.888376   104.993574   246.894801    97.445402    99.444320          0.0   291.102132   287.167960          0.0     0.026339     1.173907
      1995.0    38.360712  1209.384626  1079.666359  1680.625828     5.767067   351.613549   106.401323   245.212226    95.788397   101.135435          0.0   290.948428   286.863260          0.0     1.989711     4.290960
      1996.0    37.065660  1221.479127  1083.504337  1683.479316     5.629729   348.377557   104.811917   243.565640    95.656791   102.143826          0.0   290.987731   286.872652          0.0    -1.169887     3.633547
      1997.0    32.671511  1233.692933  1088.856411  1683.379178     5.654037   343.982803   102.287341   241.695461    96.933936    98.997261          0.0   291.207147   287.330317          0.0    -2.061994     2.163463
      1998.0    39.966430  1246.030618  1086.357672  1686.490218     5.965040   344.988293   106.104118   238.884176    94.678985   104.231571          0.0   290.949097   286.875593          0.0     4.371286     6.441546
      1999.0    36.252152  1258.490960  1092.777873  1689.094410     5.591828   351.715912   104.980961   246.734951    96.806948   100.214242          0.0   291.144604   287.041697          0.0    -1.653483     0.803102
      2000.0    33.619579  1271.075874  1093.187309  1689.766997     5.587894   352.266867   103.937442   248.329425    99.151158   103.539519          0.0   291.376735   287.340064          0.0    -0.011512     3.715773