        time     emission          CO2         cveg        csoil        fgco2         fgpp         fnpp           ra          frh     fvegsoil         fluc          tas     tas_land        cprod     fcvegout    fcsoilout
      1850.0    -0.409017   283.923842   538.622347  1487.691279     0.088897   109.348699    58.089204    51.259499    57.151478    56.630094          0.0   288.112287   283.765935    43.064129     1.794154     1.060516
      1851.0    -2.303010   284.055342   537.662365  1486.436866    -0.044323   108.535338    57.198092    51.337233    57.909701    56.384223          0.0   288.272794   284.030453    48.878685     1.773865    -0.271064
      1852.0    -1.276826   284.196702   536.077449  1485.509939     0.033959   108.056329    57.274602    50.781715    56.992111    56.414542          0.0   288.190852   283.953257    52.951172     2.444989     0.349357
      1853.0    -0.174604   284.328199   535.090342  1485.034290     0.115513   107.824734    57.408071    50.416712    56.049031    55.987770          0.0   288.012591   283.684435    55.935097     2.407358     0.414389
      1854.0     0.195150   284.443257   534.546390  1485.176242     0.189922   108.131489    57.611684    50.519801    55.894746    55.873894          0.0   288.027219   283.682724    58.147305     2.281746    -0.162804
      1855.0    -1.039772   284.545169   534.017469  1484.747194     0.220112   108.123261    57.372737    50.750517    56.875645    56.071769          0.0   288.262262   284.007669    59.824810     1.829897    -0.374829
      1856.0    -0.488296   284.660230   533.441168  1483.962236     0.292048   108.538575    57.659162    50.879395    56.694552    55.986763          0.0   288.238845   284.034212    61.111259     2.248719     0.077169
      1857.0    -0.859129   284.804879   533.014041  1483.145556     0.233650   108.367997    57.454675    50.913343    56.856431    55.907667          0.0   288.294418   284.098109    62.242012     1.974115    -0.132085
      1858.0    -1.397349   284.969246   531.928202  1482.229440     0.256060   106.838714    56.579497    50.259188    56.574070    55.719467          0.0   288.215444   283.987733    63.206844     1.945896     0.061513
      1859.0    -0.182779   285.146776   531.179014  1481.581729     0.406934   107.408408    57.160445    50.247953    56.115060    55.608710          0.0   288.190785   283.860354    64.004364     2.300934     0.141360
      1860.0    -0.085104   285.337447   531.015868  1480.897770     0.256197   109.167508    57.966575    51.200949    56.768509    55.921560          0.0   288.299352   283.973239    63.775501     2.208146    -0.162990
      1861.0    -0.942812   285.524831   530.842989  1479.895064     0.289461   107.235529    56.854197    50.381331    56.560432    55.460336          0.0   288.238409   284.061198    63.847622     1.566741    -0.097391
      1862.0     0.705174   285.699073   530.763130  1479.132576     0.440807   108.379010    57.858897    50.520086    56.046913    55.486122          0.0   288.189089   284.010533    64.004379     2.452662     0.201697
      1863.0    -0.071745   285.870008   530.813282  1478.525191     0.363799   107.404131    57.121771    50.282345    56.003207    55.523230          0.0   288.174427   283.885449    64.268883     1.548405     0.127408
      1864.0     0.048917   286.040957   530.430353  1478.167587     0.361110   107.992666    57.360787    50.631916    56.115930    55.692402          0.0   288.278021   283.951765    64.539154     2.051277    -0.065924
      1865.0    -1.421025   286.211908   530.335265  1476.827012     0.286461   108.658491    57.408972    51.249511    57.560408    55.539962          0.0   288.486535   284.454779    64.913101     1.964106    -0.679871
      1866.0    -0.579208   286.382858   530.394795  1475.066037     0.223791   108.874976    57.864374    51.010563    57.108247    55.677054          0.0   288.285753   284.142667    65.307823     2.127830     0.329782
      1867.0     0.929212   286.547227   530.511336  1474.462777     0.179645   108.186261    57.952534    50.233751    55.629306    55.751727          0.0   288.017900   283.771411    65.691750     2.084243     0.725681
      1868.0     1.456930   286.695163   531.300391  1474.569905     0.277261   109.607250    58.700925    50.906323    55.908386    55.881302          0.0   288.155888   283.745956    66.024521     2.030571    -0.134212
      1869.0     0.856729   286.826658   532.081839  1474.340524     0.264617   109.500028    58.500527    50.999502    56.263028    55.987026          0.0   288.237152   284.028105    66.411880     1.732052    -0.046621
      1870.0     0.047460   286.954871   531.632685  1474.325543     0.245620   107.708542    57.345892    50.362655    55.719906    55.870773          0.0   288.214053   283.894399    68.815544     1.924267     0.165848
      1871.0    -0.267723   287.096232   531.223326  1474.011394     0.272672   109.307436    58.141877    51.165550    56.840299    55.963359          0.0   288.378231   284.060020    70.498199     2.587886    -0.562792
      1872.0    -1.289996   287.263893   530.798101  1472.701544     0.340947   108.911088    57.569048    51.342019    57.378737    55.890549          0.0   288.529243   284.379871    71.890869     2.103745    -0.178337
      1873.0    -0.336354   287.454564   529.948640  1471.858968     0.327047   107.268259    57.110720    50.157528    55.980021    55.664267          0.0   288.237400   284.097386    73.173439     2.295925     0.526821
      1874.0     0.872683   287.661673   529.592946  1471.933546     0.332304   108.112092    57.805106    50.306989    55.483506    55.818424          0.0   288.186903   283.850098    74.278320     2.342373     0.260340
      1875.0     0.712653   287.885222   529.684996  1471.788790     0.488063   109.705675    58.408119    51.297555    56.414940    55.744181          0.0   288.450124   284.200721    75.329315     2.571888    -0.526003
      1876.0    -1.892214   288.115342   529.053552  1470.577820     0.467660   108.031271    56.938354    51.092960    57.517441    55.842845          0.0   288.598935   284.451411    76.287956     1.726911    -0.463625
      1877.0    -0.915514   288.348752   528.016150  1469.141578     0.369150   107.645660    57.038097    50.607550    56.535948    55.463712          0.0   288.381755   284.244605    77.218658     2.611799     0.364006
      1878.0     1.072985   288.585447   527.591336  1468.697605     0.375775   108.732988    58.101047    50.631954    55.603647    55.734766          0.0   288.193441   283.904814    78.129669     2.791083     0.575091
      1879.0     1.557573   288.822145   527.732159  1468.927452     0.400865   109.125091    58.406550    50.718542    55.436286    55.754182          0.0   288.183147   283.914434    78.947334     2.511543     0.088049
      1880.0     0.058155   289.068709   527.588589  1468.997359     0.300282   108.176109    57.594926    50.581174    56.058140    55.840062          0.0   288.175941   283.851161    79.302696     1.898444    -0.287984
      1881.0     1.816580   289.334985   527.901812  1468.772534     0.361114   110.326004    59.075920    51.250082    55.870657    55.830321          0.0   288.213036   283.956071    79.975418     2.932378     0.184489
      1882.0     0.881333   289.604559   528.438346  1468.631194     0.479100   109.791767    58.456737    51.335028    56.293999    55.959676          0.0   288.353379   284.247590    80.677094     1.960530    -0.192984
      1883.0     0.883145   289.857691   528.218717  1468.317745     0.372908   109.224735    58.164880    51.059869    55.839019    55.836404          0.0   288.231039   284.033041    81.439835     2.548090     0.310835
      1884.0     2.759085   290.114114   528.223711  1469.428610     0.623990   108.613467    58.304678    50.308801    54.343538    56.097768          0.0   287.883874   283.486649    82.132690     2.201905     0.643364
      1885.0     1.861556   290.393543   527.826993  1470.742106     0.610817   108.062117    57.902656    50.159466    54.868964    55.775110          0.0   287.836012   283.456869    82.815536     2.524259    -0.407349
      1886.0     2.069438   290.692702   527.578107  1471.624363     0.595428   108.429125    58.045554    50.383552    54.815539    55.753251          0.0   287.952751   283.507975    83.505920     2.541209     0.055454
      1887.0     1.648508   291.011588   527.773327  1472.060536     0.606495   109.714480    58.549948    51.164538    55.778841    55.721104          0.0   288.145306   283.924047    84.212181     2.633619    -0.493911
      1888.0     0.068507   291.353484   527.411495  1471.811726     0.550685   108.892006    57.777605    51.114399    56.562327    56.175235          0.0   288.205121   283.946031    84.854713     1.964202    -0.138282
      1889.0     1.629485   291.701947   526.993363  1471.822897     0.416471   108.918863    58.333815    50.585066    55.427469    55.756571          0.0   288.007146   283.799344    85.554276     2.995358     0.317932
      1890.0     1.770348   292.050421   527.002790  1472.288207     0.498600   108.333968    58.024486    50.309489    54.976289    55.589792          0.0   287.896585   283.422942    87.065880     2.425259     0.148192
      1891.0     1.508067   292.405467   526.501011  1472.946833     0.471373   108.013101    57.704750    50.308347    54.867737    55.595493          0.0   287.923798   283.412688    88.365891     2.611040     0.069131
      1892.0     1.207399   292.747360   526.203383  1473.240445     0.597132   109.955595    58.541715    51.413896    56.080787    55.901070          0.0   288.164851   283.814791    89.380333     2.938256    -0.473330
      1893.0    -0.345934   293.066241   525.849184  1472.563401     0.494044   108.228109    57.459404    50.768721    56.388793    55.612265          0.0   288.203544   283.935069    90.318802     2.201322    -0.099484
      1894.0     0.925217   293.371974   525.264140  1472.317326     0.374433   108.016721    57.799489    50.217260    55.288941    55.525879          0.0   287.949221   283.636728    91.229378     2.858627     0.483013
      1895.0     1.621017   293.664554   525.085309  1472.929081     0.334455   108.642351    58.318171    50.324172    55.016564    55.642326          0.0   287.954344   283.611806    92.191147     2.854684     0.014008
      1896.0     1.211828   293.947282   524.765935  1473.459213     0.522460   108.491401    58.012256    50.479146    55.265630    55.668742          0.0   288.024116   283.631360    93.028709     2.662887    -0.127021
      1897.0     0.156389   294.236575   524.031790  1473.584216     0.489343   108.151579    57.482510    50.669050    55.766777    55.486817          0.0   288.259572   284.045173    93.820282     2.729858    -0.404963
      1898.0     0.185662   294.548881   524.138018  1472.627522     0.448582   110.230745    58.677375    51.553375    56.923950    55.671930          0.0   288.345758   284.130069    94.566429     2.899212    -0.295325
      1899.0     0.474759   294.894069   524.064374  1471.718888     0.384778   109.053697    58.245390    50.808296    56.188737    55.635812          0.0   288.206016   283.957951    95.373055     2.683233     0.355708
      1900.0     0.970753   295.249112   523.658291  1471.665705     0.512710   108.190198    57.862836    50.327317    55.410116    55.505800          0.0   288.135555   283.748247    96.553864     2.763165     0.148867
      1901.0     0.923617   295.587719   523.348388  1471.504739     0.790494   109.043928    58.115502    50.928458    55.922613    55.561451          0.0   288.302362   283.986057    97.658356     2.863921    -0.200196
      1902.0    -1.575731   295.913173   522.607379  1470.112180     0.618843   108.023826    57.031418    50.992423    57.120699    55.180655          0.0   288.454435   284.371423    98.591125     2.591757    -0.547484
      1903.0     2.218952   296.232056   522.196189  1469.461198     0.814402   108.614253    58.320601    50.293657    54.778377    55.278411          0.0   287.980417   283.566719    99.478004     3.453374     1.151018
      1904.0     1.779675   296.547651   522.180355  1470.137707     0.719771   108.506755    58.122670    50.384068    54.887008    55.431368          0.0   288.049717   283.599125   100.359795     2.707152    -0.132149
      1905.0     1.074702   296.882972   521.646101  1470.562746     0.603086   108.264080    57.850050    50.414023    55.229761    55.477666          0.0   288.110779   283.767066   101.289948     2.906645    -0.177134
      1906.0     0.921874   297.261030   521.249903  1470.508789     0.565357   108.575667    58.022814    50.552808    55.588797    55.316564          0.0   288.149775   283.860882   102.167740     3.102492    -0.218277
      1907.0     0.689239   297.675259   521.106321  1470.210401     0.650224   109.049166    58.054624    50.994528    55.992655    55.552608          0.0   288.274355   284.030352   103.065094     2.645612    -0.141659
      1908.0    -0.009488   298.099333   520.419153  1469.419236     0.547544   108.842050    58.021372    50.820679    56.554355    55.506241          0.0   288.239290   283.915766   103.841057     3.202298    -0.256948
      1909.0     1.017204   298.523409   519.824268  1468.873862     0.566518   108.055552    57.846847    50.208711    55.357898    55.429164          0.0   288.117926   283.832332   104.713219     3.012561     0.616641
      1910.0     1.494662   298.960645   519.645677  1468.935933     0.598107   108.681446    58.232361    50.449076    55.359707    55.229698          0.0   288.175283   283.849301   104.917007     3.181264    -0.192080
      1911.0     0.270042   299.427462   519.489940  1468.358840     0.777399   109.013054    57.982781    51.030264    56.563291    55.361801          0.0   288.424866   284.132061   105.432617     2.776725    -0.624397
      1912.0    -0.854014   299.940303   518.746027  1466.837232     0.724322   108.023908    57.136422    50.887484    56.870209    55.537279          0.0   288.457622   284.300104   105.915855     2.343058     0.188678
      1913.0     1.362675   300.476156   517.334763  1466.277026     0.758299   106.857983    57.161729    49.696262    54.757315    54.912244          0.0   288.019598   283.701234   106.495903     3.660741     0.715135
      1914.0     2.897106   300.998870   517.593219  1466.575145     0.972153   108.846984    58.583158    50.263819    54.830218    55.050573          0.0   288.056548   283.688608   106.945992     3.274136    -0.077764
      1915.0     2.866207   301.521569   518.561221  1466.386608     0.766884   111.173135    59.624828    51.548311    55.677292    55.224344          0.0   288.329204   284.110460   107.548622     3.432478    -0.264411
      1916.0    -0.287181   302.054130   519.142989  1465.355805     0.844999   109.625033    58.026125    51.598905    57.304876    55.494967          0.0   288.529200   284.446204   108.210449     1.949394    -0.779106
      1917.0    -0.819391   302.563687   518.103886  1463.386444     0.818150   107.660151    57.043862    50.616296    56.772611    55.034345          0.0   288.449682   284.367100   108.879417     3.048613     0.231095
      1918.0     1.502135   303.007490   517.231239  1462.625569     0.750997   107.831986    57.849198    49.982793    55.040451    55.030633          0.0   288.077235   283.673676   109.484406     3.691206     0.751057
      1919.0     2.542419   303.405274   517.439903  1462.960333     0.838906   108.815957    58.446643    50.369292    54.575194    55.069194          0.0   288.115345   283.715674   110.081253     3.168807     0.159237
      1920.0     2.221556   303.799766   517.741132  1463.201226     0.906632   109.956608    58.857143    51.099471    55.253935    55.408850          0.0   288.292366   283.965008   111.792076     3.147057    -0.085978
      1921.0     0.876691   304.171249   518.000489  1462.878060     0.910707   109.921584    58.556603    51.365007    56.227077    55.288228          0.0   288.462122   284.283736   113.107056     3.008992    -0.615682
      1922.0    -0.581345   304.513139   517.237746  1461.682428     0.817403   107.836673    57.220796    50.615878    56.169270    54.970069          0.0   288.343409   284.230208   114.245071     3.013469    -0.003569
      1923.0     1.693671   304.851737   516.924924  1461.226878     0.841672   108.707319    58.348340    50.358979    55.025431    55.073996          0.0   288.096895   283.811941   115.154686     3.587166     0.504116
      1924.0     1.665612   305.157479   516.483708  1461.458462     0.891608   108.379312    58.126778    50.252557    54.795543    55.201633          0.0   288.090226   283.654150   115.907211     3.366337     0.174505
      1925.0     1.592553   305.374451   516.699035  1461.650552     0.676854   109.405352    58.634080    50.771281    54.969250    55.129487          0.0   288.145292   283.831349   116.613564     3.289256    -0.031852
      1926.0     1.171306   305.545396   516.869723  1461.595218     0.739614   110.178638    59.018267    51.160369    55.718624    55.340843          0.0   288.234878   283.970620   117.384476     3.506738    -0.322447
      1927.0     1.064132   305.729494   517.671722  1460.843728     0.713987   111.286728    59.587618    51.699091    56.374620    55.311154          0.0   288.390857   284.121964   118.217499     3.474484    -0.311977
      1928.0    -0.996024   305.903728   517.417328  1460.017996     0.578371   108.317522    57.459644    50.857888    56.123689    55.426924          0.0   288.433800   284.252220   118.979134     2.287105     0.128967
      1929.0     0.491744   306.054951   516.991069  1459.208391     0.551842   110.211163    58.946091    51.265090    56.031824    55.304378          0.0   288.353580   284.202761   119.818069     4.067953     0.082159
      1930.0     0.579344   306.209465   516.773608  1458.832541     0.586930   108.822914    58.327252    50.495689    55.275294    55.308291          0.0   288.194752   283.874122   121.518066     3.236396     0.408847
      1931.0     1.054987   306.409997   516.289883  1458.945416     0.745062   109.056204    58.404497    50.651712    55.087682    55.222162          0.0   288.288696   283.917735   122.979614     3.666055     0.021604
      1932.0     0.739177   306.672993   516.362954  1458.673276     0.638586   110.571835    59.203933    51.367918    56.184632    55.410325          0.0   288.400974   284.154297   124.295456     3.720522    -0.502167
      1933.0     0.772918   306.988587   516.235546  1458.020686     0.657453   109.630278    58.737982    50.892316    55.795787    55.202523          0.0   288.371661   284.208394   125.567833     3.662847     0.059326
      1934.0     1.138234   307.366651   516.141014  1457.608191     0.797224   109.607597    58.741191    50.866424    55.686407    55.433767          0.0   288.389252   284.186085   126.642860     3.401938     0.159855
      1935.0     0.902400   307.879495   516.059722  1456.995024     0.768440   110.189351    58.812985    51.376369    56.227734    55.327710          0.0   288.468904   284.279443   127.665573     3.566564    -0.286857
      1936.0     2.530443   308.569865   515.870801  1456.462980     0.821137   110.354400    59.279486    51.074933    55.462853    55.532208          0.0   288.258282   284.058716   128.658234     3.936180     0.601399
      1937.0     3.527370   309.273368   516.258061  1456.772102     0.788027   110.824467    59.811503    51.012952    54.977381    55.493045          0.0   288.190350   283.945125   129.663025     3.931210     0.206542
      1938.0     1.786657   309.865112   516.633073  1457.151077     0.847553   109.839113    58.882293    50.956826    55.588218    55.318191          0.0   288.403971   284.189040   130.660675     3.189085    -0.649002
      1939.0     1.412917   310.400965   516.483736  1456.618346     0.780703   110.521895    59.100363    51.421551    55.980274    55.471095          0.0   288.482938   284.205461   131.505737     3.778585     0.023553
      1940.0     0.020706   310.903944   515.753956  1455.810183     0.841148   110.157877    58.487762    51.670123    56.623216    55.540693          0.0   288.620260   284.537423   133.535049     3.676842    -0.274361
      1941.0    -0.062683   311.347749   514.791179  1454.801938     0.839421   109.039583    58.052073    50.987486    56.089312    55.250877          0.0   288.485820   284.280099   135.401489     3.763997     0.169809
      1942.0     0.956063   311.696215   513.553594  1454.524021     0.747167   108.409590    58.199308    50.210277    54.891141    55.122705          0.0   288.284468   284.118314   136.920685     4.314193     0.509481
      1943.0     2.144796   311.903322   513.280488  1454.969237     0.911838   109.774554    59.229159    50.545387    54.571428    55.289112          0.0   288.154844   283.839840   138.230896     4.213163     0.272469
      1944.0     1.579410   311.962494   513.539048  1455.323696     1.000069   112.043020    60.157208    51.885782    55.803443    55.462220          0.0   288.512107   284.361620   139.393219     4.436457    -0.695682
      1945.0    -2.804784   311.952632   513.186203  1453.977484     0.868494   108.544444    57.409175    51.135285    57.138108    55.209530          0.0   288.596465   284.553915   140.625336     2.552475    -0.582366
      1946.0     0.324594   311.972358   511.811896  1452.951671     0.814595   109.569429    58.833724    50.735707    55.417115    55.205450          0.0   288.343423   284.217349   141.771942     5.002577     0.814149
      1947.0     1.516677   312.031532   511.937691  1452.894141     0.681159   110.619203    59.716486    50.902740    55.038595    55.270407          0.0   288.209512   283.985920   142.821533     4.320262     0.289342
      1948.0     1.959357   312.100568   512.256423  1453.381984     0.777171   110.879620    59.855871    51.023747    54.820756    55.403188          0.0   288.281424   284.000602   143.809891     4.133953     0.094590
      1949.0     0.900196   312.212345   512.655049  1453.579263     0.729901   111.299552    59.715400    51.584178    55.764755    55.453040          0.0   288.438749   284.184730   144.921692     3.863709    -0.508995
      1950.0    -1.233850   312.383292   511.933273  1452.554105     0.686922   110.051925    58.633666    51.418276    56.652675    55.266175          0.0   288.561631   284.427958   148.672043     4.089249    -0.361343
      1951.0     1.305092   312.606840   510.933191  1452.206782     0.495236   110.180727    59.394477    50.786262    54.695480    55.384020          0.0   288.243672   283.908078   151.643585     5.010527     1.035863
      1952.0     1.202142   312.915862   510.461926  1452.880192     0.537853   110.423485    59.423386    51.000089    54.994021    55.369605          0.0   288.239961   283.747778   153.935089     4.525056    -0.297826
      1953.0    -0.285676   313.284056   509.356028  1452.814018     0.573552   109.285461    58.446827    50.838599    55.619022    55.233522          0.0   288.457323   284.281686   156.195389     4.319238    -0.319325
      1954.0     0.243608   313.642386   507.732589  1452.774832     0.578473   108.659611    58.373919    50.285651    54.950086    55.148496          0.0   288.292208   284.007952   158.242630     4.848903     0.237596
      1955.0     1.270367   313.964559   507.186557  1452.980373     0.542881   110.224866    59.414978    50.809907    54.811600    55.039334          0.0   288.295068   284.030697   160.059219     4.921657     0.022193
      1956.0     0.782081   314.260428   507.202402  1452.620216     0.604310   112.373404    60.381310    51.992121    56.209456    55.230192          0.0   288.542059   284.453907   161.855942     5.135246    -0.619107
      1957.0    -1.187222   314.566161   506.084392  1451.581246     0.748754   108.392823    57.788192    50.604655    55.717588    55.115198          0.0   288.474172   284.271352   163.656250     3.790980     0.436579
      1958.0     1.471164   314.931069   505.083662  1451.464189     0.726562   110.326782    59.601855    50.724931    54.927814    55.007957          0.0   288.283546   284.070368   165.426605     5.594624     0.197200
      1959.0     1.356231   315.453783   504.465721  1451.694538     0.792609   109.403112    58.957268    50.445851    54.773313    55.097475          0.0   288.327164   283.989025   166.983688     4.477727     0.093814
      1960.0     1.896543   316.144147   504.328869  1451.769562     0.912795   110.676853    59.453589    51.223298    55.602109    55.231237          0.0   288.537742   284.296864   163.121384     4.359171    -0.445896
      1961.0     0.538645   316.870670   504.398082  1450.519834     0.916960   110.548632    59.039706    51.508942    56.711080    55.072945          0.0   288.658917   284.631385   161.269073     3.897531    -0.388406
      1962.0     3.219789   317.564318   504.194019  1450.147380     0.838036   109.979514    59.439946    50.539573    54.291960    55.168499          0.0   288.241529   283.928606   160.324585     4.475506     1.248993
      1963.0     5.227860   318.221805   504.728378  1451.496066     0.949228   111.543955    60.747393    50.796553    53.627662    55.260642          0.0   288.043798   283.600904   159.922058     4.952401     0.284294
      1964.0     5.188130   318.833272   506.009841  1453.235859     1.084307   112.115892    60.967619    51.148268    53.891067    55.572178          0.0   287.997550   283.534357   160.036682     4.113983    -0.058683
      1965.0     3.838509   319.510494   506.753603  1454.592307     0.963583   112.140487    60.555267    51.585272    54.831665    55.746034          0.0   288.205787   283.835100   160.560959     4.065419    -0.442079
      1966.0     1.840539   320.312632   506.844678  1454.631094     0.977873   111.350831    59.680442    51.670383    56.192072    55.616300          0.0   288.429190   284.309385   161.444565     3.973072    -0.614559
      1967.0     3.312337   321.104905   506.379511  1454.797786     1.043119   110.317366    59.519527    50.797810    54.585077    55.429265          0.0   288.170418   283.849271   162.231339     4.555458     0.677495
      1968.0     5.125313   321.923482   506.789151  1455.927876     1.042637   112.265584    60.960814    51.304778    54.241222    55.802237          0.0   288.105452   283.700633   162.948181     4.748928     0.430926
      1969.0     4.742920   322.965607   507.353225  1457.263256     1.100834   111.906712    60.484875    51.421818    54.664355    55.650658          0.0   288.305005   283.963381   163.859787     4.270162    -0.349077
      1970.0     3.178089   324.099779   507.480466  1457.533557     1.250395   111.812124    59.962600    51.849514    56.062298    55.738633          0.0   288.465320   284.288016   164.326828     4.096736    -0.593966
      1971.0     5.370688   325.276691   507.627326  1457.858780     1.148520   112.555169    60.985953    51.569206    54.856038    55.867993          0.0   288.219161   283.878060   165.073196     4.971110     0.686733
      1972.0     6.679573   327.042067   508.025933  1459.070915     1.440789   111.976918    60.591545    51.385365    54.672934    55.810041          0.0   288.197795   283.822830   165.777786     4.382905    -0.075028
      1973.0     7.279580   329.017805   508.450380  1460.051806     1.592161   112.818847    60.995959    51.822903    55.063072    55.885103          0.0   288.353363   284.090617   166.568893     4.686394    -0.158860
      1974.0     4.375733   330.099361   508.603883  1460.860337     1.524699   112.072810    60.396264    51.676549    55.367692    56.104548          0.0   288.396568   283.987456   167.466782     4.138211    -0.071675
      1975.0     2.437722   330.526726   508.739303  1461.184186     1.541614   113.428719    60.945070    52.483638    56.464771    56.313183          0.0   288.534784   284.275237   168.224808     4.496478    -0.475438
      1976.0     3.668156   331.351896   508.562545  1460.861538     1.429869   113.189865    61.085497    52.104350    56.069231    56.196756          0.0   288.419438   284.197402   169.115768     5.065517     0.450173
      1977.0     7.512426   332.844406   509.651276  1461.802332     1.447036   114.461981    62.350288    52.111705    54.919060    56.298413          0.0   288.196570   283.803155   169.966904     4.963132     0.438558
      1978.0     7.298492   334.521003   510.937976  1463.048572     1.563720   114.271563    62.030728    52.240840    55.290946    56.341807          0.0   288.280930   283.864962   170.934814     4.402216    -0.195379
      1979.0     7.051318   336.256778   511.648900  1464.143694     1.685555   113.766468    61.531545    52.234935    55.261367    56.479163          0.0   288.370123   283.983058   171.877716     4.341446     0.122675
      1980.0     6.928409   338.041859   512.057777  1464.873316     1.891160   115.826486    62.442019    53.384478    56.424915    56.656473          0.0   288.547094   284.214095   174.513077     5.376658    -0.498064
      1981.0     3.876603   339.389705   512.189594  1464.655667     1.836984   113.768862    60.984898    52.783958    56.976914    56.588770          0.0   288.644078   284.572284   176.684204     4.264318    -0.170496
      1982.0     5.747357   340.425252   512.069035  1465.144531     1.659668   114.148895    61.966526    52.182325    55.222469    56.393316          0.0   288.299061   283.964142   178.274460     5.693812     0.681984
      1983.0     8.915228   341.815853   513.542862  1466.721772     1.936554   116.661993    63.788536    52.873447    54.874825    56.648390          0.0   288.213862   283.789327   179.741257     5.666329     0.196323
      1984.0     7.467326   343.453001   514.798648  1468.266477     2.002155   115.741016    62.742554    52.998471    55.807878    57.089191          0.0   288.369239   283.900135   181.243500     4.397569    -0.263392
      1985.0     6.978380   344.971792   515.953460  1468.863498     1.975481   118.510508    64.106260    54.404270    57.364163    57.291061          0.0   288.680260   284.551804   182.609680     5.660364    -0.670123
      1986.0     5.726263   346.523480   517.093553  1468.447314     1.950440   116.756582    62.881750    53.874817    57.386840    57.111683          0.0   288.683814   284.767795   184.110687     4.629990     0.141027
      1987.0     9.307211   348.443361   518.242614  1469.140158     1.911758   117.966187    64.344994    53.621179    55.966388    57.418791          0.0   288.380818   284.173203   185.613388     5.777156     0.759558
      1988.0    10.206305   350.563763   519.918906  1470.730900     2.147066   118.811022    64.811505    53.999535    56.135079    57.833445          0.0   288.395421   284.147603   187.153214     5.301750     0.107624
      1989.0     8.857872   352.289659   521.521567  1472.513406     2.131820   118.382851    64.398184    53.984668    56.194507    58.011399          0.0   288.530904   284.358736   188.606659     4.784122     0.034387
      1990.0     7.353851   353.601352   523.284063  1473.698690     2.172031   120.373181    65.227103    55.146062    57.834585    58.284988          0.0   288.703602   284.610479   187.759613     5.179636    -0.734881
      1991.0     4.619073   354.755246   524.553504  1473.346750     2.099069   118.675777    63.817600    54.858202    58.764769    58.299452          0.0   288.866086   284.892291   187.665421     4.248682    -0.113378
      1992.0     7.788175   355.685586   524.837507  1474.690874     2.203421   117.832016    64.216269    53.615783    55.636085    58.519355          0.0   288.204936   283.835994   187.479950     5.412874     1.539146
      1993.0     8.738239   356.583060   526.456638  1477.731073     2.002659   119.188815    65.216892    53.971934    55.439793    58.392085          0.0   288.126415   283.767853   187.467270     5.205666    -0.087907
      1994.0     9.213553   357.914492   528.333676  1480.521323     1.931355   120.253667    65.657418    54.596278    56.266414    58.846500          0.0   288.350417   284.022592   187.548874     4.933850    -0.210165
      1995.0     8.985810   359.676562   530.351243  1482.329606     2.052126   121.534684    66.053752    55.480926    57.915168    58.929590          0.0   288.578716   284.369216   187.855301     5.106600    -0.793861
      1996.0     8.471788   361.366310   532.435448  1483.244936     2.044195   122.705220    66.505669    56.199579    58.702447    59.506279          0.0   288.702110   284.574127   188.166092     4.915157    -0.111498
      1997.0     6.104979   363.098795   533.849780  1483.309090     2.073172   120.709271    64.897439    55.811816    59.578021    59.113992          0.0   288.814939   284.849241   188.707047     4.369130    -0.528182
      1998.0     9.348299   365.225796   534.310749  1484.112479     2.125073   119.879216    65.146594    54.732666    57.480046    59.371399          0.0   288.434982   284.238897   189.051498     5.314183     1.087963
      1999.0    10.366013   367.168660   535.836115  1486.079315     2.125192   121.831586    66.510379    55.321234    57.422553    59.614307          0.0   288.434243   284.291556   189.548141     5.370679     0.224918
      2000.0     8.125442   368.671020   537.166180  1487.823703     2.122941   122.753495    66.807309    55.946214    58.680699    59.782634          0.0   288.610613   284.480131   193.849167     5.694581    -0.642453
      2001.0     6.943122   370.304894   538.973728  1488.371880     2.146934   122.338086    66.073093    56.264993    59.723102    59.827418          0.0   288.828860   284.851789   192.420883     4.438127    -0.443862
      2002.0     8.975106   372.415444   539.713336  1488.817594     2.329165   122.502353    66.425451    56.076903    59.010710    59.799149          0.0   288.764589   284.725111   195.178925     5.886692     0.342725
      2003.0     9.796615   374.634463   540.735917  1489.991383     2.451074   123.256619    66.931264    56.325347    58.683325    60.096458          0.0   288.759132   284.634277   200.797485     5.812234     0.239344
      2004.0     6.660639   376.544469   541.656966  1490.393444     2.372923   123.665431    66.549219    57.116251    60.812951    60.260040          0.0   289.017708   284.979709   201.854309     5.368091    -0.954972
      2005.0     6.831354   378.421607   543.050938  1489.345995     2.353467   123.958413    66.825538    57.132860    61.070183    60.086935          0.0   289.037586   285.180947   200.298843     5.344646     0.064202
      2006.0    10.602669   380.348049   544.990912  1489.723359     2.370647   124.767683    68.181583    56.586107    58.823182    60.379549          0.0   288.652738   284.634841   199.604446     5.862053     1.179003
      2007.0    10.301038   382.202170   546.906780  1491.846993     2.529408   123.307742    67.312430    55.995314    58.115131    60.345652          0.0   288.628114   284.467467   201.197144     5.050908     0.106886
      2008.0     9.936026   384.049718   548.634958  1493.701307     2.572175   125.045263    68.165462    56.879794    59.307675    60.847354          0.0   288.799775   284.657272   202.346313     5.589937    -0.314634
      2009.0     9.211259   385.959729   549.401972  1495.044128     2.457535   125.864088    68.465876    57.398247    59.673665    60.863884          0.0   288.910430   284.841915   211.550598     6.834944    -0.152602
      2010.0     7.724975   388.116299   550.920630  1495.441123     2.598132   125.428075    67.612734    57.815348    61.274118    61.004500          0.0   289.154267   285.249236   211.707550     5.089570    -0.666613
      2011.0     9.600063   390.355050   551.287919  1496.038021     2.684720   124.897937    67.784434    57.113534    59.785158    61.302033          0.0   288.929980   284.962928   213.469543     6.115081     0.919977
      2012.0    10.406008   392.623403   551.710806  1497.612344     2.720023   125.611224    68.427883    57.183288    59.619061    61.388380          0.0   288.855023   284.834857   215.675705     6.616669     0.194996
      2013.0    10.890921   394.947618   552.655830  1499.643874     2.784649   126.546927    69.103616    57.443307    59.841552    61.651223          0.0   288.951678   284.931061   219.072113     6.507373    -0.221859
      2014.0    10.372622   396.989114   554.859816  1501.090706     2.720123   128.310988    69.824453    58.486566    60.581129    61.754154          0.0   289.100214   285.050944   218.873840     5.866283    -0.273807
      2015.0     9.893220   400.177939   556.825867  1501.171443     2.771034   126.647994    68.092116    58.555884    62.291651    61.729255          0.0   289.323784   285.642122   213.763504     4.396804    -0.643133
      2016.0    11.368061   402.420005   558.026071  1501.983347     2.775909   126.837665    69.144630    57.693062    59.956258    62.018878          0.0   288.852244   284.961385   210.764999     5.925522     1.250716
      2017.0    12.293671   405.234051   560.161196  1504.177434     2.789481   126.300138    68.750738    57.549382    59.984354    61.964352          0.0   288.902084   284.941758   208.179901     4.651278    -0.214089
      2018.0    11.904202   408.011953   561.847480  1505.846555     3.012142   127.650867    69.241560    58.409293    61.103053    62.338080          0.0   289.082391   285.047008   205.841248     5.217210    -0.434094
      2019.0     8.745711   410.835873   563.679486  1505.818284     2.885411   127.350255    68.217108    59.133166    63.263316    62.247795          0.0   289.451043   285.734579   204.038742     4.137288    -0.987250
      2020.0    10.358239   413.649919   564.433569  1505.436169     2.998224   126.878513    68.497814    58.380704    62.106355    62.502132          0.0   289.190756   285.304707   201.965775     5.241594     0.777892
      2021.0    12.921590   416.444257   566.655123  1506.303336     2.922846   129.340874    70.462316    58.878569    61.445168    62.694767          0.0   289.073700   285.147097   200.498795     5.545984     0.382432
      2022.0    12.599468   419.199138   569.524660  1507.596594     2.983035   129.609424    70.393743    59.215707    61.702451    62.872936          0.0   289.177237   285.299512   199.432297     4.651244    -0.122773
      2023.0    11.593080   421.888270   571.839849  1508.435397     2.943691   130.338384    70.478987    59.859386    62.636240    63.232294          0.0   289.376186   285.581752   198.595230     4.931514    -0.242748
      2024.0    10.019587   424.505079   574.351167  1508.425596     3.061701   131.335555    70.546524    60.789027    64.238088    63.707029          0.0   289.563127   285.864965   197.982925     4.328181    -0.521258
      2025.0     9.709128   427.056142   575.317506  1508.367711     3.067895   128.244314    69.041155    59.203174    62.897297    63.460943          0.0   289.375041   285.615172   198.001602     4.613858     0.621530
      2026.0    12.764819   429.544741   576.999975  1509.476797     3.146216   130.940018    71.332895    59.607125    61.989628    63.574932          0.0   289.188892   285.312908   198.984589     6.075492     0.476218
      2027.0    12.508666   431.974162   579.762371  1510.997561     3.012915   131.475025    71.588026    59.887033    62.209241    63.706392          0.0   289.258565   285.330122   199.737930     5.119203    -0.023612
      2028.0    11.669988   434.347702   582.762355  1512.121229     3.064430   134.757112    72.832544    61.924560    64.189483    64.729330          0.0   289.590463   285.852905   200.352509     5.103240    -0.583821
      2029.0     8.754214   436.668642   584.718828  1511.885702     3.142878   132.135505    70.950925    61.184655    65.187806    64.468700          0.0   289.713171   286.240234   200.961197     4.525676    -0.483579
      2030.0    11.849422   438.933688   586.622211  1512.275535     2.883051   133.506230    72.650192    60.856098    63.350757    64.776480          0.0   289.319530   285.597982   202.031540     5.970269     1.035890
      2031.0    12.838166   441.142855   589.213451  1514.332065     2.911454   133.900496    73.112203    60.788270    62.699699    65.026728          0.0   289.311173   285.462503   202.954178     5.494258     0.270499
      2032.0    12.871303   443.282980   592.201403  1516.606519     2.943670   135.054372    73.656812    61.397588    63.062454    65.466989          0.0   289.363912   285.322056   203.693344     5.201844     0.130081
      2033.0    10.855314   445.340922   595.143341  1518.270789     3.020395   135.600237    73.321342    62.278903    64.644814    65.624467          0.0   289.661050   285.945536   204.356308     4.754929    -0.684616
      2034.0     6.357150   447.319966   596.138564  1518.622956     2.954707   132.320348    70.457483    61.862886    66.004472    65.605825          0.0   289.842816   286.257646   205.241287     3.856415    -0.750814
      2035.0     9.501239   449.216821   596.099030  1518.974166     2.890171   132.971229    71.893794    61.077454    64.021770    65.579780          0.0   289.480044   285.724382   206.131485     6.353529     1.206800
      2036.0    10.805922   451.031493   597.540294  1520.901374     3.014539   134.428576    73.095695    61.332879    63.845288    65.826653          0.0   289.364431   285.608076   206.738052     5.827781     0.054158
      2037.0    10.703351   452.770551   599.738528  1522.891597     3.094876   135.535494    73.607051    61.928444    64.381767    66.094708          0.0   289.528338   285.767093   207.295074     5.314108    -0.277282
      2038.0     7.895800   454.434000   601.471390  1523.722127     2.998149   135.738972    72.808873    62.930115    66.112567    66.174645          0.0   289.875261   286.295318   207.899963     4.901350    -0.768452
      2039.0     6.421182   456.021839   601.949080  1523.643303     2.919431   133.460852    71.432448    62.028386    65.961054    66.098532          0.0   289.800173   286.151504   208.401886     4.856244     0.216302
      2040.0     8.900052   457.537349   602.640469  1524.484473     2.908560   135.065137    73.164231    61.900901    65.110366    66.349696          0.0   289.535591   285.819877   207.784180     6.123151     0.398160
      2041.0    10.380402   458.980541   604.321133  1526.465708     2.851727   135.093815    73.415127    61.678690    63.683064    66.498556          0.0   289.463330   285.599147   207.723038     5.235906     0.834256
      2042.0     9.248978   460.351405   606.426354  1528.705723     3.007656   137.344643    74.258783    63.085821    65.652772    66.875210          0.0   289.749376   286.068800   207.836090     5.278390    -1.017577
      2043.0     5.714609   461.646658   607.683363  1528.849703     2.859180   135.361393    72.332042    63.029324    66.952647    66.720422          0.0   290.073719   286.585070   207.908630     4.354638    -0.376205
      2044.0     7.037087   462.866299   607.794106  1529.216994     2.807281   135.052233    72.728241    62.323976    65.818453    66.855617          0.0   289.798223   286.187235   207.735580     5.761898     0.669873
      2045.0     9.575884   464.010341   609.388173  1530.915354     2.840227   136.918454    74.397847    62.520617    64.843840    66.916375          0.0   289.621626   285.933105   207.637970     5.887394     0.374174
      2046.0     8.365758   465.082038   611.375315  1532.770684     2.734297   137.676537    74.390151    63.286393    65.787751    67.355153          0.0   289.738824   286.096973   207.658051     5.047850    -0.287929
      2047.0     4.913568   466.081419   612.761226  1533.272626     2.703606   136.881229    73.279988    63.601205    67.948770    67.564863          0.0   290.004432   286.496872   207.645294     4.329250    -0.885849
      2048.0     6.174150   467.005189   612.896546  1533.734829     2.677802   135.591082    72.951805    62.639283    66.164407    67.562067          0.0   289.753866   286.115701   207.580429     5.254412     0.935457
      2049.0     6.906355   467.856639   613.674347  1535.048429     2.556126   136.989321    74.070358    62.918979    66.300446    67.303970          0.0   289.775646   286.109027   207.510864     5.988572    -0.310076
      2050.0     6.406443   468.635765   615.240072  1535.879714     2.587200   138.258050    74.517425    63.740576    67.105546    67.691264          0.0   289.921441   286.244217   207.727005     5.260486    -0.245568
      2051.0     4.535374   469.342568   616.096074  1536.143023     2.523149   136.166103    72.928249    63.237866    67.156163    67.585108          0.0   290.011675   286.498187   207.987686     4.487127     0.165636
      2052.0     6.606773   469.986903   616.152780  1537.541069     2.473572   135.985223    73.614136    62.371136    65.578507    67.666199          0.0   289.638629   285.923677   208.087219     5.891182     0.689647
      2053.0     7.776642   470.575355   617.527877  1540.007317     2.398114   136.709347    74.362699    62.346649    64.977437    67.685040          0.0   289.570347   285.790796   208.208191     5.302561     0.241356
      2054.0     7.794815   471.104632   618.642123  1543.093882     2.413377   136.980471    74.414010    62.566458    64.899110    68.156163          0.0   289.623948   285.782258   208.336227     5.143604     0.170487
      2055.0     4.500001   471.574738   619.545715  1545.100472     2.301772   137.511467    73.980587    63.530875    67.444628    68.073968          0.0   290.058179   286.553709   209.393433     5.003031    -1.377250
      2056.0     3.960188   471.985670   619.767894  1545.359661     2.294681   137.189125    73.775733    63.413414    67.617931    68.095557          0.0   290.021922   286.455814   209.979523     5.457975     0.218437
      2057.0     4.725269   472.340714   620.063980  1546.345099     2.302066   136.965483    73.904480    63.061005    66.868842    68.007639          0.0   289.874038   286.238200   210.533829     5.600752     0.153359
      2058.0     4.441249   472.643158   620.558662  1547.373175     2.277687   137.050344    73.977716    63.072625    67.076098    68.022975          0.0   289.879535   286.170887   211.076385     5.460062    -0.081198
      2059.0     3.770643   472.886428   620.877572  1548.400073     2.066556   136.272156    73.402938    62.869257    66.836324    68.067800          0.0   289.841868   286.111766   211.393768     5.016188     0.204578
      2060.0     3.829655   473.070523   620.905531  1549.813968     2.101227   136.845232    73.665233    63.179981    66.880152    68.341074          0.0   289.852171   286.236620   212.251450     5.296219     0.047026
      2061.0     3.583619   473.202017   620.247478  1551.231027     2.166093   135.217533    72.930835    62.286664    66.354903    67.880321          0.0   289.736912   286.073724   212.766586     5.708601     0.108360
      2062.0     4.871319   473.284203   620.235636  1553.219021     2.158677   136.934222    74.034610    62.899627    66.046111    68.331690          0.0   289.728852   285.969723   213.225342     5.714748     0.297585
      2063.0     2.439139   473.323652   620.700954  1554.349765     2.099128   137.833325    73.936756    63.896594    68.208721    68.225952          0.0   290.017712   286.508168   213.784882     5.245460    -1.113513
      2064.0    -0.410135   473.323652   619.766283  1553.801736     1.929431   134.981017    72.016553    62.964477    68.869641    68.077884          0.0   290.018154   286.622616   214.141037     4.873327    -0.243728
      2065.0     3.204512   473.280914   618.903284  1554.416917     1.982905   134.754725    72.813342    61.941409    66.095676    67.890471          0.0   289.635829   285.965270   213.613724     5.785844     1.179614
      2066.0     4.483129   473.195439   618.780163  1556.303703     1.973521   136.274908    73.955045    62.319830    65.860419    67.822772          0.0   289.606241   285.790068   213.483978     6.255426     0.075567
      2067.0     4.202199   473.070518   619.827937  1558.198688     2.092385   137.789395    74.408916    63.380512    66.632522    68.291471          0.0   289.832152   286.167395   213.417664     5.069637    -0.236035
      2068.0     0.285406   472.902853   619.820412  1558.594709     1.899959   136.968477    73.205819    63.762645    69.077394    68.375888          0.0   290.097495   286.683381   213.098831     4.837469    -1.097527
      2069.0     2.290406   472.689170   620.031218  1558.325423     1.768602   137.129838    74.094585    63.035237    67.756050    68.095675          0.0   289.768524   286.182598   212.852844     5.788120     0.608912
      2070.0     3.023256   472.432747   619.928465  1559.574463     1.675956   135.921401    73.741053    62.180320    66.323427    68.142881          0.0   289.550268   285.882416   214.756790     5.700954     0.570414
      2071.0     4.626018   472.133589   620.498456  1561.531860     1.837851   137.634390    74.923738    62.710655    65.946620    68.151345          0.0   289.498566   285.675852   215.867401     6.202399     0.247328
      2072.0     3.425030   471.778543   621.414504  1563.557462     1.840704   137.781939    74.641342    63.140607    66.726753    68.476526          0.0   289.644455   285.881509   216.560669     5.248759    -0.275830
      2073.0     1.020099   471.361036   621.634261  1564.741094     1.791748   136.955567    73.571552    63.384061    67.894911    68.326302          0.0   289.880930   286.266314   217.061478     5.025447    -0.752241
      2074.0    -1.178380   470.881080   620.630926  1564.471318     1.723014   135.423501    72.345085    63.078412    68.640595    68.270493          0.0   289.993753   286.428051   217.718994     5.077930    -0.100325
      2075.0     1.686313   470.338637   619.859701  1564.692279     1.661797   137.549880    74.452777    63.097098    67.576798    68.234684          0.0   289.741777   286.072121   219.446777     6.989322     0.436925
      2076.0     1.453142   469.737035   619.901424  1565.679913     1.675380   136.744408    74.012468    62.731925    67.212180    68.395759          0.0   289.710948   286.076694   220.599045     5.575003     0.195944
      2077.0     0.800908   469.072966   619.349719  1567.070940     1.605176   135.783094    73.307584    62.475525    66.957283    68.385965          0.0   289.730738   286.007733   221.530518     5.473309     0.037656
      2078.0     0.420889   468.346442   618.824008  1568.364771     1.620530   136.109474    73.357891    62.751603    67.243121    68.197155          0.0   289.860125   286.193995   222.426956     5.686427    -0.339797
      2079.0    -1.869341   467.560739   617.389662  1568.477390     1.655095   134.807081    72.121405    62.685634    68.188837    67.806363          0.0   290.037255   286.474237   223.219681     5.749430    -0.495093
      2080.0    -2.797431   466.715863   615.689284  1568.038355     1.610706   133.921468    71.551274    62.370180    68.412704    68.080123          0.0   289.979916   286.424155   223.065506     5.171542     0.106455
      2081.0     0.947631   465.818389   614.739953  1568.510234     1.477999   136.364889    73.884963    62.479907    66.754484    67.971557          0.0   289.660883   286.022277   223.391220     6.862756     0.745194
      2082.0     0.581390   464.878177   614.299908  1570.171666     1.470662   134.735546    72.984021    61.751519    66.110858    67.901292          0.0   289.626921   285.877756   223.824142     5.522781     0.129002
      2083.0     0.474750   463.901799   613.894029  1571.718771     1.461952   136.318863    73.779344    62.539499    66.927842    68.161235          0.0   289.791611   285.995361   224.111160     6.024009    -0.313712
      2084.0    -4.586481   462.899130   612.631128  1571.675332     1.390213   133.781213    71.095176    62.686034    69.167066    67.855501          0.0   290.162973   286.635253   224.295135     4.502579    -1.268126
      2085.0    -2.483383   461.870159   610.787407  1570.536902     1.359076   133.895994    71.882212    62.013783    67.938087    67.618746          0.0   289.902471   286.413374   222.560471     6.107187     0.819088
      2086.0    -0.159947   460.811601   609.830702  1571.101457     1.446744   134.027706    72.612065    61.415629    66.398044    67.451834          0.0   289.647207   285.897577   221.676682     6.116948     0.489235
      2087.0     0.799163   459.723461   610.518356  1571.980903     1.411837   137.550002    74.649686    62.900297    67.380324    67.959299          0.0   289.851389   286.179303   221.188934     6.002752    -0.300471
      2088.0    -3.005170   458.602434   610.955949  1571.453699     1.282085   136.765457    73.261695    63.503779    69.576978    68.144123          0.0   290.062998   286.568106   220.985168     4.679961    -0.905651
      2089.0     0.049527   457.451825   610.932830  1570.996162     1.089129   136.776082    74.283640    62.492473    67.304455    67.988699          0.0   289.641235   285.933762   220.908585     6.318029     1.141781
      2090.0    -0.196385   456.274907   611.046749  1572.428827     1.231342   134.122672    72.575539    61.547107    66.094824    67.866920          0.0   289.635785   285.873813   218.924118     4.594726     0.339431
      2091.0    -3.773352   455.075000   610.198001  1573.203785     1.247420   133.297189    71.236614    62.060561    68.372519    67.712279          0.0   289.944254   286.370248   217.345779     4.373097    -1.435198
      2092.0    -4.991771   453.871786   608.406608  1571.526394     1.243984   132.836354    70.868657    61.967754    69.245660    67.329265          0.0   289.986135   286.431422   215.914673     5.330728    -0.239005
      2093.0    -0.041778   452.688310   607.388299  1571.238756     0.990986   134.330714    72.800172    61.530521    66.069042    67.526281          0.0   289.593708   285.822563   214.703659     6.292221     1.744877
      2094.0     0.484994   451.531129   607.422827  1573.218582     0.922730   133.844025    72.694535    61.149445    65.441915    67.652969          0.0   289.528024   285.674417   213.847137     5.007084     0.231228
      2095.0    -0.229231   450.396960   607.712483  1575.005853     1.064759   133.998067    72.502689    61.495375    66.266166    67.360726          0.0   289.730752   285.988211   211.993820     4.852311    -0.692712
      2096.0    -1.279675   449.282525   607.694395  1575.593873     1.127026   135.064384    72.707849    62.356529    67.663647    67.766713          0.0   289.856684   286.165774   210.504303     4.959231    -0.484954
      2097.0    -4.071543   448.187793   607.050481  1574.703096     1.089356   132.490968    70.639740    61.851257    68.469178    67.142652          0.0   289.988289   286.468699   208.991592     4.140973    -0.435748
      2098.0    -0.746174   447.109509   606.086309  1574.639775     0.857404   132.523179    71.746739    60.776402    66.106782    67.013612          0.0   289.526386   285.776416   207.481613     5.697337     0.970151
      2099.0     1.444479   446.047665   606.893674  1575.883525     1.064672   134.654454    73.230372    61.424071    65.693552    67.218825          0.0   289.450576   285.611287   205.980164     5.204192     0.281524
      2100.0     0.711861   445.002260   607.771401  1577.351553     1.087823   134.948215    73.013408    61.934820    66.291517    67.472703          0.0   289.708739   285.833564   204.854675     4.662964    -0.286841