        time     emission          CO2         cveg        csoil        fgco2         fgpp         fnpp           ra          frh     fvegsoil         fluc          tas     tas_land        cprod     fcvegout    fcsoilout
      1850.0    -3.392670   284.572954   314.262699   404.217201     0.152235    71.562186    38.610051    32.952135    35.877981    34.370438          0.0   225.528865   280.149518          0.0     4.115788          0.0
      1851.0     0.582140   284.054661   314.222427   404.030337     0.013374    75.215551    41.087809    34.127741    35.481754    35.294889          0.0   225.466148   280.071199          0.0     5.833193          0.0
      1852.0    -1.417892   283.761956   314.018057   405.164151     0.039041    74.945332    40.406765    34.538567    36.454729    37.588543          0.0   225.607719   280.257848          0.0     3.022591          0.0
      1853.0     0.144719   285.081532   312.108511   404.271627     0.314256    71.983589    38.619376    33.364213    36.418745    35.526220          0.0   225.645007   280.409853          0.0     5.002702          0.0
      1854.0    -1.079244   284.780890   311.880832   403.396073     0.102645    73.450295    39.925436    33.524859    35.610099    34.734545          0.0   225.497244   280.201679          0.0     5.418570          0.0
      1855.0     1.250465   284.131883   312.258623   403.614807     0.025513    77.995854    42.912930    35.082924    35.809609    36.028342          0.0   225.443902   280.063399          0.0     6.506797          0.0
      1856.0    -1.847879   284.017444   312.502914   404.860659    -0.107755    75.029986    40.439267    34.590719    36.738081    37.983933          0.0   225.605939   280.354433          0.0     2.211042          0.0
      1857.0     1.438274   285.229495   311.105871   403.993379     0.324978    73.337698    39.501512    33.836185    36.284388    35.417107          0.0   225.651974   280.467627          0.0     5.481448          0.0
      1858.0    -0.046635   285.211972   310.661553   403.403781     0.284257    74.042283    40.406024    33.636260    35.972305    35.382707          0.0   225.527815   280.157471          0.0     5.467635          0.0
      1859.0    -1.729227   285.054279   310.616840   403.171131     0.135112    73.299666    39.619062    33.680604    35.915208    35.682558          0.0   225.573908   280.281310          0.0     3.981218          0.0
      1860.0     1.565258   285.293299   310.191957   402.584093    -0.013975    74.929718    41.066630    33.863088    35.473603    34.886566          0.0   225.507780   280.190582          0.0     6.604946          0.0
      1861.0    -0.266111   284.914969   310.472196   403.466595    -0.070281    75.227112    41.088818    34.138294    35.722050    36.604552          0.0   225.446734   279.949939          0.0     4.204028          0.0
      1862.0     0.242393   285.260510   309.966478   403.932050     0.034045    73.345322    40.163208    33.182114    35.593448    36.058903          0.0   225.454324   280.113327          0.0     4.610023          0.0
      1863.0     0.752925   285.372824   310.217239   403.659065     0.016059    75.080826    41.016423    34.064403    35.925992    35.653007          0.0   225.488036   280.161939          0.0     5.112654          0.0
      1864.0    -0.809695   285.721603   310.002997   403.691463     0.178954    73.175937    39.613232    33.562705    36.015554    36.047952          0.0   225.578282   280.357243          0.0     3.779522          0.0
      1865.0     0.551706   286.727302   308.758647   402.532364     0.349182    71.970450    38.786896    33.183554    36.086068    34.926969          0.0   225.641230   280.472397          0.0     5.104277          0.0
      1866.0    -0.983684   286.850177   308.176998   401.560653     0.470085    71.540235    38.797012    32.743223    35.692674    34.720962          0.0   225.645548   280.422327          0.0     4.657698          0.0
      1867.0    -0.754468   286.864930   307.524425   400.700628     0.548356    71.610818    38.769966    32.840852    35.276696    34.416672          0.0   225.619120   280.297623          0.0     5.005868          0.0
      1868.0     0.107762   286.834578   306.832616   400.313999     0.422720    72.432888    39.330692    33.102196    35.145613    34.758984          0.0   225.566748   280.264779          0.0     5.263516          0.0
      1869.0     0.382772   286.676718   306.870518   400.165590     0.119955    74.363572    40.694288    33.669284    35.583457    35.435048          0.0   225.581076   280.413500          0.0     5.221337          0.0
      1870.0    -0.251461   286.516412   307.111037   400.494064     0.114322    74.106732    40.212729    33.894003    35.591220    35.919694          0.0   225.600903   280.337970          0.0     4.052517          0.0
      1871.0     0.239434   286.930414   306.433060   400.485580     0.312801    73.166639    39.722448    33.444192    35.756215    35.747732          0.0   225.596797   280.232995          0.0     4.652693          0.0
      1872.0    -0.021577   287.508339   305.618981   399.877951     0.342870    72.750223    39.164487    33.585736    35.659216    35.051586          0.0   225.649448   280.410477          0.0     4.926980          0.0
      1873.0    -0.442984   287.739654   304.608399   399.335598     0.447426    71.574950    38.928209    32.646740    35.049614    34.507261          0.0   225.572464   280.302140          0.0     5.431530          0.0
      1874.0    -0.563366   287.690936   304.278658   398.823608     0.367813    72.290973    39.101240    33.189733    35.430769    34.918779          0.0   225.642169   280.394812          0.0     4.512203          0.0
      1875.0    -0.055210   287.965155   303.495375   398.501097     0.246601    72.423060    38.980914    33.442146    35.064176    34.741665          0.0   225.649857   280.392805          0.0     5.022532          0.0
      1876.0     0.372587   287.728307   303.477314   398.562005     0.028932    74.293517    40.636038    33.657479    35.203931    35.264839          0.0   225.578416   280.249323          0.0     5.389260          0.0
      1877.0     0.130212   287.863381   303.123127   398.985468     0.210808    73.238483    39.728849    33.509634    35.508485    35.931949          0.0   225.587643   280.289137          0.0     4.151087          0.0
      1878.0     0.567963   288.021939   303.095444   399.098131     0.175792    73.388053    39.941741    33.446312    35.284190    35.396852          0.0   225.582944   280.197077          0.0     4.572571          0.0
      1879.0     0.320495   288.411769   302.707993   398.981502     0.444121    73.502903    39.908694    33.594209    35.951634    35.835005          0.0   225.715278   280.590864          0.0     4.461140          0.0
      1880.0     0.447789   288.939667   301.934868   398.437479     0.396005    72.197571    39.131508    33.066063    35.368401    34.824377          0.0   225.600962   280.323538          0.0     5.080255          0.0
      1881.0     0.504040   289.024640   301.592401   398.248874     0.282075    72.783705    39.611339    33.172365    34.906565    34.717960          0.0   225.565907   280.257914          0.0     5.235846          0.0
      1882.0     0.871914   288.736264   301.896556   398.722547     0.163623    74.649979    40.813347    33.836633    34.972065    35.445738          0.0   225.510761   280.226363          0.0     5.063455          0.0
      1883.0    -0.456886   289.217884   301.312276   399.363911     0.400250    73.073806    39.994100    33.079706    36.285072    36.926437          0.0   225.585610   280.309435          0.0     3.651942          0.0
      1884.0     1.998721   289.856808   300.309435   398.684484     0.597842    72.349989    40.248002    32.101987    34.868806    34.189379          0.0   225.314208   279.601072          0.0     7.061465          0.0
      1885.0    -0.192051   289.774444   300.318250   398.777833     0.242650    72.470229    39.923481    32.546748    34.992053    35.085402          0.0   225.347793   279.830277          0.0     4.829263          0.0
      1886.0     0.938286   289.682493   300.960710   398.936226    -0.169397    75.881218    41.930307    33.950912    35.675992    35.834385          0.0   225.424120   279.989912          0.0     5.453461          0.0
      1887.0     1.502578   289.718762   301.392139   399.659693     0.067527    75.955093    42.045338    33.909755    35.669638    36.393105          0.0   225.462133   280.045907          0.0     5.220804          0.0
      1888.0     0.198482   290.574838   300.678292   400.247503     0.277113    72.806954    39.727424    33.079530    36.271237    36.859047          0.0   225.633172   280.237954          0.0     3.582224          0.0
      1889.0     1.951663   291.375194   300.152984   399.344357     0.308500    73.941379    40.531991    33.409389    35.871226    34.968080          0.0   225.686859   280.388907          0.0     6.089219          0.0
      1890.0     0.259172   291.475418   300.275917   398.945396     0.263449    74.570878    40.847580    33.723298    35.753104    35.354143          0.0   225.617733   280.259458          0.0     5.370504          0.0
      1891.0     1.170525   291.675387   300.095440   399.028834     0.267781    74.397311    41.142881    33.254430    35.710896    35.794334          0.0   225.634727   280.206667          0.0     5.529024          0.0
      1892.0    -0.353176   292.085988   299.674814   399.384749     0.365417    72.249731    39.417823    32.831909    35.633494    35.989409          0.0   225.632148   280.257429          0.0     3.849039          0.0
      1893.0     0.778917   292.788860   298.723801   398.806579     0.337010    73.590338    40.146516    33.443822    35.579104    35.000934          0.0   225.678539   280.366662          0.0     6.096595          0.0
      1894.0     0.289463   293.055841   298.373523   398.320699     0.378716    73.360321    40.348210    33.012111    35.733636    35.247756          0.0   225.687336   280.346105          0.0     5.450733          0.0
      1895.0     0.356358   293.273418   298.204589   397.839031     0.519218    72.845980    39.874103    32.971876    35.488635    35.006967          0.0   225.725343   280.453859          0.0     5.036070          0.0
      1896.0    -0.138252   293.848779   297.314525   397.466022     0.411082    72.175908    39.332552    32.843356    35.576893    35.203884          0.0   225.781920   280.524235          0.0     5.018732          0.0
      1897.0     0.826115   293.819648   297.114808   397.016454     0.338126    74.709647    40.966694    33.742954    35.476930    35.027362          0.0   225.753365   280.575781          0.0     6.139048          0.0
      1898.0     0.347494   293.797410   297.120768   397.231615     0.322096    73.752134    40.594169    33.157965    35.531780    35.746940          0.0   225.716043   280.327452          0.0     4.841268          0.0
      1899.0    -0.474335   294.540105   296.403035   396.850056     0.499634    71.539637    38.970571    32.569066    35.847952    35.466393          0.0   225.823588   280.643091          0.0     4.221911          0.0
      1900.0     0.230209   295.644616   294.881043   395.522595     0.649063    70.995020    38.746941    32.248079    35.518576    34.191115          0.0   225.867565   280.735167          0.0     6.077818          0.0
      1901.0     0.183471   295.798168   294.036899   394.417232     0.435996    72.144813    39.852715    32.292098    34.795272    33.689909          0.0   225.702284   280.322155          0.0     7.006950          0.0
      1902.0     0.724713   295.072029   294.807910   394.460934    -0.015457    75.405630    41.842397    33.563233    34.797664    34.841366          0.0   225.656288   280.309068          0.0     6.230020          0.0
      1903.0     0.532561   295.104920   294.818853   395.628675     0.260537    73.493863    40.822080    32.671782    35.342779    36.510520          0.0   225.559870   279.899464          0.0     4.300618          0.0
      1904.0     0.074400   296.141402   293.710021   395.602866     0.558396    71.331392    39.002533    32.328859    35.896309    35.870499          0.0   225.780210   280.424919          0.0     4.240865          0.0
      1905.0     1.286555   296.853978   292.528641   394.755280     0.590500    72.645174    39.961363    32.683811    35.120702    34.273116          0.0   225.775129   280.552141          0.0     6.869626          0.0
      1906.0     0.201066   296.601658   292.655026   394.583097     0.395936    74.538073    41.208702    33.329370    35.234373    35.062189          0.0   225.723828   280.353388          0.0     6.020128          0.0
      1907.0     0.840793   296.670821   292.625115   394.853968     0.340378    74.510606    41.125795    33.384811    35.353744    35.624616          0.0   225.729563   280.388887          0.0     5.531090          0.0
      1908.0     0.293715   297.085704   292.346275   395.211015     0.389514    73.301961    40.300687    33.001274    35.363464    35.720511          0.0   225.747511   280.417124          0.0     4.859016          0.0
      1909.0     1.622936   298.057276   291.216544   394.726779     0.635686    72.722685    40.027912    32.694773    35.584865    35.100628          0.0   225.859624   280.770821          0.0     6.057015          0.0
      1910.0     0.105143   298.422403   290.934401   393.961760     0.764741    72.352133    39.758011    32.594122    35.861342    35.096323          0.0   225.865728   280.723741          0.0     4.943831          0.0
      1911.0     0.899164   299.074181   290.254165   392.905883     0.832705    71.478229    39.218502    32.259726    35.027754    33.971878          0.0   225.875496   280.739547          0.0     5.926860          0.0
      1912.0     1.113218   298.923545   290.271913   392.717397     0.624253    73.054865    40.820723    32.234142    34.538375    34.349889          0.0   225.585813   280.151594          0.0     6.453087          0.0
      1913.0     1.755766   299.087206   290.057125   393.058080     0.637255    73.115095    41.099861    32.015234    34.939304    35.279986          0.0   225.528439   280.088176          0.0     6.034663          0.0
      1914.0     0.948334   299.409505   290.022860   393.656302     0.642266    73.469120    40.557164    32.911956    35.423314    36.021536          0.0   225.734287   280.379512          0.0     4.569893          0.0
      1915.0     1.682074   300.553542   289.017055   393.510497     0.790332    72.218725    39.677166    32.541559    35.647901    35.502096          0.0   225.796314   280.562445          0.0     5.180875          0.0
      1916.0     0.917134   300.968303   288.808484   393.178147     0.741289    73.035504    40.295082    32.740422    35.222726    34.890376          0.0   225.775717   280.499225          0.0     5.613276          0.0
      1917.0     2.591035   301.797823   288.125925   392.611182     0.637915    73.812490    41.044753    32.767737    35.292420    34.725455          0.0   225.736152   280.510721          0.0     7.001857          0.0
      1918.0    -0.152900   302.139154   287.904156   392.554163     0.741481    71.763030    39.552973    32.210057    35.481823    35.424804          0.0   225.794461   280.656043          0.0     4.349938          0.0
      1919.0     0.651460   303.232603   286.880448   391.315615     0.896300    70.065300    38.396480    31.668820    35.449206    34.210658          0.0   225.878581   280.658234          0.0     5.209529          0.0
      1920.0     1.533204   303.429345   286.504235   390.242954     0.773243    72.464545    40.186425    32.278120    34.752196    33.679535          0.0   225.893936   280.853965          0.0     6.883103          0.0
      1921.0     0.296747   302.849195   287.198552   390.451779     0.576090    74.406619    41.706036    32.700583    34.935645    35.144470          0.0   225.737866   280.540478          0.0     5.867249          0.0
      1922.0     0.440492   303.473712   286.812320   390.706753     0.635294    72.149245    40.053111    32.096134    35.424624    35.679597          0.0   225.770215   280.522853          0.0     4.759746          0.0
      1923.0     1.703162   304.758979   285.463571   389.592216     0.936173    70.237991    38.941809    31.296181    35.257997    34.143460          0.0   225.838175   280.639798          0.0     6.147099          0.0
      1924.0     1.737141   304.471497   285.888758   388.830262     0.675879    74.151046    41.510069    32.640977    34.632612    33.870658          0.0   225.775802   280.540675          0.0     7.214223          0.0
      1925.0     0.197534   304.053926   286.509304   389.656602     0.528519    74.532768    41.677089    32.855679    34.932632    35.758972          0.0   225.744052   280.526536          0.0     5.297571          0.0
      1926.0     2.057088   304.570182   286.334623   390.065635     0.597529    74.046072    41.467447    32.578626    35.278429    35.687462          0.0   225.706684   280.326202          0.0     5.954666          0.0
      1927.0     0.059950   305.035597   285.873186   390.384127     0.705602    72.784767    40.332302    32.452464    35.757336    36.075828          0.0   225.816433   280.596369          0.0     4.717912          0.0
      1928.0     1.234783   306.300914   284.456614   388.825068     1.005784    71.586025    39.762353    31.823671    35.639087    34.080028          0.0   225.891752   280.763282          0.0     7.098896          0.0
      1929.0    -0.225691   306.276076   284.043327   387.799385     0.915953    71.575724    39.622961    31.952763    34.685296    33.659613          0.0   225.829194   280.718791          0.0     6.376635          0.0
      1930.0    -0.049634   306.274232   283.681226   387.251221     0.697850    71.835092    39.832897    32.002195    34.826755    34.278591          0.0   225.785691   280.581057          0.0     5.916407          0.0
      1931.0    -0.877647   306.397862   282.726626   386.993389     0.874558    70.282197    38.975041    31.307156    34.935935    34.678103          0.0   225.847755   280.725063          0.0     5.251537          0.0
      1932.0    -1.118788   307.297304   281.013512   385.442866     0.992195    68.064520    37.730371    30.334149    34.721519    33.170997          0.0   225.896277   280.662908          0.0     6.272488          0.0
      1933.0     0.893841   307.491167   279.956091   383.885048     0.877847    70.541333    39.269632    31.271701    34.085094    32.527276          0.0   225.868461   280.695769          0.0     7.799777          0.0
      1934.0    -0.359565   306.868660   280.155158   383.733412     0.648630    71.971631    40.114865    31.856766    34.043607    33.891970          0.0   225.783831   280.551168          0.0     6.023828          0.0
      1935.0     0.348021   306.917055   279.854746   383.945796     0.691571    71.103862    39.428780    31.675082    34.101117    34.313501          0.0   225.772386   280.548640          0.0     5.415691          0.0
      1936.0     1.311177   307.189024   279.711071   383.939166     0.499314    72.358231    40.467013    31.891218    34.395453    34.388822          0.0   225.720439   280.501436          0.0     6.221865          0.0
      1937.0     1.284147   307.945227   278.766658   384.043065     0.731771    70.489025    39.297024    31.192000    34.220972    34.324871          0.0   225.694511   280.484634          0.0     5.916566          0.0
      1938.0     2.087092   308.592282   278.421192   383.731164     0.828122    70.962118    39.626536    31.335582    34.232529    33.920627          0.0   225.768891   280.654821          0.0     6.051375          0.0
      1939.0     0.310053   309.410726   277.974885   383.270588     0.959181    68.826281    37.965683    30.860598    34.234438    33.773863          0.0   225.811839   280.697141          0.0     4.638127          0.0
      1940.0     1.842415   310.404827   276.924536   382.159384     0.995335    68.824914    38.117573    30.707341    33.784868    32.673664          0.0   225.833526   280.742808          0.0     6.494258          0.0
      1941.0     1.434297   310.448986   276.718768   381.691076     0.927183    70.147467    39.518961    30.628506    33.460525    32.992217          0.0   225.673931   280.470078          0.0     6.732512          0.0
      1942.0     0.994279   310.359539   276.978280   381.998260     0.820201    71.369512    40.135523    31.233989    33.985017    34.292201          0.0   225.674992   280.340270          0.0     5.583810          0.0
      1943.0     0.875139   311.476965   275.849392   381.663382     0.942413    69.220700    38.370587    30.850113    34.256769    33.921891          0.0   225.767254   280.550296          0.0     5.577584          0.0
      1944.0     1.110595   312.125379   274.857683   380.645421     0.951225    68.579975    38.391196    30.188779    33.638456    32.620495          0.0   225.715777   280.506097          0.0     6.762410          0.0
      1945.0     0.839475   311.656883   274.995995   380.467445     0.670076    71.523093    40.443120    31.079973    33.392533    33.214557          0.0   225.568051   280.348499          0.0     7.090250          0.0
      1946.0    -0.234607   311.259061   275.100459   381.316885     0.564216    71.141424    40.046193    31.095231    33.880183    34.729622          0.0   225.624936   280.269965          0.0     5.212107          0.0
      1947.0     0.702673   312.144112   273.701832   381.354668     0.852775    68.945462    38.376147    30.569315    34.116158    34.153942          0.0   225.764807   280.546083          0.0     5.620832          0.0
      1948.0     1.024737   312.380008   272.657463   380.795008     0.911492    69.521074    39.079542    30.441532    33.861957    33.302296          0.0   225.695354   280.405877          0.0     6.821616          0.0
      1949.0    -0.632687   311.855420   272.857580   380.803431     0.690020    70.422800    39.588675    30.834126    33.731278    33.739701          0.0   225.661512   280.289751          0.0     5.648857          0.0
      1950.0     0.559166   312.549246   271.578367   380.451012     0.752853    67.981849    38.143432    29.838417    33.770170    33.417751          0.0   225.730482   280.503284          0.0     6.004893          0.0
      1951.0     0.517600   312.399542   271.484504   379.831173     0.573506    69.622082    39.338469    30.283613    33.140997    32.521158          0.0   225.661146   280.523681          0.0     6.911174          0.0
      1952.0    -0.336344   312.214340   271.215193   380.147653     0.677371    69.103210    38.962643    30.140567    33.444414    33.760894          0.0   225.673005   280.392471          0.0     5.471060          0.0
      1953.0     0.288515   313.115200   269.625393   379.958953     0.907494    66.998442    37.577173    29.421269    33.555688    33.366988          0.0   225.762470   280.598559          0.0     5.799985          0.0
      1954.0     0.870447   313.288149   269.175616   379.127850     0.790333    69.325457    39.075840    30.249617    33.393962    32.562859          0.0   225.756889   280.603463          0.0     6.962758          0.0
      1955.0     0.643891   313.523371   268.700037   378.834891     0.598033    68.676127    38.840217    29.835910    33.167181    32.874222          0.0   225.721182   280.746261          0.0     6.441574          0.0
      1956.0     1.254279   313.422892   268.839373   378.690369     0.490881    70.667425    40.234603    30.432822    33.084578    32.940056          0.0   225.682025   280.478878          0.0     7.155211          0.0
      1957.0    -0.007928   313.792886   268.299073   379.092591     0.498336    68.420704    38.582666    29.838037    33.211013    33.613236          0.0   225.711347   280.520926          0.0     5.509731          0.0
      1958.0     0.777691   314.773110   267.064293   378.430990     0.749938    66.917978    37.666873    29.251105    33.521170    32.859569          0.0   225.802273   280.598051          0.0     6.042084          0.0
      1959.0     0.322673   315.093718   266.459250   377.486636     0.791842    67.771551    38.258218    29.513334    33.332712    32.388359          0.0   225.842757   280.725022          0.0     6.474902          0.0
      1960.0     0.797906   315.076829   266.134889   377.063638     0.950020    68.313270    38.837204    29.476066    32.925816    32.502818          0.0   225.752492   280.610143          0.0     6.658746          0.0
      1961.0     1.681197   315.425775   266.013261   377.017916     0.808795    68.539148    39.055419    29.483729    32.938232    32.892511          0.0   225.703622   280.478427          0.0     6.284537          0.0
      1962.0     0.937545   316.152026   265.239492   377.301623     1.022926    66.981635    37.997971    28.983664    32.960639    33.244346          0.0   225.711075   280.489799          0.0     5.527394          0.0
      1963.0     2.569071   317.135163   264.325155   376.506169     1.109081    67.232995    38.440661    28.792334    32.622684    31.827231          0.0   225.610029   280.321635          0.0     7.527768          0.0
      1964.0     1.483241   317.013900   264.781073   376.558800     0.657062    68.837702    39.615846    29.221855    32.246444    32.299075          0.0   225.380999   279.950228          0.0     6.860854          0.0
      1965.0     2.701371   317.466326   264.684074   377.449110     0.721251    69.420032    40.069601    29.350431    32.754337    33.644647          0.0   225.460647   279.991667          0.0     6.521952          0.0
      1966.0     1.463948   318.276142   264.248738   378.155582     0.887133    67.673789    38.469991    29.203798    33.038125    33.744596          0.0   225.628690   280.308128          0.0     5.160731          0.0
      1967.0     2.509764   320.174911   262.282827   377.471403     1.275145    64.508720    36.751006    27.757714    32.801409    32.117230          0.0   225.679268   280.368166          0.0     6.599687          0.0
      1968.0     2.492832   320.374716   262.278308   376.797576     0.995592    68.493671    39.361601    29.132070    32.543416    31.869589          0.0   225.676494   280.366124          0.0     7.496532          0.0
      1969.0     1.711821   320.548414   262.535025   377.241577     0.935210    69.157051    39.585231    29.571820    32.749952    33.193954          0.0   225.665478   280.303777          0.0     6.134560          0.0
      1970.0     2.715804   321.781195   261.665224   377.416733     0.897056    67.364417    38.736802    28.627616    32.750046    32.925201          0.0   225.627645   280.201954          0.0     6.681401          0.0
      1971.0     3.000384   322.635824   261.685320   377.373441     0.998653    68.497621    39.253781    29.243840    32.868440    32.825149          0.0   225.638524   280.213235          0.0     6.408536          0.0
      1972.0     2.483924   324.319861   260.455286   377.093269     1.409827    65.456283    37.366495    28.089788    33.218453    32.938280          0.0   225.776161   280.550489          0.0     5.658249          0.0
      1973.0     3.714867   325.650906   259.966424   375.925984     1.397905    67.258363    38.345250    28.913112    32.690336    31.523050          0.0   225.815782   280.682613          0.0     7.311062          0.0
      1974.0     4.394112   326.965204   259.691723   376.082443     1.315436    67.705105    38.695260    29.009845    32.234217    32.390677          0.0   225.706665   280.488526          0.0     6.579284          0.0
      1975.0     4.609909   328.072530   259.886589   376.714851     1.314469    69.128607    39.883007    29.245600    32.361238    32.993646          0.0   225.593575   280.112414          0.0     6.694495          0.0
      1976.0     2.885213   329.219625   258.935131   377.493211     1.420095    67.310146    38.605412    28.704734    33.070669    33.849030          0.0   225.693622   280.381378          0.0     5.707841          0.0
      1977.0     2.866944   330.328628   258.001412   377.084211     1.458426    67.541840    38.755945    28.785895    33.106782    32.697782          0.0   225.801932   280.615651          0.0     6.991882          0.0
      1978.0     3.104144   331.306285   257.669253   376.615941     1.469859    67.985973    39.026397    28.959576    32.911879    32.443609          0.0   225.745725   280.359113          0.0     6.914947          0.0
      1979.0     4.743448   332.445848   257.604584   376.624468     1.470868    69.207080    39.982325    29.224755    32.579357    32.587883          0.0   225.700463   280.363454          0.0     7.459111          0.0
      1980.0     4.184084   333.758785   257.574432   376.991674     1.520927    68.247156    39.418119    28.829037    32.239118    32.606325          0.0   225.660080   280.353975          0.0     6.841946          0.0
      1981.0     4.066180   335.971050   256.797645   376.752701     1.694026    66.076398    37.951314    28.125084    33.174235    32.935261          0.0   225.785258   280.532654          0.0     5.792840          0.0
      1982.0     5.437218   338.389092   255.450688   375.494535     1.943226    66.318933    38.084555    28.234378    32.904933    31.646768          0.0   225.849175   280.620207          0.0     7.784744          0.0
      1983.0     3.605071   338.769945   255.683146   375.007362     1.786189    68.153281    39.718884    28.434397    32.204523    31.717349          0.0   225.651375   280.264293          0.0     7.769077          0.0
      1984.0     3.662284   339.547836   255.654265   375.483812     1.602689    68.579150    40.089112    28.490038    32.634713    33.111163          0.0   225.585300   280.126979          0.0     7.006831          0.0
      1985.0     5.061437   341.040794   255.432549   375.886513     1.664318    68.576409    40.037931    28.538478    32.709154    33.111855          0.0   225.653613   280.294062          0.0     7.147792          0.0
      1986.0     4.801963   342.675836   255.167573   376.092947     1.805044    68.327950    39.572349    28.755601    32.977710    33.184145          0.0   225.779236   280.503572          0.0     6.653181          0.0
      1987.0     4.507026   344.443344   254.619988   375.840049     1.982347    67.166509    38.840171    28.326337    32.847201    32.594303          0.0   225.803518   280.601444          0.0     6.793453          0.0
      1988.0     5.719722   345.886698   254.738231   375.306139     1.748588    68.620689    40.190484    28.430204    32.611771    32.077861          0.0   225.759863   280.461825          0.0     7.994381          0.0
      1989.0     5.506873   347.607540   254.880683   375.664997     1.866665    68.651185    39.797080    28.854105    32.957428    33.316287          0.0   225.843720   280.545846          0.0     6.338341          0.0
      1990.0     5.845680   350.069303   254.256417   375.389503     2.085904    67.230306    38.683433    28.546872    33.246579    32.971084          0.0   226.037182   280.895472          0.0     6.336616          0.0
      1991.0     5.540254   351.655588   253.937803   374.923381     2.272154    68.113257    39.352988    28.760269    33.115293    32.649172          0.0   226.037744   280.982525          0.0     7.022430          0.0
      1992.0     6.050306   352.266543   254.214373   375.265260     2.086922    70.599157    41.994845    28.604313    32.494087    32.835965          0.0   225.539721   280.041146          0.0     8.882309          0.0
      1993.0     3.855630   352.752280   254.799550   376.668514     1.996455    70.097850    41.190598    28.907253    32.999437    34.402692          0.0   225.589502   280.194562          0.0     6.202730          0.0
      1994.0     4.086524   354.889275   253.799869   376.453994     2.058375    67.240924    39.117967    28.122957    33.549593    33.335073          0.0   225.779099   280.456542          0.0     6.782574          0.0
      1995.0     4.118251   356.061923   253.905458   375.447762     2.017026    68.425142    39.914933    28.510209    33.049667    32.043434          0.0   225.775685   280.436663          0.0     7.765910          0.0
      1996.0     5.365532   357.039086   254.424692   375.312704     1.890707    70.557996    41.136571    29.421425    32.945577    32.810519          0.0   225.843679   280.642253          0.0     7.806818          0.0
      1997.0     6.751704   358.207228   255.279260   375.777064     1.951502    72.234300    42.512043    29.722257    33.693463    34.157823          0.0   225.896721   280.740239          0.0     7.499651          0.0
      1998.0     5.195973   359.986540   255.770366   376.018514     2.144458    69.860276    40.668320    29.191956    34.092469    34.333919          0.0   225.943332   280.858785          0.0     5.843296          0.0
      1999.0     6.624500   362.241732   255.746521   375.641663     2.123109    69.933135    40.792491    29.140644    33.912008    33.535156          0.0   225.977114   280.828167          0.0     7.281180          0.0
      2000.0     6.257199   364.668597   255.475104   375.078682     2.291467    68.863444    39.992873    28.870572    33.622429    33.059448          0.0   226.059300   281.026660          0.0     7.204841          0.0
      2001.0     5.181322   366.576202   254.854217   374.383238     2.436943    68.661832    39.773725    28.888108    33.833712    33.138268          0.0   226.157864   281.271804          0.0     7.256344          0.0
      2002.0     6.035157   368.019453   254.903937   373.580388     2.293379    70.474380    41.036353    29.438028    33.467474    32.664625          0.0   226.121629   281.119517          0.0     8.322008          0.0
      2003.0     5.083234   368.979398   255.390398   374.020561     2.053612    70.742451    41.435850    29.306601    33.538599    33.978772          0.0   226.061909   281.010989          0.0     6.970617          0.0
      2004.0     6.401940   371.957550   254.487464   373.898976     2.320493    67.891048    39.395506    28.495542    33.887534    33.765949          0.0   226.127717   281.056013          0.0     6.532491          0.0
      2005.0     7.045215   373.841856   254.712261   373.239468     2.319552    70.223110    41.065066    29.158044    33.391104    32.731596          0.0   226.085437   281.086297          0.0     8.108673          0.0
      2006.0     6.984841   375.103159   255.466836   373.390741     2.178696    72.363017    42.806327    29.556691    33.599657    33.750930          0.0   226.020115   280.974052          0.0     8.300821          0.0
      2007.0     6.687858   376.745609   256.266931   374.107459     2.226999    71.998949    42.221078    29.777871    33.847629    34.564346          0.0   226.056787   281.006719          0.0     6.856637          0.0
      2008.0     6.142002   378.967406   256.446736   374.334738     2.379241    71.009170    41.512739    29.496431    34.423043    34.650323          0.0   226.121199   281.075125          0.0     6.682611          0.0
      2009.0     6.813238   381.397422   256.229457   373.533967     2.659469    70.323840    40.975055    29.348785    34.333597    33.532825          0.0   226.204006   281.286520          0.0     7.659509          0.0
      2010.0     6.670341   383.378392   255.688806   372.711479     2.748515    69.921166    41.031701    28.889464    33.652572    32.830083          0.0   226.130243   281.064915          0.0     8.742270          0.0
      2011.0     6.662777   384.629359   256.102947   372.798142     2.523843    72.217934    42.631474    29.586460    34.042842    34.129506          0.0   226.143349   281.151472          0.0     8.087828          0.0
      2012.0     5.262431   387.241339   255.735175   372.941242     2.809766    68.510296    39.813235    28.697061    34.426365    34.569464          0.0   226.271515   281.304636          0.0     5.611543          0.0
      2013.0     8.629679   390.182908   254.474454   371.398250     2.764430    70.800750    41.324784    29.475966    34.300871    32.757879          0.0   226.365101   281.661919          0.0     9.827626          0.0
      2014.0     6.498358   391.308039   255.246468   371.649005     2.468314    72.623729    42.714289    29.909439    33.420037    33.670792          0.0   226.160898   281.158121          0.0     8.271483          0.0
      2015.0     7.840725   393.376224   255.403804   371.932557     2.523359    72.562421    43.025915    29.536506    34.175692    34.459243          0.0   226.166503   281.252723          0.0     8.409335          0.0
      2016.0     6.085540   396.094968   254.815542   372.109474     2.717486    69.683213    40.658811    29.024402    34.576439    34.753356          0.0   226.297418   281.431327          0.0     6.493717          0.0
      2017.0     7.799157   399.478274   253.615723   370.957126     3.141368    69.107868    40.254551    28.853317    34.361074    33.208726          0.0   226.395346   281.648475          0.0     8.245644          0.0
      2018.0     9.114788   402.155342   253.416965   369.204558     3.145318    70.735058    41.499206    29.235851    33.836648    32.084081          0.0   226.415425   281.696851          0.0     9.613884          0.0
      2019.0     8.252443   403.846593   254.444245   368.898454     2.762771    72.649677    43.200074    29.449603    33.518005    33.211901          0.0   226.253202   281.280424          0.0     8.960894          0.0
      2020.0     8.821979   406.546173   254.818426   369.621971     2.816805    71.682663    42.464662    29.218001    33.980270    34.703787          0.0   226.320998   281.379635          0.0     7.386694          0.0
      2021.0     9.657766   409.941603   255.291359   369.601121     3.255986    71.068526    41.870866    29.197660    34.666284    34.645434          0.0   226.480701   281.813909          0.0     6.752499          0.0
      2022.0    11.005318   413.461074   255.135081   368.405156     3.364210    70.944158    42.053748    28.890410    33.919455    32.723489          0.0   226.471714   281.895780          0.0     9.486536          0.0
      2023.0    11.333189   415.878941   256.507654   368.269006     3.058543    75.034248    44.972550    30.061698    34.095222    33.959071          0.0   226.300722   281.393964          0.0     9.640906          0.0
      2024.0    10.082139   418.845844   257.339673   369.537306     3.140237    73.873906    43.974069    29.899837    34.837756    36.106056          0.0   226.405192   281.705334          0.0     7.035994          0.0
      2025.0    10.944400   423.454910   256.346758   369.620826     3.554935    69.855059    41.304971    28.550087    34.734400    34.817921          0.0   226.465640   281.687914          0.0     7.479966          0.0
      2026.0    12.501175   426.617390   257.006292   368.458496     3.569379    74.193687    44.472003    29.721685    34.314833    33.152502          0.0   226.424669   281.625949          0.0    10.659967          0.0
      2027.0    11.044577   429.451051   258.018650   369.129546     3.312402    74.672939    44.754180    29.918760    34.355252    35.026302          0.0   226.395408   281.612829          0.0     8.715519          0.0
      2028.0    11.792457   433.396768   258.291053   369.815920     3.499254    73.383718    43.813355    29.570363    35.023618    35.709991          0.0   226.463740   281.702468          0.0     7.830961          0.0
      2029.0    11.939885   437.433783   258.460288   369.602259     3.672660    72.825164    43.234344    29.590820    34.902673    34.689012          0.0   226.497470   281.732169          0.0     8.376097          0.0
      2030.0    12.795448   441.342692   258.345666   369.053571     3.701735    72.911508    43.636521    29.274987    34.459328    33.910639          0.0   226.513589   281.759687          0.0     9.840503          0.0
      2031.0    11.824954   444.114115   259.994632   369.540783     3.589610    76.515611    45.805540    30.710071    34.952758    35.439970          0.0   226.512391   281.740304          0.0     8.716604          0.0
      2032.0    12.733728   448.545342   259.845296   370.136541     3.876873    73.132394    43.565617    29.566777    35.222454    35.818212          0.0   226.548509   281.850726          0.0     7.896741          0.0
      2033.0    12.918420   452.983943   259.880965   369.564876     4.065798    72.473598    43.197639    29.275959    35.008494    34.436829          0.0   226.562335   281.837447          0.0     8.725141          0.0
      2034.0    12.518631   457.059960   259.960751   368.845051     3.879344    73.329603    43.815775    29.513828    34.496864    33.777040          0.0   226.588527   281.910833          0.0     9.958948          0.0
      2035.0    12.491713   460.662073   260.741151   368.618330     3.815821    75.004634    45.206723    29.797910    34.876656    34.649935          0.0   226.650929   282.017113          0.0     9.776389          0.0
      2036.0    13.008722   464.721132   261.388523   368.563112     4.116794    74.258498    44.528983    29.729515    35.321201    35.265984          0.0   226.675822   282.057091          0.0     8.615628          0.0
      2037.0    13.758104   468.881132   262.067765   368.289740     4.039661    75.499920    45.036417    30.463503    35.468957    35.195585          0.0   226.791085   282.348357          0.0     9.161589          0.0
      2038.0    13.796321   473.060091   262.324785   368.125432     4.202931    76.237993    45.948481    30.289511    35.286088    35.121780          0.0   226.691307   282.188954          0.0    10.569681          0.0
      2039.0    14.101974   476.814967   263.391465   368.356895     4.029621    77.169824    46.673076    30.496748    35.235664    35.467127          0.0   226.629032   281.925333          0.0    10.139269          0.0
      2040.0    14.653383   480.765168   264.507664   369.301492     3.957482    78.054354    47.269177    30.785177    35.600944    36.545541          0.0   226.695576   281.981590          0.0     9.607437          0.0
      2041.0    14.125783   485.549595   264.956036   370.253891     4.297698    75.443232    45.489773    29.953459    36.027751    36.980150          0.0   226.777726   282.269698          0.0     8.061252          0.0
      2042.0    15.319251   490.784826   264.738312   369.509269     4.381615    75.300189    45.383295    29.916894    35.812301    35.067679          0.0   226.817299   282.383266          0.0    10.533340          0.0
      2043.0    14.441562   494.692300   266.016172   369.106460     4.102597    78.214528    47.312122    30.902407    35.739600    35.336790          0.0   226.755905   282.241315          0.0    10.697471          0.0
      2044.0    14.291201   498.774310   267.026856   370.048820     4.189810    77.890337    47.123836    30.766500    36.024120    36.966480          0.0   226.788055   282.278179          0.0     9.146673          0.0
      2045.0    15.260505   504.071808   266.902235   370.544316     4.557975    75.855705    45.805278    30.050426    36.614994    37.110490          0.0   226.883103   282.395356          0.0     8.819408          0.0
      2046.0    15.468545   508.512165   267.816213   369.909299     4.407160    77.589259    47.102568    30.486690    35.971764    35.336747          0.0   226.876523   282.362917          0.0    10.851843          0.0
      2047.0    14.908624   513.147285   268.548249   370.116309     4.543453    77.212398    46.655559    30.556839    36.345411    36.552421          0.0   226.986535   282.686900          0.0     9.371102          0.0
      2048.0    14.354426   518.524684   268.205650   369.818154     4.678241    74.549279    44.790201    29.759079    36.114739    35.816584          0.0   227.022706   282.722701          0.0     9.316215          0.0
      2049.0    16.570628   523.093471   268.701601   368.722349     4.580492    78.839192    47.984589    30.854603    35.734986    34.639181          0.0   226.934241   282.728500          0.0    12.849458          0.0
      2050.0    14.004133   526.970345   270.090668   369.687438     4.309468    78.443626    47.681408    30.762218    36.049268    37.014357          0.0   226.906964   282.471326          0.0     9.277984          0.0
      2051.0    15.018494   533.217707   268.893070   369.754872     4.744836    76.314351    46.332490    29.981861    36.497296    36.564730          0.0   227.011819   282.784615          0.0    10.965357          0.0
      2052.0    16.071479   537.909627   268.890489   369.004113     4.623710    79.166827    48.430195    30.736632    36.355239    35.604481          0.0   226.955581   282.621425          0.0    12.828295          0.0
      2053.0    14.971686   542.505359   269.403615   369.233164     4.530144    78.973210    48.285178    30.688032    36.746560    36.975611          0.0   226.994092   282.681304          0.0    10.796441          0.0
      2054.0    18.280674   547.469724   269.859452   369.297861     4.495931    81.673300    50.114828    31.558472    36.375796    36.440492          0.0   226.973548   282.515452          0.0    13.218499          0.0
      2055.0    16.713877   551.260665   272.335226   370.681173     4.291644    85.345665    52.502880    32.842784    37.098239    38.481551          0.0   226.861366   282.414191          0.0    11.545556          0.0
      2056.0    16.809149   556.625686   273.491922   373.041743     4.592588    82.496467    50.276068    32.220399    38.247983    40.608553          0.0   227.098641   282.708596          0.0     8.510819          0.0
      2057.0    18.865899   562.819672   274.125609   373.108886     4.684762    81.648485    49.796745    31.851740    38.513660    38.580803          0.0   227.312955   283.229784          0.0    10.582255          0.0
      2058.0    16.932559   568.229993   274.941317   372.740920     4.826062    81.367070    49.498034    31.869036    37.563899    37.195933          0.0   227.216373   283.060927          0.0    11.486392          0.0
      2059.0    16.889767   573.235949   275.918766   373.076495     4.667278    82.298095    50.607504    31.690591    37.910165    38.245740          0.0   227.146527   282.865267          0.0    11.384316          0.0
      2060.0    16.473316   579.432633   275.873371   372.697200     4.835875    80.251597    48.877998    31.373599    38.172677    37.793382          0.0   227.372066   283.408816          0.0    11.130011          0.0
      2061.0    15.694106   585.173654   275.981176   371.747357     4.860949    79.582516    48.549152    31.033364    37.416257    36.466415          0.0   227.309504   283.186767          0.0    11.974932          0.0
      2062.0    17.791867   591.302143   274.863799   370.416325     4.899898    80.530403    49.308133    31.222270    37.287356    35.956324          0.0   227.345313   283.223568          0.0    14.469186          0.0
      2063.0    16.109797   595.463509   276.374846   370.608550     4.653388    83.120578    50.958248    32.162330    37.191608    37.383833          0.0   227.285052   283.101818          0.0    12.063369          0.0
      2064.0    15.913731   600.910420   277.015814   371.777202     4.716166    81.402391    49.656005    31.746386    38.004057    39.172710          0.0   227.468946   283.501607          0.0     9.842327          0.0
      2065.0    18.920159   607.518887   275.916773   371.527458     4.969400    80.393418    49.198732    31.194686    37.757669    37.507926          0.0   227.487529   283.532987          0.0    12.789848          0.0
      2066.0    18.204309   612.168782   277.795963   371.318321     4.689691    85.169921    52.596374    32.573547    37.529960    37.320822          0.0   227.371552   283.346776          0.0    13.396362          0.0
      2067.0    17.981613   617.166678   279.557558   372.788747     4.559298    86.348975    53.240784    33.108192    38.455918    39.926344          0.0   227.372311   283.413919          0.0    11.552845          0.0
      2068.0    18.319347   623.710292   279.738736   374.056753     4.926405    83.093785    51.006293    32.087491    38.767892    40.035898          0.0   227.514491   283.519671          0.0    10.789217          0.0
      2069.0    18.828906   630.870053   279.134062   373.130316     5.111623    82.431370    50.316739    32.114631    38.906764    37.980327          0.0   227.682189   283.851707          0.0    12.941085          0.0
      2070.0    18.912981   636.355188   279.760663   372.444272     4.827979    84.655743    52.040610    32.615134    37.715416    37.029372          0.0   227.473390   283.387780          0.0    14.384637          0.0
      2071.0    18.062272   641.347714   281.174288   373.748941     4.688756    85.582769    53.096529    32.486240    38.448848    39.753517          0.0   227.482038   283.368685          0.0    11.929387          0.0
      2072.0    17.977647   647.792536   281.863030   374.547642     4.793267    83.864553    51.510025    32.354528    39.349553    40.148254          0.0   227.727793   283.889937          0.0    10.673028          0.0
      2073.0    19.162360   654.627916   282.372480   373.643589     5.016211    83.928474    51.496371    32.432102    39.171745    38.267692          0.0   227.892088   284.192047          0.0    12.719230          0.0
      2074.0    20.260781   661.304100   282.500210   372.663718     5.148710    83.762208    51.336241    32.425967    38.831954    37.852083          0.0   227.914407   284.240817          0.0    13.356429          0.0
      2075.0    18.633390   666.267210   284.469637   372.967128     4.752948    86.991985    53.951409    33.040577    38.534371    38.837781          0.0   227.698536   283.760315          0.0    13.144200          0.0
      2076.0    20.633855   671.991420   286.016302   374.503172     4.692223    88.143364    54.942905    33.200459    38.832138    40.368182          0.0   227.633466   283.586602          0.0    13.028058          0.0
      2077.0    21.448361   678.199427   287.722936   376.224400     4.957667    89.272182    55.495593    33.776588    39.904894    41.626122          0.0   227.755379   283.784479          0.0    12.162838          0.0
      2078.0    20.842245   685.354886   288.416981   377.304452     4.953959    87.065872    53.670721    33.395151    40.067573    41.147625          0.0   227.830876   283.963829          0.0    11.829051          0.0
      2079.0    20.967632   691.730703   289.775623   377.782056     5.057152    89.271495    55.514053    33.757442    40.079136    40.556739          0.0   227.757045   283.861207          0.0    13.598671          0.0
      2080.0    21.711731   698.480795   290.619346   378.596353     4.792004    88.875168    55.263301    33.611867    40.228957    41.043254          0.0   227.869970   284.083410          0.0    13.376324          0.0
      2081.0    19.735496   705.479961   291.379206   379.507086     5.070603    87.671649    54.209408    33.462240    40.702843    41.613577          0.0   227.964884   284.269592          0.0    11.835971          0.0
      2082.0    21.653355   712.599270   292.172973   379.160231     5.001028    88.604146    54.887580    33.716566    40.321761    39.974905          0.0   227.960033   284.175931          0.0    14.118907          0.0
      2083.0    20.587947   719.284781   293.048860   379.270652     5.023245    88.393801    54.798372    33.595430    40.444367    40.554788          0.0   227.913181   284.234865          0.0    13.367697          0.0
      2084.0    19.206567   725.883770   293.817995   379.877642     5.037206    87.408924    54.128581    33.280342    39.969373    40.576363          0.0   227.879693   284.207522          0.0    12.783082          0.0
      2085.0    21.235715   733.407691   293.838691   379.908509     5.155037    87.619103    54.383678    33.235426    40.313366    40.344233          0.0   227.993868   284.308850          0.0    14.018749          0.0
      2086.0    18.316925   741.626831   292.309152   379.043887     5.196229    84.247247    52.047342    32.199905    39.893148    39.028526          0.0   228.052048   284.372683          0.0    14.548356          0.0
      2087.0    19.872846   748.864674   290.811608   378.090546     5.114015    85.838325    53.584747    32.253578    39.654670    38.701328          0.0   228.052260   284.345876          0.0    16.380963          0.0
      2088.0    19.153913   756.059801   289.314498   377.943039     4.956730    85.116852    52.870936    32.245916    39.640549    39.493042          0.0   228.142925   284.585195          0.0    14.875004          0.0
      2089.0    20.202987   762.506097   289.101011   378.121773     5.112034    87.239574    54.458144    32.781430    39.800699    39.979433          0.0   228.128794   284.589567          0.0    14.692198          0.0
      2090.0    19.332893   769.499303   289.487111   378.693735     4.952399    85.995486    53.485126    32.510361    39.964250    40.536213          0.0   228.195627   284.745105          0.0    12.562814          0.0
      2091.0    23.109872   776.633539   290.165338   378.181628     4.942049    89.580743    55.979388    33.601355    39.444843    38.932736          0.0   228.123201   284.414233          0.0    16.368424          0.0
      2092.0    21.289961   783.069446   292.315452   379.319073     4.872675    91.345891    56.825815    34.520076    40.284845    41.422291          0.0   228.156796   284.572417          0.0    13.253411          0.0
      2093.0    21.379254   791.112705   292.614740   380.265889     5.112854    89.910207    55.797028    34.113178    41.336139    42.282955          0.0   228.339447   284.940520          0.0    13.214786          0.0
      2094.0    24.734916   800.472423   291.116065   379.308646     5.261874    87.736188    54.470970    33.265217    40.351678    39.394436          0.0   228.357321   285.005680          0.0    16.575210          0.0
      2095.0    20.570443   806.617829   292.874947   379.799105     4.922680    91.850786    57.382033    34.468753    40.300030    40.790489          0.0   228.225121   284.603911          0.0    14.832662          0.0
      2096.0    22.136893   814.962690   292.668147   380.972828     5.291585    88.603999    55.139693    33.464306    41.070842    42.244565          0.0   228.326061   284.983535          0.0    13.101929          0.0
      2097.0    24.457425   823.187756   293.223874   379.911370     5.035767    89.970381    56.057337    33.913044    40.437031    39.375573          0.0   228.334661   284.856342          0.0    16.126036          0.0
      2098.0    21.774184   830.395554   294.814286   380.590093     5.003792    90.351425    56.463953    33.887471    40.611837    41.290560          0.0   228.311214   284.743964          0.0    13.582982          0.0
      2099.0    24.736266   838.813733   295.234581   380.896505     5.120108    90.859251    56.703740    34.155510    40.783835    41.090247          0.0   228.418281   285.057163          0.0    15.193198          0.0
      2100.0    22.572497   846.661612   297.830045   381.409372     5.045283    89.849354    55.850993    33.998361    40.651966    41.164832          0.0   228.361024   284.929366          0.0    12.090698          0.0