        time     emission          CO2         cveg        csoil        fgco2         fgpp         fnpp           ra          frh     fvegsoil         fluc          tas     tas_land        cprod     fcvegout    fcsoilout
      1849.0     1.012946   283.923842   581.891402  1766.275303    -0.178390   118.375781    59.488071    58.887710    57.665349    58.471513     0.000475   286.476926   280.571752     0.006778     0.828032     0.160242
      1850.0   127.466772  1135.669074   595.101374  1780.675008    94.704969   206.666894   105.584441   101.082453    71.630833    79.975403 1.104632e-09   288.183774   283.491727 1.325190e-06    -0.141299    -0.386651
      1851.0    66.830436  1135.669074   619.128567  1787.692202    38.292087   220.813918   105.895862   114.918057    76.055514    81.526639 1.093639e-09   288.710459   284.181475 1.312002e-06     0.342029    -1.546069
      1852.0    52.289237  1135.669074   641.432618  1792.995368    25.549152   222.795965   104.792139   118.003826    76.797516    82.043589 1.082756e-09   289.067195   284.431252 1.298946e-06     0.444500    -0.057093
      1853.0    42.849852  1135.669074   661.735929  1796.986713    20.769375   218.243132   102.067753   116.175380    78.769495    81.927029 1.071981e-09   289.592705   285.108081 1.286020e-06    -0.162588    -0.833810
      1854.0    34.928307  1135.669074   679.624597  1798.519177    17.596089   214.963244   100.840937   114.122308    82.267996    82.507638 1.061313e-09   290.069684   285.826164 1.273222e-06     0.444631    -1.292823
      1855.0    35.514767  1135.669074   696.980409  1799.413839    15.910943   224.280043   105.707187   118.572857    84.829422    86.705195 1.050751e-09   290.216161   285.987185 1.260551e-06     1.646180     0.981111
      1856.0    34.391308  1135.669074   714.185421  1802.180469    14.911386   228.121874   105.920789   122.201084    85.175625    87.720646 1.040295e-09   290.209526   285.873650 1.248007e-06     0.995131    -0.221609
      1857.0    30.419749  1135.669074   730.219910  1804.956930    13.103857   222.672817   102.293135   120.379682    83.752961    86.341637 1.029942e-09   290.423014   286.111900 1.235587e-06    -0.082991    -0.187785
      1858.0    23.194972  1135.669074   743.176814  1806.017015    11.779850   211.452744    96.571968   114.880776    83.987259    83.852439 1.019693e-09   290.827983   286.820752 1.223291e-06    -0.237375    -1.194905
      1859.0    23.985886  1135.669074   755.519510  1805.688037    11.173042   222.024000   102.279040   119.744960    88.189719    88.444533 1.009545e-09   291.017703   287.006543 1.211117e-06     1.491811     0.583793
      1860.0    24.295438  1135.669074   767.962723  1806.538530    10.519839   226.342217   104.017674   122.324543    88.944138    90.170814 9.994985e-10   291.062955   287.085373 1.199065e-06     1.403647     0.376183
      1861.0    25.642150  1135.669074   780.287278  1809.370311    10.016375   228.773660   103.696070   125.077590    86.820991    90.585331 9.895520e-10   291.047994   287.023959 1.187133e-06     0.786185     0.932559
      1862.0    18.903665  1135.669074   790.679639  1811.933601     8.774631   216.762077    97.489955   119.272122    86.163013    87.412676 9.797044e-10   291.321925   287.417658 1.175319e-06    -0.315081    -1.313628
      1863.0    15.886483  1135.669074   799.059534  1811.199218     8.184053   217.984217    97.741227   120.242991    88.784465    87.737318 9.699548e-10   291.542063   287.645704 1.163623e-06     1.624013    -0.312763
      1864.0    17.522114  1135.669074   808.420560  1811.300731     7.934507   224.937768   100.988146   123.949621    90.144249    90.569770 9.603023e-10   291.635091   287.866717 1.152043e-06     1.057350     0.324007
      1865.0    16.950751  1135.669074   817.094946  1812.271450     7.556655   221.666279    99.872008   121.794271    89.242494    90.436223 9.507458e-10   291.589457   287.674596 1.140578e-06     0.761400     0.223011
      1866.0    14.456269  1135.669074   824.591543  1812.319735     7.433252   220.368598    98.521200   121.847398    90.231459    89.870901 9.412844e-10   291.691900   287.789146 1.129227e-06     1.153701    -0.408842
      1867.0    14.769133  1135.669074   832.184721  1812.227203     6.833693   225.300278   100.866427   124.433851    91.635626    91.894918 9.319172e-10   291.749713   287.802439 1.117990e-06     1.378331     0.351823
      1868.0    15.537572  1135.669074   839.712199  1813.873439     6.698534   224.114928    99.920192   124.194736    89.787444    91.724875 9.226432e-10   291.774699   287.953738 1.106864e-06     0.667839     0.291194
      1869.0    12.877764  1135.669074   846.159610  1814.803836     6.399472   222.307624    98.811482   123.496141    91.046609    91.216683 9.134614e-10   291.871386   288.014707 1.095849e-06     1.147388    -0.760324
      1870.0    12.799586  1135.669074   852.195863  1815.128598     6.187545   222.179005    98.421732   123.757273    90.557634    91.426356 9.043711e-10   291.925771   288.044558 1.084944e-06     0.959124     0.543960
      1871.0    11.799704  1135.669074   857.837733  1815.485260     5.972966   223.412831    98.845896   124.566935    91.809542    92.024872 8.953712e-10   292.034462   288.268150 1.074147e-06     1.179154    -0.141331
      1872.0    11.558580  1135.669074   863.288930  1816.320978     5.883757   222.459380    98.085549   124.373831    91.211840    91.829524 8.864609e-10   292.012319   288.215538 1.063458e-06     0.804828    -0.218034
      1873.0    10.741101  1135.669074   867.874272  1816.628772     5.703738   220.264210    96.472575   123.791636    90.207434    91.032331 8.776392e-10   292.077309   288.324938 1.052874e-06     0.854902     0.517101
      1874.0     8.249328  1135.669074   871.794553  1817.150823     5.439399   218.943312    95.031373   123.911939    91.013976    90.028058 8.689054e-10   292.200862   288.434186 1.042397e-06     1.083033    -1.507969
      1875.0     8.239454  1135.669074   875.889900  1815.507271     5.205635   224.840862    97.640625   127.200237    93.339879    92.025058 8.602584e-10   292.387884   288.840057 1.032023e-06     1.520221     0.328731
      1876.0    12.173513  1135.669074   880.445110  1816.476446     5.235055   226.650172    99.646775   127.003397    91.447810    93.595082 8.516975e-10   292.151820   288.213234 1.021753e-06     1.496483     1.178097
      1877.0    10.476414  1135.669074   885.015195  1818.644622     5.086187   225.230625    98.356731   126.873894    91.699522    93.015506 8.432218e-10   292.281827   288.473877 1.011585e-06     0.771140    -0.852192
      1878.0     7.325302  1135.669074   888.875068  1817.569952     5.010086   225.150667    96.987438   128.163229    93.428137    91.997145 8.348305e-10   292.484233   288.808840 1.001518e-06     1.130421    -0.356321
      1879.0     7.269634  1135.669074   892.346134  1816.231812     4.764937   227.155911    98.240717   128.915195    94.488522    93.489007 8.265226e-10   292.401644   288.655037 9.915516e-07     1.280644     0.338624
      1880.0    12.866996  1135.669074   896.399487  1817.824294     4.694035   232.246972   102.579524   129.667448    93.156548    96.569907 8.182974e-10   292.194293   288.286031 9.816841e-07     1.956264     1.820877
      1881.0     9.951909  1135.669074   900.741296  1821.139215     4.585672   225.942360    98.189093   127.753267    91.612139    93.827593 8.101541e-10   292.373978   288.671733 9.719149e-07     0.019690    -1.099466
      1882.0     4.603913  1135.669074   903.063403  1821.040531     4.662069   216.445996    93.448230   122.997766    92.349605    90.478364 8.020918e-10   292.573491   289.011083 9.622428e-07     0.647759    -1.772557
      1883.0     0.648708  1135.669074   904.467404  1816.171727     4.364274   220.476651    93.545322   126.931329    96.091921    90.482452 7.941098e-10   292.736354   289.157750 9.526670e-07     1.658869    -0.740665
      1884.0    10.516726  1135.669074   908.146312  1814.643122     4.338743   235.874616   103.454797   132.419819    96.065831    97.340991 7.862072e-10   292.412053   288.497271 9.431865e-07     2.434899     2.803766
      1885.0    10.872345  1135.669074   912.638082  1817.538500     4.339217   229.902092   100.368353   129.533738    92.568842    95.605173 7.783832e-10   292.445798   288.532221 9.338004e-07     0.271411     0.140952
      1886.0     5.220951  1135.669074   915.413235  1817.709113     4.122963   227.247591    97.799131   129.448460    95.365035    93.881309 7.706371e-10   292.684642   289.132861 9.245076e-07     1.142669    -1.654338
      1887.0     6.363487  1135.669074   918.101392  1816.784789     3.953864   227.673591    98.747626   128.925965    95.075802    94.618303 7.629680e-10   292.675082   289.006897 9.153074e-07     1.441165     0.466826
      1888.0     6.827281  1135.669074   920.900581  1816.646075     4.119991   229.476353    99.434976   130.041377    95.429130    95.378282 7.553753e-10   292.739919   289.102272 9.061986e-07     1.257504     0.087866
      1889.0     8.351731  1135.669074   924.159399  1817.341178     3.917855   230.530486   100.192913   130.337572    94.490960    95.917253 7.478582e-10   292.774106   289.136559 8.971805e-07     1.016843     0.731190
      1890.0     2.757114  1135.669074   925.651514  1817.026840     3.748353   221.332552    94.741975   126.590577    94.515447    92.594138 7.404158e-10   292.882935   289.308502 8.882523e-07     0.655721    -1.606970
      1891.0     6.152564  1135.669074   927.337758  1815.855421     3.561925   230.356740    99.538770   130.817969    95.684455    95.750772 7.330476e-10   292.893127   289.261271 8.794128e-07     2.101754     1.237735
      1892.0     6.630250  1135.669074   929.981562  1817.041693     3.697774   227.464214    98.562436   128.901778    94.416638    95.243838 7.257526e-10   292.850746   289.114929 8.706613e-07     0.674794    -0.359072
      1893.0     2.229062  1135.669074   931.484331  1815.600441     3.609118   223.420979    95.094607   128.326372    95.232461    92.928171 7.185303e-10   293.047974   289.475934 8.619967e-07     0.663667    -0.863037
      1894.0     4.330976  1135.669074   932.574380  1814.326804     3.573574   225.096536    96.181175   128.915361    94.163974    93.639892 7.113798e-10   293.076393   289.508237 8.534186e-07     1.451234     0.749554
      1895.0     4.296391  1135.669074   933.435941  1813.764935     3.388039   223.796238    95.785004   128.011234    93.603839    93.660548 7.043004e-10   292.968714   289.202293 8.449258e-07     1.262896     0.618577
      1896.0     5.870008  1135.669074   934.641540  1815.105770     3.531759   226.764017    96.511306   130.252711    92.957430    94.287203 6.972916e-10   292.886228   289.146556 8.365174e-07     1.018504    -0.011063
      1897.0     3.196158  1135.669074   935.498683  1813.738282     3.421611   230.635428    98.240145   132.395283    97.221474    95.139299 6.903524e-10   293.030195   289.367218 8.281928e-07     2.243703    -0.714686
      1898.0     5.643276  1135.669074   937.971857  1814.036357     3.330514   230.087391    98.647172   131.440219    95.164060    95.581527 6.834824e-10   293.056262   289.348328 8.199510e-07     0.592471     0.119391
      1899.0     3.982312  1135.669074   939.032423  1813.461827     3.405117   223.397783    95.908115   127.489669    94.142516    93.644559 6.766807e-10   293.069227   289.444954 8.117913e-07     1.202990     0.076573
      1900.0     4.561885  1135.669074   940.490570  1813.397727     3.177982   228.311347    98.245429   130.065918    95.618040    95.622725 6.699467e-10   293.061544   289.406647 8.037126e-07     1.164557     0.068785
      1901.0     5.535947  1135.669074   941.743979  1814.228680     3.326418   226.406858    96.977289   129.429570    93.509285    94.630953 6.632797e-10   292.964203   289.162689 7.957145e-07     1.092927     0.290714
      1902.0     3.187086  1135.669074   942.427723  1814.052620     3.430949   222.943241    95.312615   127.630625    94.299060    93.672525 6.566790e-10   293.124527   289.502780 7.877960e-07     0.956346    -0.450475
      1903.0     2.038425  1135.669074   942.713176  1812.714245     3.145922   224.207331    95.610219   128.597112    95.477590    93.862578 6.501440e-10   293.244631   289.805331 7.799561e-07     1.462188    -0.276637
      1904.0     6.831948  1135.669074   943.979806  1813.286382     3.253197   229.934460    99.285660   130.648799    94.428888    96.379717 6.436741e-10   293.069677   289.362050 7.721944e-07     1.639314     1.378693
      1905.0     3.881824  1135.669074   945.276388  1814.568788     3.167921   225.378564    96.458663   128.919901    94.471896    94.451590 6.372685e-10   293.187139   289.546443 7.645098e-07     0.710490    -1.302711
      1906.0     3.503248  1135.669074   946.106122  1814.346557     3.162911   223.280952    95.765917   127.515035    94.178688    94.095466 6.309267e-10   293.241475   289.567645 7.569017e-07     0.840718     0.139009
      1907.0     0.264657  1135.669074   946.053923  1812.247447     3.071962   222.611360    94.263940   128.347421    95.779026    92.643377 6.246480e-10   293.392873   289.832349 7.493694e-07     1.672762    -1.036539
      1908.0     4.411541  1135.669074   946.642182  1811.617899     3.088108   225.386084    96.170559   129.215525    93.616844    94.437949 6.184318e-10   293.263362   289.585640 7.419120e-07     1.144350     1.450654
      1909.0     1.368060  1135.669074   947.185076  1810.666743     2.988670   226.140501    95.766750   130.373751    96.157195    94.051499 6.122775e-10   293.447751   289.836131 7.345289e-07     1.172358    -1.154540
      1910.0     2.824988  1135.669074   948.054650  1808.720518     3.105904   229.820340    97.542182   132.278157    96.649738    95.047758 6.061844e-10   293.455040   289.916753 7.272192e-07     1.624850     0.344244
      1911.0     4.765390  1135.669074   949.298178  1808.937571     2.928952   226.926551    97.159913   129.766638    94.141928    95.061020 6.001519e-10   293.476323   289.972104 7.199823e-07     0.855365     0.702040
      1912.0     2.294055  1135.669074   950.038154  1808.327674     2.922149   227.235212    97.030332   130.204880    96.389782    94.948719 5.941795e-10   293.579168   290.197764 7.128174e-07     1.341637    -0.831167
      1913.0     4.431908  1135.669074   951.067005  1807.473826     2.811667   228.687070    98.308358   130.378713    95.450258    95.752524 5.882665e-10   293.417864   289.814796 7.057237e-07     1.526983     1.156114
      1914.0     6.202856  1135.669074   952.800080  1809.210570     2.958338   231.333204    99.578473   131.754732    95.068145    96.756905 5.824123e-10   293.400709   289.676888 6.987006e-07     1.088493    -0.047984
      1915.0    -1.776391  1135.669074   952.690469  1807.089203     2.940269   223.632708    93.755406   129.877302    97.231355    93.020317 5.766164e-10   293.542269   289.981598 6.917475e-07     0.844699    -2.089670
      1916.0     4.314828  1135.669074   952.898714  1805.957345     2.830429   228.095308    97.884178   130.211130    95.142844    96.109470 5.708782e-10   293.372882   289.626060 6.848636e-07     1.566464     2.098484
      1917.0     2.867441  1135.669074   953.310208  1805.786049     2.831939   227.051508    96.497395   130.554113    95.181035    94.588471 5.651971e-10   293.470337   289.912615 6.780481e-07     1.497429    -0.421269
      1918.0     4.481164  1135.669074   954.384073  1806.146905     2.736809   229.720356    98.772919   130.947437    95.798788    96.342672 5.595725e-10   293.396591   289.635066 6.713005e-07     1.356381     0.183029
      1919.0     5.973907  1135.669074   955.871569  1807.017776     2.792391   230.042367    99.079944   130.962423    94.675812    96.307455 5.540039e-10   293.383611   289.657466 6.646200e-07     1.284993     0.760771
      1920.0     3.335236  1135.669074   956.995117  1808.315013     2.745473   226.892743    96.667728   130.225015    94.822243    94.749537 5.484907e-10   293.572314   290.113358 6.580059e-07     0.794643    -1.369943
      1921.0     0.163906  1135.669074   957.504524  1806.100521     2.706224   227.882457    96.153550   131.728908    97.457798    94.453420 5.430324e-10   293.721408   290.306539 6.514579e-07     1.190723    -0.789886
      1922.0     5.950126  1135.669074   958.831271  1805.521640     2.629803   234.379264   100.763984   133.615280    96.151916    97.787681 5.376284e-10   293.535428   289.919444 6.449748e-07     1.649555     2.214646
      1923.0     1.240623  1135.669074   959.533107  1805.527814     2.606955   224.746760    95.667387   129.079374    95.769359    94.394606 5.322781e-10   293.610006   290.091929 6.385564e-07     0.570945    -1.380927
      1924.0     3.217335  1135.669074   959.569620  1805.657469     2.717188   222.494466    95.718942   126.775525    93.980279    94.276716 5.269811e-10   293.525347   289.912867 6.322017e-07     1.405713     0.166782
      1925.0     3.106996  1135.669074   959.951536  1805.699512     2.721959   224.679421    95.987613   128.691808    94.356693    94.462978 5.217369e-10   293.608826   289.953514 6.259103e-07     1.142719     0.064241
      1926.0    -1.010170  1135.669074   959.174684  1803.348745     2.489480   220.510164    92.982559   127.527605    95.243438    92.455755 5.165448e-10   293.688899   290.141449 6.196815e-07     1.303656    -0.436915
      1927.0     6.591931  1135.669074   960.249908  1803.881097     2.607194   230.770309    99.773385   130.996924    94.575949    97.023749 5.114044e-10   293.503146   289.794520 6.135148e-07     1.674412     1.915448
      1928.0     3.254352  1135.669074   961.092890  1805.627661     2.557162   223.816424    96.421527   127.394897    94.441969    94.685770 5.063151e-10   293.599818   290.024582 6.074094e-07     0.892774    -1.502763
      1929.0     1.464872  1135.669074   961.239803  1805.158000     2.552814   223.350191    95.462211   127.887980    95.263068    94.247453 5.012765e-10   293.694216   290.246506 6.013647e-07     1.067845    -0.545954
      1930.0     3.151140  1135.669074   961.392090  1804.445225     2.357165   225.038736    96.292316   128.746420    94.269892    94.634391 4.962880e-10   293.600014   289.902031 5.953802e-07     1.505638     1.077273
      1931.0     2.288333  1135.669074   961.945039  1804.367681     2.507754   226.197525    96.482691   129.714834    95.499205    94.801911 4.913492e-10   293.733429   290.222275 5.894552e-07     1.127831    -0.619750
      1932.0     1.553407  1135.669074   962.268090  1803.385285     2.615857   223.539133    95.385653   128.153480    95.229296    93.909885 4.864595e-10   293.695109   290.119596 5.835893e-07     1.152716    -0.337015
      1933.0     0.179154  1135.669074   962.445005  1800.917033     2.608701   224.178011    95.017569   129.160442    96.214511    93.465965 4.816185e-10   293.816012   290.288999 5.777817e-07     1.374689    -0.280294
      1934.0     3.907109  1135.669074   963.328510  1800.272530     2.418993   228.440387    97.922509   130.517879    95.164736    95.558454 4.768256e-10   293.746819   290.108388 5.720318e-07     1.480550     1.038221
      1935.0     3.224787  1135.669074   964.256425  1799.827028     2.307959   229.349460    98.080043   131.269417    95.917963    95.572637 4.720805e-10   293.767573   290.167081 5.663392e-07     1.579491     0.100176
      1936.0     3.489323  1135.669074   965.577485  1800.441913     2.537062   229.418317    98.126555   131.291761    95.927528    96.038688 4.673825e-10   293.799817   290.303614 5.607033e-07     0.766807    -0.503725
      1937.0     0.705014  1135.669074   966.106247  1799.072747     2.405398   228.155268    96.655657   131.499611    97.064066    95.056644 4.627314e-10   293.944143   290.426699 5.551234e-07     1.070251    -0.638257
      1938.0     2.773066  1135.669074   966.308105  1797.870928     2.256183   226.299308    96.795690   129.503618    95.033206    94.980158 4.581265e-10   293.778328   290.195763 5.495991e-07     1.613674     1.148771
      1939.0     5.883323  1135.669074   967.557677  1799.240799     2.478747   229.315605    98.474338   130.841267    93.848687    96.029510 4.535674e-10   293.688375   290.072327 5.441297e-07     1.195256     0.810952
      1940.0     0.940298  1135.669074   968.051364  1799.708547     2.344920   220.847433    93.612439   127.234994    93.852391    92.839647 4.490537e-10   293.933365   290.528661 5.387147e-07     0.279105    -1.480492
      1941.0    -0.671989  1135.669074   967.331666  1797.911171     2.277752   219.712646    92.565664   127.146982    94.326328    91.942429 4.445849e-10   294.005765   290.594465 5.333537e-07     1.342933    -0.586523
      1942.0     0.979701  1135.669074   966.990199  1796.264073     2.180167   223.566140    94.839597   128.726543    94.887331    93.564965 4.401606e-10   293.916242   290.279836 5.280461e-07     1.616099     0.324732
      1943.0     2.191133  1135.669074   967.396012  1794.838860     2.306723   224.590604    95.983874   128.606730    94.874618    94.072474 4.357804e-10   293.897011   290.391424 5.227912e-07     1.505587     0.623069
      1944.0     0.575000  1135.669074   967.793934  1794.270369     2.463458   221.781156    93.541033   128.240123    94.164429    92.850809 4.314437e-10   293.965642   290.642217 5.175886e-07     0.292302    -0.745129
      1945.0     3.175824  1135.669074   967.575965  1793.378817     2.254336   225.198925    96.370390   128.828535    94.187535    94.460672 4.271501e-10   293.902743   290.375058 5.124378e-07     2.127688     1.164689
      1946.0     5.175763  1135.669074   968.492280  1794.866576     2.237173   226.272225    97.282688   128.989537    93.118204    95.036069 4.228993e-10   293.829760   290.182437 5.073382e-07     1.330304     0.430106
      1947.0     2.265628  1135.669074   969.274876  1794.979990     2.203742   226.987649    96.955588   130.032061    95.665158    94.838554 4.186908e-10   293.915550   290.455638 5.022894e-07     1.334439    -0.940018
      1948.0     2.713199  1135.669074   970.179134  1795.306530     2.191739   224.091622    95.366204   128.725418    93.694619    93.953257 4.145242e-10   293.940099   290.463318 4.972909e-07     0.508688    -0.067902
      1949.0     2.476111  1135.669074   970.473429  1794.722269     2.080038   226.052968    97.035730   129.017238    95.455447    94.997949 4.103991e-10   293.832794   290.214068 4.923421e-07     1.743487     0.126762
      1950.0     4.082372  1135.669074   971.927561  1794.784345     2.345951   229.950360    98.613710   131.336650    95.652064    95.848983 4.063150e-10   293.893494   290.304911 4.874425e-07     1.310595     0.134843
      1951.0     1.782996  1135.669074   972.255790  1793.926604     2.158868   223.408097    95.673229   127.734868    94.824981    94.042658 4.022715e-10   293.942431   290.442917 4.825917e-07     1.302342     0.075417
      1952.0     3.847177  1135.669074   973.743784  1794.367431     2.072618   229.806789    98.968822   130.837966    95.973993    96.487893 3.982683e-10   293.890953   290.397278 4.777892e-07     0.992936     0.073073
      1953.0     4.473674  1135.669074   974.407021  1795.411869     2.358377   223.813097    96.730045   127.083051    93.473430    94.958880 3.943049e-10   293.895195   290.349055 4.730345e-07     1.107928     0.441013
      1954.0     0.886943  1135.669074   974.816418  1794.941078     2.222090   224.262225    95.805545   128.456679    95.922987    94.099860 3.903810e-10   293.991481   290.436986 4.683270e-07     1.296288    -1.352335
      1955.0     4.590935  1135.669074   975.926002  1794.701891     2.088500   228.530166    98.568353   129.961814    94.820197    96.148654 3.864961e-10   293.902916   290.311549 4.636665e-07     1.310115     1.567644
      1956.0     2.232812  1135.669074   976.728881  1794.978424     2.182288   225.350713    96.356593   128.994121    95.009220    94.544312 3.826498e-10   293.982681   290.544271 4.590522e-07     1.009402    -0.741442
      1957.0     3.288850  1135.669074   977.369989  1795.282628     2.119011   226.364658    97.800616   128.564042    95.328068    95.606625 3.788419e-10   293.960561   290.405980 4.544839e-07     1.552883    -0.025647
      1958.0     1.507828  1135.669074   978.377740  1794.438992     2.153129   226.013236    96.621142   129.392094    96.050885    94.643979 3.750718e-10   294.077871   290.630033 4.499612e-07     0.969412    -0.563270
      1959.0     1.717128  1135.669074   978.665883  1793.211761     1.985695   221.810419    94.876018   126.934401    93.977538    93.387305 3.713393e-10   293.985364   290.423304 4.454834e-07     1.200571     0.636998
      1960.0     4.122817  1135.669074   979.454401  1793.654646     2.038053   227.652116    97.955189   129.696927    94.695086    95.653946 3.676439e-10   293.888987   290.146853 4.410501e-07     1.512726     0.515974
      1961.0     3.838334  1135.669074   980.372674  1794.707215     2.005864   225.891177    97.300313   128.590864    94.214960    95.621871 3.639853e-10   293.909505   290.301999 4.366610e-07     0.760169     0.354343
      1962.0     0.681998  1135.669074   980.152753  1795.730860     2.151273   216.787753    92.902171   123.885582    93.156713    92.438952 3.603630e-10   294.044418   290.440684 4.323155e-07     0.683141    -1.741406
      1963.0    -0.513810  1135.669074   979.786892  1792.925620     2.118344   223.454115    95.235775   128.218340    96.611861    93.592165 3.567769e-10   294.177030   290.752586 4.280133e-07     2.009471    -0.214456
      1964.0     1.856727  1135.669074   980.488666  1792.132415     2.060151   222.970583    94.977441   127.993143    94.005044    93.625889 3.532264e-10   294.104602   290.515961 4.237539e-07     0.649777     0.414049
      1965.0     3.042623  1135.669074   980.896576  1790.251879     1.911240   230.907864    98.820317   132.087547    96.441858    95.705149 3.497112e-10   294.071902   290.542636 4.195369e-07     2.707257     1.143827
      1966.0     5.010551  1135.669074   982.538305  1791.972193     1.923420   227.189655    97.877354   129.312300    93.543227    95.696495 3.462311e-10   293.874163   290.141207 4.153619e-07     0.539130     0.432955
      1967.0     1.612931  1135.669074   983.597367  1792.925038     2.048145   225.349268    95.936209   129.413059    95.208759    94.326250 3.427855e-10   294.037567   290.459351 4.112284e-07     0.550897    -1.835354
      1968.0     0.200473  1135.669074   983.849529  1790.018766     1.967297   227.404697    96.235836   131.168861    96.769788    94.238838 3.393743e-10   294.196732   290.881622 4.071361e-07     1.744836     0.375322
      1969.0     5.754019  1135.669074   985.041019  1790.794913     1.872021   228.518175    98.860810   129.657365    93.717106    96.273556 3.359970e-10   293.898514   290.212367 4.030844e-07     1.395764     1.780302
      1970.0     4.594049  1135.669074   986.647258  1792.804835     1.922237   229.637160    99.156107   130.481052    95.204826    96.506195 3.326533e-10   294.021535   290.520948 3.990731e-07     1.043673    -0.708553
      1971.0     2.923634  1135.669074   987.336869  1793.131264     1.989991   225.647309    96.836229   128.811080    94.672501    94.841287 3.293429e-10   294.048719   290.517095 3.951017e-07     1.305331    -0.157642
      1972.0     2.573452  1135.669074   987.890377  1793.849630     2.048864   223.704090    96.154330   127.549760    94.406144    94.777956 3.260654e-10   293.980507   290.356626 3.911698e-07     0.822866    -0.346555
      1973.0     2.493699  1135.669074   988.239707  1793.746182     1.841985   224.370038    96.538405   127.831634    94.667731    94.984255 3.228206e-10   294.091881   290.570312 3.872771e-07     1.204821     0.419972
      1974.0    -0.288131  1135.669074   987.895863  1793.788416     1.939422   216.525811    92.232993   124.292818    93.275507    91.917212 3.196080e-10   294.129161   290.647825 3.834231e-07     0.659625    -1.400529
      1975.0     1.810568  1135.669074   987.890556  1792.143589     1.988882   225.330435    96.785184   128.545251    95.762673    94.761441 3.164274e-10   294.079341   290.437528 3.796074e-07     2.029051     0.643594
      1976.0     3.491206  1135.669074   989.158774  1791.729113     1.892488   228.294877    98.329638   129.965239    95.527799    95.666678 3.132785e-10   294.022166   290.314662 3.758298e-07     1.394743     0.553354
      1977.0     2.735422  1135.669074   990.519730  1791.883229     1.752537   226.703084    97.545878   129.157206    95.337475    95.276387 3.101609e-10   294.132902   290.569778 3.720897e-07     0.908534    -0.215204
      1978.0     0.689732  1135.669074   991.210191  1790.747031     2.049462   225.167555    96.090956   129.076599    96.291091    94.177277 3.070743e-10   294.181750   290.653170 3.683868e-07     1.223218    -0.977616
      1979.0     0.953636  1135.669074   991.340790  1788.909467     2.007603   221.514843    94.532526   126.982318    94.380507    93.146206 3.040184e-10   294.130460   290.601140 3.647208e-07     1.255720     0.603263
      1980.0     4.793897  1135.669074   992.458505  1788.997592     1.946020   230.066508    99.285567   130.780941    95.227236    96.391176 3.009930e-10   293.980431   290.209768 3.610913e-07     1.776676     1.075815
      1981.0     1.426927  1135.669074   993.508485  1789.276307     1.942167   223.594894    94.959757   128.635136    94.296168    93.384063 2.979976e-10   294.182635   290.737658 3.574978e-07     0.525715    -1.190819
      1982.0     4.877651  1135.669074   994.371941  1790.052890     1.819959   224.366260    97.129540   127.236720    92.877770    95.002767 2.950321e-10   294.114441   290.564957 3.539402e-07     1.263317     1.348413
      1983.0     1.546148  1135.669074   995.098842  1790.424304     1.933770   224.890724    95.799399   129.091325    94.945474    94.029423 2.920961e-10   294.202070   290.575475 3.504179e-07     1.043076    -1.287465
      1984.0    -1.424358  1135.669074   995.431445  1787.372048     1.580925   229.608410    96.244543   133.363868    98.035921    94.307446 2.891893e-10   294.392382   290.941043 3.469308e-07     1.604494    -0.676218
      1985.0     3.214720  1135.669074   996.384558  1786.958232     1.716154   225.054959    96.797297   128.257661    94.129727    94.810954 2.863114e-10   294.264318   290.687836 3.434783e-07     1.033229     1.095044
      1986.0     2.194312  1135.669074   997.308362  1786.668121     2.038327   228.252166    96.903246   131.348920    95.550578    94.888893 2.834622e-10   294.339681   290.874156 3.400601e-07     1.090549    -0.371574
      1987.0     3.408970  1135.669074   998.009846  1786.453641     1.832983   227.577029    97.096743   130.480287    94.316625    94.809221 2.806413e-10   294.288231   290.833987 3.366760e-07     1.586038     0.707076
      1988.0     4.286870  1135.669074   999.248961  1787.410759     1.528007   227.902644    98.288779   129.613864    94.295898    95.973856 2.778485e-10   294.229233   290.807264 3.333255e-07     1.075808     0.720840
      1989.0     1.321840  1135.669074   999.693764  1787.955783     1.930301   221.142957    94.765891   126.377066    94.127808    93.635364 2.750834e-10   294.299586   290.875867 3.300084e-07     0.685724    -1.037469
      1990.0     2.681272  1135.669074   999.866558  1787.794028     1.668361   223.362958    96.272541   127.090417    94.047725    94.560948 2.723459e-10   294.196243   290.649356 3.267243e-07     1.538799     0.674978
      1991.0     0.992305  1135.669074  1000.317518  1788.293397     1.782636   223.620499    95.532235   128.088264    95.096422    94.136545 2.696357e-10   294.270248   290.811287 3.234729e-07     0.944730    -1.459246
      1992.0    -0.338708  1135.669074  1000.090657  1786.183427     1.701005   222.470170    94.372546   128.097625    95.181431    93.445111 2.669524e-10   294.452471   291.151286 3.202539e-07     1.154297     0.373650
      1993.0     3.573395  1135.669074  1000.750510  1786.387527     1.735368   225.654803    96.854925   128.799878    93.841400    94.838464 2.642958e-10   294.310605   290.732437 3.170668e-07     1.356608     0.792964
      1994.0     0.974548  1135.669074  1001.086373  1786.121519     1.711577   223.733968    95.913592   127.820376    95.460942    94.193412 2.616656e-10   294.290469   290.668617 3.139116e-07     1.384317    -1.001522
      1995.0     3.853120  1135.669074  1001.935994  1786.241599     1.521493   225.768662    98.130892   127.637770    94.572531    95.692451 2.590617e-10   294.174115   290.537778 3.107877e-07     1.588821     0.999840
      1996.0     4.996447  1135.669074  1003.599019  1787.779801     1.760032   228.828488    99.347226   129.481261    94.863301    96.567997 2.564836e-10   294.190793   290.612183 3.076948e-07     1.116204     0.166494
      1997.0     0.874037  1135.669074  1004.332798  1787.376500     1.822184   224.449766    96.022867   128.426900    95.741629    94.477890 2.539312e-10   294.295848   290.800082 3.046328e-07     0.811197    -0.860438
      1998.0     2.164725  1135.669074  1004.831193  1786.701630     1.648726   226.417556    97.497421   128.920135    95.688759    95.375439 2.514042e-10   294.301236   290.732819 3.016012e-07     1.623587     0.361548
      1999.0     2.576704  1135.669074  1005.855638  1786.523031     1.808773   228.349357    97.752992   130.596365    95.732168    95.415814 2.489023e-10   294.388112   290.923111 2.985998e-07     1.312732    -0.137754