        time     emission          CO2         cveg        csoil        fgco2         fgpp         fnpp           ra          frh     fvegsoil         fluc          tas     tas_land        cprod     fcvegout    fcsoilout
      1850.0     1.007304   284.312629   332.338835  1638.068678     0.022393    95.109584    43.037982    52.071602    41.928605    46.209760          0.0   287.542417   280.808345          0.0    -4.113953     2.323162
      1851.0     0.920063   284.441552   332.724758  1639.444227    -0.018184    94.876305    43.044210    51.832096    42.113603    45.743450          0.0   287.590992   280.983907          0.0    -3.085163     2.254298
      1852.0    -0.554205   284.588500   332.554430  1640.237332     0.077233    93.428772    41.809254    51.619518    42.496464    45.264039          0.0   287.756288   281.350666          0.0    -3.284457     1.974470
      1853.0     0.757294   284.721469   332.622179  1640.715311     0.114700    94.374178    42.666287    51.707892    42.020267    45.522407          0.0   287.683641   281.220324          0.0    -2.923870     3.024161
      1854.0    -0.334878   284.836338   332.573538  1641.683485     0.088310    93.395509    41.723410    51.672100    42.141782    45.459013          0.0   287.738431   281.299261          0.0    -3.686962     2.349057
      1855.0    -0.064040   284.931368   332.309080  1642.570196     0.195714    93.498199    41.895759    51.602440    42.088151    45.380611          0.0   287.601182   281.150316          0.0    -3.220394     2.405750
      1856.0     0.979992   285.039476   332.264099  1643.642334     0.113992    94.030754    42.586260    51.444494    41.687164    45.518119          0.0   287.653216   281.093902          0.0    -2.886879     2.758816
      1857.0    -0.839985   285.194451   332.184669  1644.352467     0.049539    93.281866    41.860471    51.421395    42.813373    45.094413          0.0   287.814303   281.386789          0.0    -3.154512     1.570907
      1858.0     0.305281   285.359461   332.434106  1644.314404     0.018917    94.386715    42.775714    51.611000    42.557596    45.220758          0.0   287.729396   281.106557          0.0    -2.694482     2.701225
      1859.0    -1.365763   285.535497   332.309320  1644.354628     0.012081    92.985086    41.377563    51.607523    42.870387    45.283150          0.0   287.893575   281.441379          0.0    -3.780801     2.372539
      1860.0     1.276314   285.729513   332.281843  1644.864247     0.069896    94.396678    42.682984    51.713694    41.595806    45.469279          0.0   287.823430   281.243337          0.0    -2.758817     3.363853
      1861.0     0.126392   285.923431   332.059481  1646.468767     0.066591    92.719197    41.579593    51.139604    41.645172    45.389074          0.0   287.919397   281.377010          0.0    -3.587118     2.139383
      1862.0     1.299468   286.090422   332.112945  1647.330958    -0.038775    94.915500    43.200027    51.715473    41.912877    45.437857          0.0   287.742211   281.096156          0.0    -2.291294     2.662788
      1863.0     3.298965   286.261342   334.119207  1649.286674    -0.068186    98.385889    45.395432    52.990456    42.108559    46.996864          0.0   287.749502   281.032660          0.0    -3.607694     2.932589
      1864.0    -1.379678   286.432427   334.013913  1650.656264    -0.038530    93.913338    41.874849    52.038489    43.296150    46.052458          0.0   288.013890   281.495214          0.0    -4.072316     1.386718
      1865.0    -0.496946   286.604299   333.421345  1650.591664     0.117725    93.993804    42.268090    51.725715    42.952811    45.527817          0.0   287.953320   281.366297          0.0    -2.667159     2.639606
      1866.0     0.722628   286.771283   333.993197  1650.909668    -0.035350    96.285144    43.695799    52.589345    43.021917    46.094577          0.0   287.984173   281.508357          0.0    -2.970630     2.754656
      1867.0    -1.061284   286.945328   334.154880  1651.208235    -0.044279    94.632007    42.468665    52.163342    43.579369    45.972242          0.0   288.089044   281.727526          0.0    -3.665260     2.094306
      1868.0    -0.297195   287.095150   334.205883  1651.331048     0.212530    94.477427    42.563777    51.913649    43.109250    45.857067          0.0   287.980206   281.412331          0.0    -3.344293     2.625003
      1869.0    -0.567461   287.215165   333.568618  1651.245456     0.170054    93.993431    42.381458    51.611974    43.060573    45.556943          0.0   288.036694   281.662067          0.0    -2.538220     2.581963
      1870.0     0.661845   287.345180   334.035271  1652.083782     0.241215    94.463648    42.811831    51.651817    42.373673    46.132655          0.0   287.866680   281.224959          0.0    -3.787478     2.920657
      1871.0    -1.038473   287.484236   333.365721  1652.754458     0.041784    92.201492    41.364217    50.837275    42.446649    45.167196          0.0   287.957928   281.329444          0.0    -3.133428     2.049870
      1872.0     0.126984   287.654201   333.400378  1652.568707     0.009395    95.968857    43.636251    52.332607    43.558635    45.606970          0.0   287.946266   281.490943          0.0    -2.005377     2.234086
      1873.0     1.884300   287.850104   334.842272  1653.472182    -0.005919    97.276022    44.419407    52.856615    42.657408    46.652366          0.0   287.926823   281.272163          0.0    -3.674852     3.091483
      1874.0     0.870563   288.051271   334.577730  1654.526069     0.050322    95.940076    43.593054    52.347021    42.876743    46.145352          0.0   287.920881   281.380816          0.0    -2.287756     2.214722
      1875.0     0.866647   288.281236   335.611561  1655.576566     0.150079    97.046214    44.099562    52.946652    43.575377    46.564912          0.0   287.918306   281.365562          0.0    -3.499181     1.939038
      1876.0     0.570295   288.510296   335.757008  1656.431304     0.096699    95.895130    43.401925    52.493205    43.101444    46.708330          0.0   288.035813   281.515102          0.0    -3.451852     2.752148
      1877.0    -0.314150   288.742137   334.831999  1657.400628     0.174731    92.972745    41.618889    51.353856    42.293443    45.218600          0.0   288.020089   281.490838          0.0    -2.674703     1.955833
      1878.0     1.396837   288.983071   335.269819  1658.392882     0.259687    95.542414    43.494965    52.047449    42.560777    46.242341          0.0   288.096009   281.499971          0.0    -3.185196     2.689310
      1879.0    -0.228276   289.211003   334.743864  1659.035246     0.354852    94.006761    42.225707    51.781054    42.953363    45.815250          0.0   288.165535   281.721128          0.0    -3.063587     2.219524
      1880.0     1.820159   289.460062   334.706917  1660.247092     0.428667    94.215778    42.714416    51.501362    41.533053    45.852600          0.0   288.044237   281.442322          0.0    -3.101238     3.107701
      1881.0     0.132685   289.727076   333.929250  1661.684360     0.264826    93.407895    42.133762    51.274133    42.509956    45.425107          0.0   288.029200   281.411547          0.0    -2.513678     1.477883
      1882.0     1.151532   290.008885   334.476989  1662.676917     0.264358    95.721172    43.498721    52.222451    42.883621    46.446079          0.0   288.076655   281.552123          0.0    -3.495098     2.569901
      1883.0     0.320648   290.252798   334.249592  1663.068505     0.238162    95.506074    43.426225    52.079849    43.510668    45.821374          0.0   288.049924   281.640901          0.0    -2.167752     1.919118
      1884.0     4.202238   290.501947   335.215945  1665.020509     0.546882    95.555152    44.104762    51.450390    40.645272    46.576789          0.0   287.710896   280.780141          0.0    -3.438380     3.979513
      1885.0     2.745244   290.787014   335.726056  1668.242248     0.472211    95.386996    43.755271    51.631725    41.746372    46.499950          0.0   287.676642   280.822282          0.0    -3.254789     1.531839
      1886.0     1.609511   291.089975   336.005172  1670.137504     0.228468    96.153380    44.089543    52.063837    42.992467    46.353457          0.0   287.808194   281.181802          0.0    -2.543030     1.465734
      1887.0     3.162321   291.404063   337.404669  1671.299106     0.355168    99.559053    46.061120    53.497933    43.582717    47.254772          0.0   287.823553   281.351068          0.0    -2.593149     2.510452
      1888.0     0.092579   291.753071   338.090338  1672.599817     0.433001    96.466280    43.483334    52.982946    44.234526    47.398514          0.0   288.007378   281.539028          0.0    -4.600849     1.863278
      1889.0     0.204429   292.102835   337.262633  1672.487825     0.357963    96.051334    43.553571    52.497763    44.095082    46.188018          0.0   287.976623   281.587661          0.0    -1.806742     2.204928
      1890.0     3.147372   292.447882   338.729606  1673.410818     0.442969    98.772843    45.584615    53.188227    43.260236    47.755345          0.0   287.926276   281.294797          0.0    -3.637703     3.572116
      1891.0     1.389479   292.805725   338.678023  1674.959125     0.395101    96.451217    43.847800    52.603417    43.265609    46.827291          0.0   287.984401   281.472723          0.0    -2.927908     2.013375
      1892.0     2.711878   293.156718   339.224886  1676.572448     0.342805    98.495937    45.379097    53.116840    43.392199    47.299399          0.0   287.813669   281.157442          0.0    -2.467165     2.293877
      1893.0     2.515503   293.466813   340.299963  1678.363686     0.303530    98.723993    45.272726    53.451267    43.379232    47.990531          0.0   287.902539   281.270089          0.0    -3.792881     2.820060
      1894.0     1.437124   293.780722   340.039586  1680.008696     0.372451    97.822570    44.628691    53.193879    43.847931    47.189784          0.0   287.965671   281.335557          0.0    -2.300715     1.696843
      1895.0    -0.248750   294.068674   340.249906  1680.936570     0.512228    96.345022    43.113201    53.231821    44.165062    47.277127          0.0   288.060646   281.546699          0.0    -4.374247     2.184191
      1896.0    -0.414122   294.354634   339.149073  1681.038720     0.490963    95.907927    43.362854    52.545073    44.481481    46.773860          0.0   288.079670   281.583730          0.0    -2.310172     2.190228
      1897.0     1.702174   294.635531   339.573249  1681.671484     0.495830    97.263855    44.540375    52.723481    43.551336    47.033624          0.0   287.994742   281.465962          0.0    -2.917425     2.849524
      1898.0     2.008329   294.943695   340.152151  1682.591205     0.418574    98.672491    45.332041    53.340450    44.026827    47.231174          0.0   287.919393   281.357169          0.0    -2.478036     2.284626
      1899.0     2.532684   295.289583   341.117796  1683.989832     0.537922    99.015545    45.488525    53.527020    43.850011    47.935105          0.0   287.891092   281.412772          0.0    -3.412225     2.686467
      1900.0     0.514977   295.664254   340.648678  1685.165348     0.439154    96.208466    43.469410    52.739056    43.810191    46.945422          0.0   288.006068   281.575883          0.0    -3.006894     1.959715
      1901.0     2.129218   295.996057   340.492381  1686.133144     0.490066    97.729479    45.047960    52.681519    43.723561    47.031599          0.0   287.943021   281.539720          0.0    -1.827341     2.340241
      1902.0     2.243448   296.314108   341.486239  1687.494079     0.526270    98.893001    45.479174    53.413827    44.047662    47.981958          0.0   287.828017   281.185957          0.0    -3.496642     2.573361
      1903.0     2.821185   296.642700   341.881227  1689.799640     0.663477    97.662436    44.819201    52.843235    42.972440    47.745296          0.0   287.747128   281.038549          0.0    -3.321083     2.467295
      1904.0     0.760421   296.942938   341.041257  1691.671273     0.630324    95.656283    43.275435    52.380848    43.373818    46.950750          0.0   287.854924   281.368399          0.0    -2.835345     1.705298
      1905.0     1.804556   297.277694   341.054390  1693.122650     0.575415    97.947524    45.056804    52.890720    44.124329    47.345507          0.0   287.762907   281.214798          0.0    -2.301835     1.769801
      1906.0     3.630924   297.650725   342.185244  1694.232532     0.543982   101.144224    47.075188    54.069037    44.384573    48.294164          0.0   287.677085   281.069929          0.0    -2.349831     2.799709
      1907.0     1.999707   298.086438   343.125231  1695.978624     0.570720   100.214333    46.029517    54.184816    45.128031    48.555997          0.0   287.735642   281.227527          0.0    -3.466467     1.681874
      1908.0     1.508825   298.506304   343.503206  1697.186972     0.556217    99.606930    45.515561    54.091370    45.047989    48.415501          0.0   287.891663   281.445967          0.0    -3.277915     2.159163
      1909.0     1.273885   298.924293   343.061520  1698.210632     0.624420    98.319653    44.915340    53.404312    44.706981    47.935024          0.0   287.899423   281.468908          0.0    -2.577998     2.204383
      1910.0     2.679966   299.365026   343.469865  1699.371411     0.647279    99.943536    46.102979    53.840556    44.578884    48.170425          0.0   287.846013   281.400627          0.0    -2.475791     2.430762
      1911.0     2.055103   299.817194   343.572260  1700.869232     0.674552    98.526121    45.256978    53.269143    44.400940    48.031413          0.0   287.845553   281.324609          0.0    -2.876829     2.132651
      1912.0     2.893858   300.341211   344.233261  1702.035329     0.666483    99.736040    45.870703    53.865337    44.340350    48.534835          0.0   287.802079   281.290878          0.0    -3.325133     3.028388
      1913.0     3.089412   300.897849   344.676682  1703.813651     0.659285    99.912712    46.049724    53.862988    44.384717    48.175105          0.0   287.699233   280.979893          0.0    -2.568801     2.012066
      1914.0     1.963274   301.406872   345.218820  1705.016190     0.743134   100.116894    45.866259    54.250635    45.300361    48.453383          0.0   287.972252   281.589129          0.0    -3.129261     1.950482
      1915.0     3.056567   301.924860   345.380942  1705.510533     0.697932   100.664512    46.412916    54.251597    44.716339    48.268142          0.0   287.887486   281.586544          0.0    -2.017349     3.057461
      1916.0     3.056778   302.472681   346.786850  1707.307338     0.723549   102.245333    47.209547    55.035786    45.623653    49.457358          0.0   287.793340   281.267801          0.0    -3.653718     2.036899
      1917.0     1.598232   302.998457   346.993890  1707.790639     0.671548   101.611212    46.597626    55.013586    46.347793    48.906834          0.0   287.927650   281.625374          0.0    -2.516248     2.075740
      1918.0     1.211966   303.435961   347.669473  1707.925225     0.607261   102.342683    46.939815    55.402867    46.846630    49.595045          0.0   287.999359   281.773075          0.0    -3.330813     2.613828
      1919.0     1.869196   303.801409   347.781302  1708.542848     0.784597   100.900048    46.233764    54.666284    45.465039    49.045327          0.0   288.007260   281.611271          0.0    -2.923392     2.962664
      1920.0     1.415004   304.232851   347.411027  1709.578685     0.607469    99.127577    45.463291    53.664286    45.137282    48.407951          0.0   287.848882   281.278022          0.0    -2.574384     2.234832
      1921.0     3.120889   304.587079   348.443601  1710.729492     0.736972   102.282223    47.496452    54.785770    45.409021    49.029402          0.0   288.018214   281.525790          0.0    -2.565524     2.469574
      1922.0     3.165036   304.931687   349.059784  1712.097956     0.648081   102.615676    47.633008    54.982668    45.370466    49.414360          0.0   287.899332   281.406388          0.0    -2.397535     2.675431
      1923.0     3.439120   305.257618   350.213013  1713.922921     0.648800   103.534021    48.238150    55.295871    45.684122    49.998156          0.0   287.925242   281.447896          0.0    -2.913235     2.489069
      1924.0     1.133798   305.616021   350.508652  1715.038254     0.694957   102.396214    47.193701    55.202513    47.053543    49.368977          0.0   287.853356   281.465998          0.0    -2.470915     1.200102
      1925.0     0.731953   305.798639   350.797746  1715.486058     0.677142   100.792416    46.175921    54.616495    46.066493    49.619144          0.0   287.891649   281.308401          0.0    -3.732316     3.104847
      1926.0     0.900631   305.939849   350.315093  1716.409270     0.662709   100.340510    46.079163    54.261347    45.668402    48.931421          0.0   287.956375   281.584326          0.0    -2.369605     2.339807
      1927.0     0.920359   306.162313   350.523785  1717.455028     0.717711   100.563736    46.076303    54.487433    45.890918    48.994202          0.0   288.015152   281.662508          0.0    -3.126591     2.057526
      1928.0     0.466890   306.314217   350.066605  1717.674027     0.569541   100.373328    46.213849    54.159479    46.162264    48.862291          0.0   288.009968   281.510212          0.0    -2.191262     2.481029
      1929.0     2.002057   306.479979   350.684688  1718.848180     0.501266   101.015551    46.775648    54.239903    45.169072    49.265837          0.0   287.844086   281.237793          0.0    -3.108272     2.922611
      1930.0     1.377321   306.605268   351.082187  1720.431239     0.616571   101.641725    47.011706    54.630019    46.031206    49.400697          0.0   288.014846   281.714521          0.0    -2.786490     1.786431
      1931.0     0.733871   306.807619   350.940160  1720.752242     0.573532   100.682135    46.452169    54.229967    46.222042    48.746285          0.0   287.869501   281.384560          0.0    -2.152090     2.203240
      1932.0     2.394650   307.078621   352.096783  1721.538726     0.630316   103.113805    47.910862    55.202942    46.253278    49.897095          0.0   287.964416   281.429701          0.0    -3.142855     2.857333
      1933.0     0.731474   307.387858   351.573731  1722.550001     0.654132    99.452689    45.409709    54.042980    45.491351    49.038319          0.0   287.885238   281.384947          0.0    -3.105558     2.535693
      1934.0     3.547591   307.770392   351.899583  1724.442751     0.679027   102.220794    47.514221    54.706573    44.972655    49.689219          0.0   287.832183   281.304935          0.0    -2.500849     2.823814
      1935.0     4.031698   308.213139   352.463475  1726.401171     0.699965   104.305464    48.822807    55.482658    45.927614    50.123107          0.0   287.771515   281.310903          0.0    -1.864193     2.237073
      1936.0     2.760833   308.997998   353.407057  1728.349846     0.647054   103.220937    47.657088    55.563849    46.728803    50.252698          0.0   287.743906   281.218418          0.0    -3.539192     1.575221
      1937.0     3.160412   309.748925   353.229093  1729.522557     0.646658   102.187319    47.241598    54.945720    45.813627    50.159209          0.0   287.824792   281.257938          0.0    -2.739647     3.172871
      1938.0     1.678738   310.279012   353.223090  1730.875104     0.748158   101.667805    46.722166    54.945639    46.424067    49.786193          0.0   287.997108   281.617100          0.0    -3.058024     2.009579
      1939.0     3.092629   310.835708   353.591459  1732.578397     0.798483   101.853249    47.217880    54.635369    45.613673    49.914777          0.0   287.920913   281.203445          0.0    -3.065266     2.597810
      1940.0     3.024558   311.341190   353.572383  1734.031179     0.759370   102.710966    47.547391    55.163575    45.848728    49.876048          0.0   287.949752   281.447030          0.0    -2.309581     2.574538
      1941.0     2.447795   311.794853   354.056350  1735.724657     0.858122   103.096448    47.511510    55.584938    46.371656    50.375755          0.0   288.073398   281.725664          0.0    -3.348212     2.310621
      1942.0     1.401934   312.155447   353.745515  1736.491615     0.923652   102.842140    47.658552    55.183588    47.415142    49.641397          0.0   288.079598   281.643737          0.0    -1.672009     1.459296
      1943.0     2.315018   312.372777   355.045978  1736.748235     0.819950   104.774679    48.752862    56.021817    47.190683    50.832795          0.0   288.113906   281.690081          0.0    -3.380396     3.385492
      1944.0     1.910532   312.395419   354.972518  1737.886315     0.659930   103.254416    48.002131    55.252285    46.250644    49.937431          0.0   288.107622   281.744784          0.0    -1.861841     2.548707
      1945.0     1.880152   312.367801   355.899983  1739.065188     0.580554   105.329947    49.094667    56.235280    47.186889    50.685503          0.0   287.970259   281.438839          0.0    -2.518301     2.319741
      1946.0     0.636179   312.372970   356.306853  1740.493964     0.514358   103.138539    47.448264    55.690275    46.826704    50.841241          0.0   288.063186   281.495158          0.0    -3.799847     2.585761
      1947.0     1.808810   312.468340   355.883185  1741.771741     0.594606   103.608585    47.939942    55.668643    46.403467    50.211184          0.0   288.100919   281.686849          0.0    -1.847573     2.529939
      1948.0     0.236786   312.503128   355.813748  1743.283743     0.490170   101.780998    46.808649    54.972349    46.592605    50.463783          0.0   288.084192   281.344875          0.0    -3.585698     2.359177
      1949.0     0.847074   312.614350   355.455311  1743.815186     0.451632   103.586770    48.084574    55.502196    47.382589    50.054163          0.0   288.146418   281.663511          0.0    -1.611151     2.140130
      1950.0     3.239453   312.802985   356.991678  1745.079342     0.461412   106.007702    49.659839    56.347863    46.750526    51.149122          0.0   288.134155   281.490741          0.0    -3.025650     3.134440
      1951.0     0.911038   312.995920   357.170112  1746.423574     0.430498   104.278054    48.174337    56.103717    47.564327    50.882534          0.0   288.304880   281.910300          0.0    -2.886630     1.973975
      1952.0     2.209198   313.323961   357.199375  1747.647018     0.540737   104.524776    48.596944    55.927832    47.071816    50.781353          0.0   288.125450   281.633516          0.0    -2.213672     2.486093
      1953.0     1.860734   313.711686   357.498225  1748.955138     0.575363   105.030110    48.627494    56.402616    47.626071    51.068892          0.0   288.161895   281.669243          0.0    -2.740248     2.134700
      1954.0     0.701141   314.076382   356.963669  1750.226834     0.688533   102.480034    47.185483    55.294550    47.385421    50.710774          0.0   288.200649   281.631287          0.0    -2.990735     2.053658
      1955.0     1.649896   314.395818   356.338925  1750.985637     0.790732   103.250067    47.936935    55.313132    47.187860    50.030474          0.0   288.181892   281.731943          0.0    -1.468795     2.083811
      1956.0     2.822870   314.678573   357.116636  1752.271307     0.758240   104.848969    48.917059    55.931910    46.882289    50.499209          0.0   288.174658   281.710102          0.0    -2.359861     2.331251
      1957.0     0.963385   314.972398   356.872341  1753.602760     0.660970   102.663977    47.246221    55.417756    46.978453    50.643126          0.0   288.185482   281.688229          0.0    -3.152610     2.333219
      1958.0     1.986646   315.325116   356.870311  1755.109133     0.723722   103.990058    48.171691    55.818367    47.070362    50.758959          0.0   288.205252   281.779248          0.0    -2.585239     2.182225
      1959.0     0.334212   315.787878   356.346484  1755.533677     0.675096   103.136557    47.507348    55.629210    48.242136    49.984084          0.0   288.274937   281.884438          0.0    -1.952909     1.317403
      1960.0     2.831602   316.605249   356.052029  1755.980341     0.801901   102.326706    47.365451    54.961256    46.485232    50.296554          0.0   288.155666   281.709532          0.0    -2.636648     3.364658
      1961.0     4.318415   317.279092   357.256739  1757.415694     0.882826   106.528585    49.964945    56.563640    47.361065    51.265718          0.0   288.133133   281.645525          0.0    -2.505483     2.469300
      1962.0     1.920018   318.023448   357.032177  1758.396082     0.822416   102.852895    47.297431    55.555464    47.175968    50.422954          0.0   288.137681   281.741398          0.0    -2.900961     2.266599
      1963.0     3.765759   318.629164   357.381615  1759.314345     0.961116   104.344059    48.634453    55.709606    46.530656    50.849162          0.0   287.939556   281.245384          0.0    -2.564147     3.400243
      1964.0     6.831539   319.311032   358.192754  1761.498315     1.045449   107.347387    51.069972    56.277415    46.086475    51.781878          0.0   287.814858   281.133924          0.0    -1.523044     3.511432
      1965.0     4.276843   319.795068   359.080171  1764.981385     1.101477   103.838068    48.462403    55.375665    45.732392    51.395483          0.0   287.808481   281.208608          0.0    -3.820497     2.180020
      1966.0     3.659925   320.857678   358.572446  1766.722318     1.102703   104.163686    48.477614    55.686072    47.532781    50.954082          0.0   288.052641   281.633745          0.0    -1.968743     1.680368
      1967.0     2.333641   321.457583   358.496592  1767.872504     1.020241   102.328526    47.283069    55.045456    46.643291    50.677130          0.0   287.919301   281.355937          0.0    -3.318207     2.883652
      1968.0     2.499689   322.366159   357.677621  1768.816943     1.160526   101.407148    46.924565    54.482583    46.888708    49.803365          0.0   288.036242   281.575487          0.0    -2.059828     1.970218
      1969.0     4.700973   323.229231   358.109607  1769.800434     1.091417   103.464682    48.359030    55.105653    45.976008    50.407035          0.0   288.035814   281.524888          0.0    -2.479991     3.447536
      1970.0     6.572779   324.758318   358.984099  1770.916392     1.166385   107.112985    50.497909    56.615076    47.708433    51.390009          0.0   288.035721   281.562945          0.0    -1.766593     2.565618
      1971.0     3.448762   325.376376   360.096070  1771.952112     1.149570   106.930106    49.862707    57.067399    48.262876    52.026113          0.0   288.076639   281.858257          0.0    -3.275377     2.727516
      1972.0     8.796043   327.328777   360.830311  1773.449548     1.412526   108.191153    51.264108    56.927045    47.394135    52.291957          0.0   287.844436   281.228143          0.0    -1.762089     3.400386
      1973.0     9.854896   329.883576   362.285547  1775.368996     1.548041   109.197778    51.633054    57.564724    48.095009    52.663149          0.0   288.015013   281.677296          0.0    -2.485331     2.648692
      1974.0     5.269079   330.727559   363.233816  1776.641006     1.577719   108.748296    51.323646    57.424650    48.772753    52.615429          0.0   288.133324   281.750900          0.0    -2.240052     2.570666
      1975.0     3.287033   330.799779   364.617833  1777.019823     1.468324   110.333993    52.233781    58.100212    49.902016    53.275175          0.0   288.104225   281.708928          0.0    -2.425410     2.994342
      1976.0     4.221727   331.520352   365.564887  1778.050357     1.579938   107.442706    50.401101    57.041605    48.640350    52.733130          0.0   288.022806   281.453624          0.0    -3.279083     3.062246
      1977.0     8.161748   333.327875   366.150594  1778.801609     1.525776   111.038150    52.836287    58.201863    49.376083    53.062618          0.0   288.079788   281.650728          0.0    -0.812037     2.935283
      1978.0     4.968876   334.983593   367.255503  1779.953539     1.419940   107.941016    50.169119    57.771897    49.501344    53.222265          0.0   288.171942   281.842587          0.0    -4.158056     2.568991
      1979.0     5.698240   336.579539   366.711880  1780.174643     1.464937   108.563257    50.802287    57.760970    49.282100    52.851388          0.0   288.056042   281.599516          0.0    -1.505477     3.348184
      1980.0    10.462845   338.678464   368.194504  1781.950758     1.771584   111.879698    53.441287    58.438412    48.547973    54.140560          0.0   288.085598   281.594304          0.0    -2.181897     3.816472
      1981.0     4.737273   340.029572   368.261889  1784.077124     1.690850   106.845317    49.622813    57.222504    48.807173    52.980438          0.0   288.280676   281.812209          0.0    -3.425010     2.046899
      1982.0     5.755029   340.617109   368.183173  1785.257356     1.688655   110.816604    52.851122    57.965482    49.324072    53.226958          0.0   288.282100   281.926719          0.0    -0.297120     2.722653
      1983.0     8.059070   342.239934   369.275725  1787.146625     1.995477   108.966305    51.358062    57.608243    48.061667    53.430453          0.0   288.164616   281.588664          0.0    -3.164942     3.479517
      1984.0     8.183548   343.983983   370.055506  1789.150900     1.943333   111.574513    52.844215    58.730299    49.639538    54.004461          0.0   288.175104   281.768815          0.0    -1.940028     2.360648
      1985.0     9.452700   345.435952   371.441977  1791.115611     1.825324   114.216227    54.771736    59.444491    49.515325    54.624478          0.0   288.014194   281.351691          0.0    -1.239212     3.144442
      1986.0     6.835188   346.877225   372.460792  1793.600916     1.866017   110.471039    51.968200    58.502840    49.390263    54.472716          0.0   288.140926   281.749902          0.0    -3.523332     2.597148
      1987.0     8.292756   348.753671   372.855651  1795.251473     1.989248   112.031505    53.219424    58.812082    50.196236    54.379337          0.0   288.187255   281.727662          0.0    -1.554773     2.532544
      1988.0     9.424118   351.248650   373.575003  1796.576464     2.078299   112.172691    53.226026    58.946664    50.486951    54.782022          0.0   288.281008   281.932581          0.0    -2.275348     2.970081
      1989.0     5.411446   352.861601   373.420228  1797.408087     2.005104   109.283305    51.200535    58.082770    50.539753    53.466871          0.0   288.365439   282.028906          0.0    -2.111561     2.095496
      1990.0     8.766527   354.040731   374.611540  1798.199707     1.910686   114.900129    55.236261    59.663868    50.164744    55.033478          0.0   288.269533   281.835932          0.0    -0.988529     4.077113
      1991.0     9.249549   355.322938   376.573807  1800.719165     2.039906   114.502052    54.958269    59.543782    49.766147    55.789875          0.0   288.154834   281.601653          0.0    -2.793872     3.504270
      1992.0     9.580912   356.200591   377.748273  1803.931104     2.305747   113.590158    54.717670    58.872488    48.592565    55.648812          0.0   287.909629   281.091277          0.0    -2.105608     3.844307
      1993.0     8.068975   356.898133   379.503070  1807.016267     2.084701   115.691713    55.735636    59.956076    50.506724    55.940574          0.0   288.023305   281.403447          0.0    -1.959735     2.348687
      1994.0     6.312744   358.229083   380.939513  1808.790298     2.099410   113.242648    53.638963    59.603685    51.559028    55.995024          0.0   288.247414   281.802559          0.0    -3.792504     2.661965
      1995.0     8.204894   360.207946   381.497381  1808.777582     2.158076   114.746735    54.527192    60.219542    51.975931    55.292730          0.0   288.343635   282.131049          0.0    -1.323405     3.329515
      1996.0     9.742678   361.975920   383.387911  1809.884205     2.278276   116.083807    55.722351    60.361456    51.305374    56.334036          0.0   288.198366   281.674723          0.0    -2.502216     3.922039
      1997.0     5.721975   363.221971   384.312017  1810.693205     2.111854   114.868317    54.354153    60.514164    52.689180    56.272210          0.0   288.446881   282.239102          0.0    -2.842163     2.774031
      1998.0    10.574148   365.907703   384.776287  1811.219180     2.322917   114.352644    54.336647    60.015997    51.089055    55.623216          0.0   288.379011   282.168496          0.0    -1.750839     4.008185
      1999.0     7.927772   367.812419   386.156829  1811.914311     2.076926   116.604549    55.571898    61.032651    53.078777    56.533921          0.0   288.362262   281.966127          0.0    -2.342564     2.760013
      2000.0     6.446661   369.094785   387.575882  1811.835714     2.108561   117.512640    55.845200    61.667440    53.564523    56.756866          0.0   288.542085   282.246104          0.0    -2.330719     3.270940
      2001.0     6.893609   370.643294   388.502215  1811.939405     2.198587   117.358498    55.825404    61.533094    53.698155    57.075587          0.0   288.649114   282.555302          0.0    -2.176517     3.273741
      2002.0     8.655669   372.808648   389.534615  1812.110021     2.474130   117.805191    56.403546    61.401645    54.094873    56.898305          0.0   288.674682   282.461390          0.0    -1.527158     2.632816
      2003.0    10.461182   375.383174   391.569579  1812.084957     2.514731   118.658418    56.803453    61.854965    53.616033    57.752752          0.0   288.571804   282.357868          0.0    -2.984262     4.161783
      2004.0     6.493303   376.959040   392.685077  1811.796175     2.449690   118.980139    56.955720    62.024419    55.564493    57.492451          0.0   288.596667   282.449620          0.0    -1.652229     2.216740
      2005.0     9.165409   378.879905   394.414855  1811.159704     2.514139   121.049731    58.089319    62.960412    54.797731    58.069484          0.0   288.528591   282.301034          0.0    -1.709942     3.908224
      2006.0     8.391660   380.981479   396.052975  1811.925057     2.591724   118.975415    56.519764    62.455651    54.482880    58.244135          0.0   288.634334   282.454206          0.0    -3.362490     2.995902
      2007.0     8.757995   382.577741   396.876676  1811.926104     2.591825   119.304873    57.163382    62.141491    53.663795    57.787608          0.0   288.579653   282.389517          0.0    -1.447926     4.122765
      2008.0     9.902078   384.713545   398.516306  1812.483704     2.553923   121.605036    58.344637    63.260399    54.807901    58.643179          0.0   288.585109   282.476706          0.0    -1.938172     3.277677
      2009.0     8.456275   386.252198   399.114578  1813.473203     2.566428   119.384150    57.263766    62.120384    53.915109    58.149653          0.0   288.554217   282.307053          0.0    -1.484159     3.245045
      2010.0    11.407152   388.692151   401.189517  1813.569865     2.618094   124.074691    59.850408    64.224284    55.518473    59.522465          0.0   288.585057   282.462062          0.0    -1.746997     3.907330
      2011.0    10.207583   390.912024   403.046552  1814.016034     2.664306   123.383930    59.481443    63.902487    55.935149    60.107997          0.0   288.662769   282.398093          0.0    -2.483589     3.726679
      2012.0     9.461244   392.983067   403.516121  1814.520137     2.795447   122.524561    58.891654    63.632907    55.883031    59.376335          0.0   288.706391   282.413975          0.0    -0.954249     2.989201
      2013.0    12.706326   395.693508   405.568665  1814.453690     2.861494   126.480712    61.517484    64.963228    56.667369    60.730905          0.0   288.763643   282.563072          0.0    -1.265965     4.129983
      2014.0     9.363199   397.491859   407.354404  1814.980891     2.722065   125.950836    61.002068    64.948768    57.425079    60.900120          0.0   288.813619   282.620962          0.0    -1.683791     2.947841
      2015.0     9.574637   399.919380   408.379309  1815.151243     2.763879   123.613830    59.132733    64.481096    56.601051    60.624353          0.0   288.794846   282.573162          0.0    -2.516524     3.852950
      2016.0    12.802622   403.081497   408.883488  1815.602857     3.192686   122.982285    59.399749    63.582536    55.764542    59.710353          0.0   288.879677   282.703326          0.0    -0.814783     3.494197
      2017.0    11.885676   405.758636   409.775076  1816.320100     3.129515   124.529907    60.263995    64.265912    56.405390    60.313602          0.0   288.869964   282.576068          0.0    -0.941196     3.190969
      2018.0    14.294869   408.724285   411.704492  1817.904358     3.154764   126.668181    61.579786    65.088395    55.974552    61.678905          0.0   288.924156   282.724202          0.0    -2.028535     4.120095
      2019.0    12.618503   411.753769   412.281339  1819.015613     3.111308   127.079118    61.750930    65.328188    57.868070    61.226941          0.0   288.967379   282.770677          0.0    -0.052858     2.247614
      2020.0    14.981123   414.854242   415.221237  1819.806412     3.169009   131.858396    64.607505    67.250891    58.585955    63.192966          0.0   289.042944   282.977156          0.0    -1.525359     3.816213
      2021.0    14.533851   418.027569   417.358772  1820.424470     3.259350   130.649245    63.666160    66.983085    58.322961    62.953662          0.0   289.154240   283.103501          0.0    -1.425037     4.012643
      2022.0    14.493916   421.296880   419.559205  1821.065088     3.363419   132.437208    64.651579    67.785629    59.655362    63.659742          0.0   289.193588   283.264163          0.0    -1.208597     3.363762
      2023.0    13.236131   424.682294   420.710052  1821.107744     3.488797   129.462087    62.725973    66.736114    59.364957    62.924703          0.0   289.197523   283.186051          0.0    -1.349577     3.517091
      2024.0    15.106483   428.180587   422.069026  1821.690883     3.528435   130.023050    63.479290    66.543760    58.475760    63.199034          0.0   289.151894   283.003828          0.0    -1.078719     4.140134
      2025.0    13.345441   431.789848   423.239169  1822.053937     3.509135   129.531898    62.833938    66.697960    59.852797    63.189674          0.0   289.291876   283.376311          0.0    -1.525878     2.973822
      2026.0    17.764212   435.509161   425.490088  1822.539433     3.601291   134.635241    66.692723    67.942518    59.593176    64.520216          0.0   289.201298   283.115582          0.0    -0.078412     4.441544
      2027.0    15.187007   439.336474   427.248234  1824.171211     3.752737   129.580615    63.092831    66.487785    58.970261    63.891328          0.0   289.274181   283.104011          0.0    -2.556644     3.289289
      2028.0    14.141144   443.272731   427.688294  1824.171555     3.759750   129.251948    62.760259    66.491690    59.901554    63.289182          0.0   289.352160   283.360771          0.0    -0.968982     3.387285
      2029.0    18.663802   447.318108   429.761516  1824.730864     3.886560   134.485382    66.768688    67.716694    59.726713    64.839426          0.0   289.283224   283.249988          0.0    -0.143960     4.553403
      2030.0    17.596170   451.471353   431.896710  1825.818094     3.864973   134.316104    66.350525    67.965579    60.568843    65.050343          0.0   289.323414   283.360623          0.0    -0.835010     3.394269
      2031.0    18.483814   455.734456   434.648709  1827.102547     3.983766   135.708672    67.079609    68.629063    60.785827    66.035195          0.0   289.354689   283.305790          0.0    -1.707585     3.964915
      2032.0    18.200751   460.118519   436.788444  1827.714548     4.128553   138.221675    68.414080    69.807595    62.774183    66.595181          0.0   289.442452   283.457869          0.0    -0.320836     3.208997
      2033.0    19.015483   464.635602   438.759173  1827.913617     4.208727   137.259163    68.146470    69.112693    62.032919    66.311381          0.0   289.431013   283.437352          0.0    -0.135640     4.079394
      2034.0    19.242722   469.283635   441.671815  1828.787863     4.183573   140.204957    69.424737    70.780219    63.350400    68.071446          0.0   289.506824   283.548865          0.0    -1.559350     3.846799
      2035.0    20.688732   474.063774   443.811072  1829.601420     4.318214   141.037124    70.186409    70.850715    63.044476    68.233754          0.0   289.417104   283.310188          0.0    -0.186602     4.375722
      2036.0    19.954112   478.975888   446.739396  1831.401994     4.427862   141.786199    70.037632    71.748568    64.076091    69.155252          0.0   289.567581   283.668989          0.0    -2.045945     3.278588
      2037.0    17.594473   484.021919   447.524345  1830.670804     4.405319   139.894752    68.515800    71.378953    65.112636    67.715947          0.0   289.644457   283.795154          0.0     0.014904     3.334500
      2038.0    19.623188   489.201042   449.462655  1830.694561     4.594934   140.435592    69.119439    71.316153    64.163205    68.801613          0.0   289.742488   283.859917          0.0    -1.620483     4.614651
      2039.0    22.130234   494.515148   451.257141  1830.628997     4.591998   144.435691    72.035329    72.400362    64.847965    68.754857          0.0   289.748568   283.914150          0.0     1.485986     3.972456
      2040.0    21.484535   499.966291   454.758868  1831.893653     4.620463   143.755039    71.304006    72.451034    65.096257    70.242289          0.0   289.791926   283.902133          0.0    -2.440011     3.881375
      2041.0    19.228491   505.554328   456.094780  1831.797435     4.711685   141.112986    69.586079    71.526907    66.017989    69.175204          0.0   289.879303   284.021806          0.0    -0.925037     3.253433
      2042.0    21.948015   511.287290   458.201403  1831.251832     4.865351   143.417889    71.480148    71.937741    65.620048    69.550779          0.0   289.869739   284.002780          0.0    -0.177255     4.476334
      2043.0    22.561284   517.172377   461.314406  1831.178465     4.855493   146.250780    72.838433    73.412346    66.682012    70.556340          0.0   289.881124   284.113924          0.0    -0.830910     3.947695
      2044.0    23.827710   523.210419   464.867487  1831.039119     4.981979   149.284536    74.765585    74.518950    67.772987    71.320748          0.0   289.938453   284.155358          0.0    -0.108243     3.687106
      2045.0    22.489762   529.402416   467.799925  1830.736983     4.986903   146.379985    72.545005    73.834981    67.258486    71.235840          0.0   290.049973   284.304973          0.0    -1.623274     4.279491
      2046.0    23.679192   535.750461   470.207524  1830.513483     5.141203   148.161072    73.796900    74.364172    67.768142    71.632512          0.0   290.046593   284.194317          0.0    -0.243211     4.087870
      2047.0    22.705410   542.254458   472.456893  1830.951251     5.125062   145.151745    71.872985    73.278761    67.157400    71.884379          0.0   290.076007   284.288365          0.0    -2.260763     4.289212
      2048.0    25.069516   548.916548   474.392354  1830.996713     5.200105   148.569780    74.220284    74.349495    67.511579    71.423246          0.0   290.158420   284.435830          0.0     0.861578     3.866205
      2049.0    25.459843   555.738622   477.339684  1831.025775     5.300277   149.642615    75.118390    74.524225    68.466658    72.509744          0.0   290.225233   284.551109          0.0    -0.338684     4.014025
      2050.0    24.589339   562.721609   480.664426  1830.608476     5.283171   150.381930    75.427456    74.954474    69.956872    72.563392          0.0   290.271992   284.548813          0.0    -0.460679     3.023819
      2051.0    23.369694   569.866549   482.968953  1829.046111     5.454239   147.797398    73.497568    74.299830    69.762175    72.565487          0.0   290.269453   284.606695          0.0    -1.372447     4.365677
      2052.0    30.028854   577.193382   486.915831  1828.812006     5.390614   156.466332    79.620497    76.845836    69.537344    74.890846          0.0   290.184180   284.531332          0.0     0.782773     5.587607
      2053.0    28.149850   584.718290   491.516757  1830.386592     5.455987   155.020401    78.206367    76.814035    70.471125    75.657459          0.0   290.292850   284.596845          0.0    -2.052019     3.611748
      2054.0    26.579217   592.440197   494.029447  1829.874059     5.569489   154.053931    77.021326    77.032606    71.401083    74.893155          0.0   290.382548   284.934600          0.0    -0.384519     4.004604
      2055.0    27.439966   600.361041   497.054250  1829.894291     5.511388   154.469890    77.526284    76.943606    71.414008    75.423477          0.0   290.362292   284.783353          0.0    -0.921995     3.989237
      2056.0    30.100587   608.480951   500.490371  1829.739459     5.730168   156.419092    78.990484    77.428608    70.857799    76.233523          0.0   290.396296   284.798723          0.0    -0.679161     5.530555
      2057.0    28.770417   616.799859   503.938873  1830.250563     5.772277   156.892448    78.984990    77.907458    72.652256    76.041860          0.0   290.565754   285.098820          0.0    -0.505372     2.878501
      2058.0    28.771435   625.319716   507.568967  1828.763595     5.899709   158.106505    79.630334    78.476171    73.845405    76.221861          0.0   290.631894   285.170114          0.0    -0.221621     3.863423
      2059.0    31.131247   634.041635   511.469363  1827.102576     5.974169   161.344443    81.871632    79.472811    74.203438    77.453328          0.0   290.631955   285.084363          0.0     0.517907     4.910909
      2060.0    28.633122   642.967553   515.185482  1826.283147     5.936847   157.158688    79.020038    78.138650    74.273406    77.501826          0.0   290.784427   285.322703          0.0    -2.197908     4.047850
      2061.0    31.751400   652.097604   518.485775  1824.356365     6.010279   162.124097    82.226951    79.897146    74.818861    77.814383          0.0   290.709241   285.277554          0.0     1.112275     4.922303
      2062.0    33.628526   661.431698   523.000817  1824.993007     5.999212   163.096176    82.902937    80.193239    74.061047    79.985720          0.0   290.725587   285.181975          0.0    -1.597823     5.288031
      2063.0    32.481140   670.968754   526.627355  1824.436430     6.054305   165.945331    84.191426    81.753905    76.962882    79.606962          0.0   290.831903   285.500588          0.0     0.957925     3.200657
      2064.0    31.092350   680.711825   530.085892  1823.399635     6.177400   161.650444    81.207277    80.443167    75.966854    79.487158          0.0   290.887730   285.599424          0.0    -1.738418     4.557099
      2065.0    32.220938   690.660812   533.709346  1821.413178     6.205576   165.048969    83.558028    81.490941    77.633762    80.039199          0.0   290.954855   285.602012          0.0    -0.104625     4.391895
      2066.0    34.250628   700.819866   537.237094  1819.983090     6.394498   165.649155    84.210987    81.438168    76.865176    80.669840          0.0   290.908446   285.505002          0.0     0.013398     5.234752
      2067.0    35.273089   711.188977   541.275955  1819.826313     6.518812   165.491408    83.932517    81.558890    76.181754    80.921733          0.0   290.953909   285.593113          0.0    -1.028077     4.896756
      2068.0    35.064557   721.770094   544.969190  1818.842091     6.541935   168.352762    85.325303    83.027459    78.199037    81.670892          0.0   291.075448   285.897688          0.0    -0.038824     4.456077
      2069.0    33.971470   732.566156   549.056150  1818.122384     6.495126   166.869931    84.402869    82.467062    78.815283    82.159827          0.0   291.152057   285.792797          0.0    -1.843919     4.064251
      2070.0    35.716291   743.579266   551.036707  1816.674600     6.655764   163.597978    82.939574    80.658404    76.206798    80.215564          0.0   291.183001   285.813185          0.0     0.743452     5.456551
      2071.0    37.561712   754.809639   555.376610  1816.460712     6.536766   169.541001    86.615351    82.925651    78.385472    82.346907          0.0   291.095880   285.764553          0.0    -0.071460     4.175323
      2072.0    33.343415   766.238984   558.798687  1815.010745     6.611140   165.875355    83.386091    82.489265    79.904414    82.275875          0.0   291.265809   286.084870          0.0    -2.311861     3.821428
      2073.0    38.297735   777.845178   562.437401  1812.158623     6.772945   173.282967    88.790372    84.492595    80.821857    83.513120          0.0   291.334894   286.165244          0.0     1.638538     5.543386
      2074.0    37.956275   789.633584   566.696800  1811.275078     6.741248   169.597801    86.431702    83.166099    79.197435    83.631801          0.0   291.266535   286.042131          0.0    -1.459498     5.317910
      2075.0    36.508276   801.604937   569.663687  1809.535468     6.751369   170.990323    87.031537    83.958786    81.618103    83.608377          0.0   291.384896   286.337630          0.0     0.456273     3.729884
      2076.0    36.903931   813.761247   573.619572  1807.185326     6.700182   170.724642    86.971346    83.753297    81.530962    84.063146          0.0   291.402414   286.198538          0.0    -1.047685     4.882326
      2077.0    40.458636   826.105571   577.242819  1805.225371     6.740879   174.706610    89.384459    85.322151    80.812505    84.676990          0.0   291.303032   286.094071          0.0     1.084222     5.824440
      2078.0    40.806042   838.638932   582.310225  1805.198116     6.621817   176.139858    90.498030    85.641828    81.863618    86.596874          0.0   291.369659   286.092123          0.0    -1.166251     4.760512
      2079.0    42.184603   851.363344   586.941195  1803.981770     6.679222   179.450948    92.221922    87.229026    82.628874    86.647726          0.0   291.413289   286.370293          0.0     0.943226     5.235197
      2080.0    39.844733   864.279836   591.668708  1803.214063     6.750850   177.787185    90.861717    86.925468    84.109956    87.777399          0.0   291.507676   286.355911          0.0    -1.643195     4.435151
      2081.0    40.247531   877.390839   595.161316  1801.104117     6.816119   176.923643    90.458913    86.464730    83.826701    86.679362          0.0   291.637718   286.627865          0.0     0.286943     4.962607
      2082.0    42.315598   890.619729   600.183676  1799.441446     6.829386   180.781982    93.119865    87.662117    84.609976    88.053890          0.0   291.614943   286.652899          0.0     0.043615     5.106586
      2083.0    42.886269   903.891632   604.973241  1798.571994     6.823230   181.743475    93.474446    88.269029    84.524062    88.612193          0.0   291.560963   286.544305          0.0     0.072688     4.957583
      2084.0    42.083036   917.211590   609.895093  1797.927255     6.826696   181.724057    93.315122    88.408935    85.336624    89.016738          0.0   291.556553   286.543714          0.0    -0.623468     4.324853
      2085.0    40.121200   930.581509   613.532954  1796.167796     6.912255   178.947360    91.744458    87.202902    85.854355    88.869893          0.0   291.656954   286.679906          0.0    -0.763296     4.774997
      2086.0    45.534433   944.002470   618.372952  1794.704623     6.981675   186.748549    97.151098    89.597451    85.984352    90.345952          0.0   291.666745   286.646027          0.0     1.965147     5.824774
      2087.0    43.549508   957.477472   624.144085  1794.060296     6.953351   186.729706    96.775795    89.953911    87.712039    92.025124          0.0   291.609461   286.439748          0.0    -1.020463     4.957412
      2088.0    39.074098   971.006431   627.761414  1792.738996     6.910831   181.186824    92.368270    88.818554    87.884648    90.570282          0.0   291.854452   286.995329          0.0    -1.819341     4.006933
      2089.0    42.102974   984.591375   630.612633  1789.714889     6.891950   185.479474    95.577026    89.902448    88.081260    91.076107          0.0   291.757113   286.856269          0.0     1.649699     6.018954
      2090.0    43.571498   998.231359   635.691758  1788.862675     6.854792   187.132476    96.842546    90.289929    88.005497    92.647846          0.0   291.679442   286.620683          0.0    -0.884424     5.494563
      2091.0    40.640424  1011.930573   639.797970  1787.582729     6.849168   183.247628    93.971386    89.276242    88.203457    91.668645          0.0   291.854955   286.972362          0.0    -1.803471     4.745134
      2092.0    44.491090  1025.650761   644.057904  1785.568850     6.956073   190.067679    98.952896    91.114784    89.448150    92.560593          0.0   291.787474   286.860364          0.0     2.132369     5.126321
      2093.0    37.996884  1039.360890   648.704507  1783.503964     6.805961   182.443089    93.104708    89.338381    90.002004    92.318829          0.0   292.005152   287.305701          0.0    -3.860724     4.381711
      2094.0    39.677675  1053.061124   650.827570  1779.597499     6.792926   184.594911    94.825050    89.769861    89.942036    91.676764          0.0   292.060826   287.384117          0.0     1.025222     5.641194
      2095.0    41.362162  1066.761282   655.403438  1776.271345     6.936092   188.786829    97.432757    91.354072    91.023461    93.055390          0.0   292.033006   287.167703          0.0    -0.198501     5.358083
      2096.0    40.654836  1080.441407   659.532188  1772.870243     6.959423   187.775439    96.757777    91.017662    91.011682    92.558438          0.0   292.127490   287.348543          0.0     0.070589     4.947858
      2097.0    41.860419  1094.121640   663.979045  1770.333766     6.608236   189.823282    98.217339    91.605944    90.916538    93.988792          0.0   292.118885   287.327535          0.0    -0.218311     5.608731
      2098.0    42.137059  1107.801753   668.285549  1767.399364     6.841051   191.633497    99.414819    92.218678    92.098458    94.878603          0.0   292.158605   287.490146          0.0     0.229711     5.714548
      2099.0    39.698848  1121.461995   672.921475  1763.891206     6.736155   192.047695    98.902909    93.144787    93.852508    94.975256          0.0   292.265286   287.582572          0.0    -0.708273     4.630907
      2100.0    41.379233  1135.122193   677.940249  1759.803025     6.647833   195.868748   101.381154    94.487594    94.566939    96.275639          0.0   292.340717   287.730505          0.0     0.086740     5.796881