        time     emission          CO2         cveg        csoil        fgco2         fgpp         fnpp           ra          frh     fvegsoil         fluc          tas     tas_land        cprod     fcvegout    fcsoilout
      1850.0     0.153335   283.154364   583.433866  1749.064552     0.057186   116.738835    58.696169    58.042667    57.064188    57.594504     0.000527   286.314074   280.345619     0.007387     1.209878     0.000402
      1851.0    -1.176382   283.276799   583.192140  1748.999166     0.058009   113.521716    56.845394    56.676322    57.436403    56.770032     0.001148   286.456306   280.664688     0.015818     0.317088    -0.600985
      1852.0     0.931467   283.837323   582.816901  1748.338479    -0.212555   117.506583    59.212792    58.293791    58.366997    58.029361     0.001191   286.304815   280.394297     0.017522     1.558670     0.323051
      1853.0     0.535008   283.427950   583.460486  1748.778881    -0.225765   121.344764    60.567221    60.777543    58.020820    58.925252     0.001267   286.256416   280.279073     0.019680     0.998383     0.464031
      1854.0    -0.607552   283.173855   583.572401  1749.532268    -0.239409   116.005986    58.019390    57.986596    56.971002    57.460446     0.001215   286.346896   280.438230     0.020239     0.447028    -0.263942
      1855.0    -0.118777   283.465959   583.300795  1749.525109    -0.252488   115.569979    57.998352    57.571627    57.595702    57.139721     0.001230   286.408569   280.493281     0.021526     1.130237    -0.448822
      1856.0     0.440023   283.799705   583.165341  1749.229126    -0.194682   116.935695    59.033328    57.902367    58.152050    58.150164     0.001256   286.411631   280.521690     0.023013     1.018618     0.294098
      1857.0    -0.013727   283.738618   583.196508  1749.543497    -0.152061   117.264622    59.326402    57.938221    58.098154    58.283484     0.001230   286.303357   280.233177     0.023498     1.011752    -0.129042
      1858.0     0.167041   283.682952   583.492307  1749.553440    -0.072669   118.660500    59.757408    58.903092    58.453612    58.418320     0.001231   286.289754   280.228531     0.024518     1.043289    -0.045235
      1859.0     0.020143   283.668395   583.724531  1749.493289     0.049766   115.745798    58.135256    57.610542    57.209416    57.350507     0.001236   286.378082   280.427073     0.025385     0.552525     0.201243
      1860.0    -0.437242   284.184905   583.226930  1748.833004     0.110392   115.114987    57.402267    57.712721    58.112254    57.008953     0.001101   286.491526   280.549177     0.024152     0.890915    -0.443017
      1861.0     0.718823   284.146463   583.225029  1748.947414    -0.011350   117.674444    59.176619    58.497824    57.411906    57.988593     0.000967   286.281746   280.427287     0.022593     1.189928     0.462277
      1862.0     0.014590   283.784561   583.440599  1749.650905    -0.121189   117.656368    59.306752    58.349617    57.381537    58.282103     0.000884   286.181816   280.299533     0.021779     0.809078     0.197075
      1863.0    -0.026371   283.731989   583.181056  1750.236709    -0.034782   114.238859    57.709018    56.529841    56.609204    57.062398     0.000875   286.246040   280.304036     0.021943     0.906163    -0.132610
      1864.0    -0.520207   284.231249   582.437014  1749.967614     0.088802   111.897461    56.428401    55.469060    57.189328    56.114981     0.000884   286.406789   280.583191     0.022294     1.057461    -0.805251
      1865.0     0.078310   284.868208   582.031917  1748.961171     0.236543   112.309915    56.464803    55.845112    57.074864    56.228817     0.000882   286.500148   280.662605     0.022460     0.641082     0.160397
      1866.0     1.212837   285.119797   581.768722  1748.586223     0.231288   116.005300    58.224113    57.781187    56.903977    57.091557     0.000881   286.464849   280.494415     0.022553     1.395752     0.562528
      1867.0    -0.914515   285.637018   581.450413  1747.764631     0.051157   115.035401    57.590408    57.444994    58.711732    57.026356     0.000881   286.495720   280.528620     0.022589     0.882360    -0.863784
      1868.0     0.890083   285.716987   582.034355  1747.114402     0.032296   119.634340    60.092883    59.541457    58.426544    58.520993     0.000911   286.538704   280.652781     0.022980     0.987947     0.744678
      1869.0    -0.095497   285.796655   582.048817  1746.939696     0.186059   114.435685    57.517653    56.918032    56.997103    56.763372     0.000890   286.697411   280.847234     0.022825     0.739819    -0.059024
      1870.0    -0.370120   286.273228   581.477531  1746.343724     0.391656   111.026679    55.935699    55.090979    56.709694    55.659430     0.001443   286.722239   280.831256     0.030335     0.847556    -0.454293
      1871.0     0.123839   286.957741   581.037151  1745.017172     0.426605   113.783246    56.705296    57.077950    57.448355    56.191153     0.002426   286.808619   281.009023     0.045021     0.954523     0.069350
      1872.0     0.471271   287.718191   580.460636  1743.676717     0.407390   115.122500    57.575245    57.547256    58.151780    56.714809     0.004478   286.689377   280.780835     0.090869     1.436951    -0.096516
      1873.0     0.716616   287.761737   580.656543  1743.282374     0.260734   116.882391    58.993005    57.889385    57.610507    57.902644     0.006819   286.473409   280.523824     0.157073     0.894454     0.686480
      1874.0     0.823315   287.572953   580.547950  1743.651261     0.324849   117.511756    59.467196    58.044560    57.529379    58.195814     0.009350   286.463765   280.534734     0.240083     1.379975     0.297548
      1875.0    -1.481677   287.369041   580.493950  1743.907672     0.361371   113.310441    56.751248    56.559193    57.162216    56.309304     0.011690   286.655078   280.796562     0.331022     0.495945    -1.109324
      1876.0     0.514942   288.095281   580.233176  1742.447708     0.326363   116.589811    58.303585    58.286226    58.657717    57.176186     0.014055   286.622167   280.793154     0.430866     1.388173    -0.021566
      1877.0     0.628920   288.263106   580.524993  1741.820598     0.008643   118.283477    59.895748    58.387729    58.573264    58.456504     0.016843   286.397001   280.436061     0.548968     1.147427     0.510350
      1878.0     0.923460   287.964499   581.102040  1742.077233     0.010261   119.039031    60.339577    58.699454    57.687812    58.608962     0.020657   286.315587   280.379842     0.700633     1.153569     0.664514
      1879.0    -0.087057   287.623047   581.487183  1742.537992     0.098414   115.630293    58.419985    57.210308    56.825464    57.157378     0.026445   286.489148   280.558495     0.909235     0.877464    -0.128844
      1880.0    -0.507751   287.785943   581.025676  1742.679591     0.198481   113.199830    56.720782    56.479048    56.727422    56.504292     0.020968   286.511991   280.583504     0.893995     0.677997    -0.364729
      1881.0     0.238562   287.963710   580.648871  1742.611330     0.421235   114.772707    57.592144    57.180563    57.133904    56.818986     0.011693   286.587847   280.692734     0.754258     1.149963    -0.246657
      1882.0    -0.482098   288.712424   579.993497  1741.490266     0.336295   113.560488    56.527439    57.033049    57.858526    56.163743     0.008842   286.710627   281.058551     0.698569     1.019070    -0.573719
      1883.0     1.872512   288.839192   580.056881  1741.134712     0.316636   117.742074    59.824192    57.917882    57.406664    58.325567     0.008361   286.380821   280.413897     0.680240     1.435240     1.274457
      1884.0     0.417428   288.265439   580.027431  1742.301981     0.335392   114.650622    58.330414    56.320208    55.918338    57.416236     0.009224   286.229965   280.080752     0.689873     0.943628     0.330629
      1885.0    -0.544540   288.013600   579.738762  1743.144264     0.092966   115.334109    58.096235    57.237874    57.088843    57.214889     0.010361   286.299967   280.243100     0.711154     1.170015    -0.716238
      1886.0    -0.364641   288.038460   579.708049  1743.174665     0.247072   113.578177    57.148515    56.429662    56.726845    56.378378     0.011246   286.464958   280.566269     0.734090     0.800850    -0.378867
      1887.0     0.630691   288.813363   579.021369  1742.232859     0.265539   113.983644    57.508517    56.475127    57.655433    56.761113     0.011847   286.456352   280.536179     0.755923     1.434085     0.047486
      1888.0     0.930733   288.605895   579.139290  1742.652189     0.153548   116.914321    59.324083    57.590238    56.964075    58.109302     0.012431   286.292076   280.294866     0.780426     1.096860     0.725897
      1889.0    -0.250577   288.447278   578.983447  1743.226708     0.215749   115.135072    57.978805    57.156267    56.986078    57.111981     0.013163   286.445923   280.603238     0.810041     1.022668    -0.448617
      1890.0     0.025179   288.610807   578.715570  1743.240935     0.177841   114.872603    57.887182    56.985421    57.237854    56.975907     0.015087   286.420698   280.459407     0.867978     1.179152    -0.276175
      1891.0     0.570096   288.937381   578.289183  1743.085667     0.227219   112.441788    56.782537    55.659252    56.036141    56.206962     0.018116   286.340085   280.536034     0.959128     1.001961     0.326089
      1892.0     0.497517   289.156715   577.934887  1743.123002     0.193646   114.741794    58.003580    56.738214    57.067122    57.106476     0.021274   286.248395   280.238772     1.069276     1.251400     0.002018
      1893.0     0.595463   289.243180   577.883734  1743.188366     0.042231   116.921785    59.243311    57.678474    57.713205    57.917348     0.023666   286.231303   280.304212     1.176462     1.377117     0.138779
      1894.0     0.202563   289.036819   577.887827  1743.823876     0.170258   115.580137    58.515671    57.064466    56.836244    57.519373     0.026487   286.135417   280.062693     1.301712     0.992204     0.047620
      1895.0     0.092141   288.962450   577.582599  1744.453715     0.186738   114.677692    57.965559    56.712133    56.660347    57.082070     0.029588   286.173635   280.118815     1.442245     1.188717    -0.208117
      1896.0    -0.241803   289.557687   576.804204  1744.105599     0.330400   110.428641    55.735004    54.693637    56.339011    55.484411     0.032144   286.354947   280.448469     1.580821     1.028989    -0.506485
      1897.0     0.457142   290.465054   576.343691  1742.665924     0.306943   115.646837    57.980777    57.666060    58.461436    56.887948     0.037128   286.390195   280.680641     1.777665     1.553341    -0.133813
      1898.0     1.783744   290.546526   576.119665  1742.870684     0.205106   117.744987    59.779877    57.965109    57.108428    58.517119     0.041400   286.076691   280.007607     1.978848     1.486785     1.203931
      1899.0    -0.747477   290.668637   575.814997  1743.287956    -0.060706   113.492537    56.961294    56.531244    56.680753    56.276948     0.044226   286.193420   280.287682     2.162337     0.989015    -0.821077
      1900.0     0.755756   291.103702   575.217459  1743.397242     0.168680   113.304578    57.288947    56.015631    56.406515    56.766699     0.034193   286.221967   280.245420     2.065380     1.119785     0.250898
      1901.0     0.601493   291.488330   574.752289  1743.319933     0.318124   113.567419    57.489904    56.077515    56.850452    56.573520     0.023036   286.321487   280.305333     1.877262     1.381554    -0.199622
      1902.0     0.758636   291.927521   574.475537  1742.820330     0.400203   114.511879    57.615432    56.896447    56.972584    56.757581     0.019935   286.356107   280.233210     1.798960     1.134602     0.284600
      1903.0    -0.432958   292.325824   573.789629  1742.782458     0.338028   110.304191    55.737623    54.566567    56.116561    55.532139     0.019354   286.245908   280.072225     1.760149     0.891393    -0.546550
      1904.0     2.174619   292.671043   573.308962  1742.835608     0.223611   115.104413    58.717626    56.386787    56.243754    57.275212     0.020385   286.114845   279.982193     1.758053     1.923081     0.978308
      1905.0     0.342526   292.091647   574.021087  1743.748736     0.164488   119.794875    60.758551    59.036325    57.974831    58.496659     0.022437   286.130478   280.065793     1.788681     1.549766    -0.391300
      1906.0    -0.368503   292.536763   573.888368  1743.367256     0.218705   113.508120    57.145654    56.362466    57.350895    56.513068     0.026118   286.387151   280.500562     1.868737     0.765305    -0.456347
      1907.0     0.969797   293.160307   573.519208  1742.744284     0.479204   114.455376    57.924777    56.530600    57.439794    56.795065     0.029518   286.413834   280.448825     1.962743     1.498872    -0.021758
      1908.0     1.126482   293.454164   573.525567  1742.372781     0.413918   116.262011    58.989456    57.272555    57.551264    57.630915     0.034686   286.361885   280.372131     2.111672     1.352182     0.451154
      1909.0     0.913592   293.608041   573.427666  1742.385476     0.427054   117.565786    59.558480    58.007307    57.998094    57.904691     0.038582   286.276021   280.100311     2.257823     1.751689    -0.106097
      1910.0    -0.339023   293.906161   573.427957  1742.149476     0.293592   115.177845    58.257569    56.920276    58.054729    57.150463     0.031324   286.424238   280.442454     2.174017     1.106815    -0.668267
      1911.0     0.993799   294.619718   573.339826  1741.171644     0.416701   116.544543    58.892697    57.651846    58.390970    57.609631     0.020144   286.398748   280.529139     1.958444     1.371196     0.196493
      1912.0     1.010667   295.102573   572.914233  1740.830932     0.663756   113.301459    57.459562    55.841897    56.685474    56.876081     0.015500   286.323461   280.269287     1.825723     1.009074     0.531319
      1913.0     0.836467   295.607184   572.239699  1740.566781     0.784812   114.357389    57.853954    56.503435    57.460846    56.662872     0.013434   286.371035   280.288338     1.730104     1.865615    -0.533822
      1914.0     1.098079   296.194698   571.974658  1739.699846     0.730731   114.154362    57.819681    56.334682    57.298144    56.779193     0.012703   286.418190   280.392326     1.659851     1.305528     0.347984
      1915.0     0.994993   296.554011   571.661702  1739.324651     0.654764   115.803767    58.574007    57.229760    57.548960    57.401700     0.011635   286.397575   280.339096     1.586241     1.485264     0.227935
      1916.0     0.301153   296.971180   571.076993  1739.256704     0.551483   113.398154    57.319558    56.078595    57.011070    56.481030     0.010811   286.439395   280.545207     1.520624     1.423237    -0.462093
      1917.0     1.102720   297.476052   570.476789  1739.152103     0.570491   113.551947    57.705918    55.846029    56.803337    57.094232     0.010434   286.353917   280.436384     1.468017     1.211891     0.395495
      1918.0     0.907521   297.864428   569.908041  1739.122766     0.712451   114.331667    57.819741    56.511926    57.020610    56.697588     0.010585   286.313728   280.280067     1.430982     1.690901    -0.293685
      1919.0     0.860044   298.535889   569.384502  1738.412295     0.551228   112.729004    56.928349    55.800655    56.675843    56.253768     0.010687   286.440946   280.559980     1.397810     1.198120     0.288395
      1920.0     1.296251   298.890216   568.963277  1738.362075     0.534069   116.803835    59.206317    57.597517    57.746178    57.683971     0.011434   286.230949   280.176895     1.381962     1.943571    -0.011986
      1921.0     0.470638   298.951065   569.205545  1738.384042     0.377671   118.169450    59.709994    58.459456    58.227848    58.018971     0.012656   286.345764   280.514481     1.382900     1.448755    -0.230844
      1922.0     0.583831   299.083711   569.406430  1738.320457     0.479921   117.091208    58.906119    58.185088    57.659875    57.568437     0.014058   286.292941   280.378840     1.398051     1.136797    -0.027852
      1923.0     1.015934   299.597312   569.218704  1737.753051     0.573627   115.238854    58.398339    56.840516    57.597660    57.061869     0.015994   286.354187   280.382996     1.435707     1.524195     0.031615
      1924.0     1.763854   300.122337   569.240761  1737.018623     0.626184   118.241795    60.164489    58.077306    58.606447    58.236391     0.017522   286.323893   280.282280     1.475247     1.906042     0.364372
      1925.0    -0.393046   300.486611   569.113550  1736.624593     0.689936   115.490895    57.858541    57.632354    58.193779    56.952354     0.019965   286.412145   280.490260     1.540165     1.033397    -0.847396
      1926.0     2.204160   300.846486   568.931305  1736.262865     0.837922   117.580594    59.810259    57.770335    57.635850    58.271131     0.022207   286.358828   280.427111     1.613529     1.721373     0.997009
      1927.0     1.210565   300.776656   568.822840  1736.758196     0.767284   116.591342    59.191931    57.399412    57.034779    57.566377     0.025199   286.391083   280.486870     1.713146     1.734018     0.036267
      1928.0     0.465221   301.049461   568.468483  1736.837071     0.658199   113.887636    57.754702    56.132934    56.958960    56.682700     0.028880   286.340530   280.312709     1.839826     1.426359    -0.355135
      1929.0     1.548455   301.241953   568.332163  1737.015849     0.644323   117.233032    59.261588    57.971443    57.119530    57.709726     0.033658   286.349480   280.408839     2.005494     1.688183     0.411418
      1930.0     0.361963   301.693908   567.748864  1737.180993     0.500049   114.982479    58.029785    56.952694    57.483239    57.103505     0.032003   286.345685   280.316668     2.050729     1.509580    -0.544878
      1931.0     1.396258   302.221866   567.209532  1737.176161     0.422897   115.608220    58.872857    56.735363    57.370413    57.749141     0.026510   286.234121   280.128443     1.996833     1.663047     0.383561
      1932.0     1.100006   302.384206   567.121189  1737.436846     0.330004   119.084434    60.441392    58.643042    58.377399    58.560595     0.026010   286.119303   280.057190     2.017039     1.969140    -0.077488
      1933.0     0.942865   302.430376   567.043398  1738.001377     0.308878   118.347993    60.119660    58.228333    57.952891    58.604693     0.026373   286.105286   280.060529     2.051675     1.592758     0.087271
      1934.0     0.887187   302.226563   567.071752  1738.997071     0.457846   115.685577    58.806176    56.879401    56.314065    57.384494     0.027769   286.208659   280.266909     2.111418     1.393328     0.074735
      1935.0     0.377154   302.684892   566.806610  1738.887829     0.358235   118.420429    59.776129    58.644300    59.065547    58.070070     0.030930   286.230891   280.328804     2.216588     1.971200    -0.886235
      1936.0     1.692680   303.086370   566.786975  1738.688448     0.515086   118.086337    59.829307    58.257030    57.819512    58.424689     0.035225   286.205661   280.250554     2.359828     1.424254     0.804557
      1937.0     0.924695   303.401870   566.412346  1739.030480     0.578558   117.866034    59.351301    58.514733    57.904709    57.980694     0.039528   286.389353   280.542114     2.521710     1.745237    -0.266046
      1938.0     0.404153   304.003880   565.804200  1738.888377     0.660370   115.590201    58.077932    57.512269    57.875162    57.195056     0.043812   286.482089   280.475291     2.700023     1.491022    -0.538003
      1939.0     1.111857   305.314746   564.866527  1737.484918     0.803646   115.363600    57.878800    57.484801    58.556818    57.075439     0.047330   286.475975   280.545280     2.875207     1.741034    -0.077920
      1940.0     2.113478   306.394074   564.064928  1736.448377     0.871926   116.811103    59.219011    57.592092    58.453468    57.866143     0.046129   286.343259   280.344884     2.955659     2.154467     0.449217
      1941.0     1.040268   306.803285   563.685014  1736.383371     0.904625   115.305595    58.437920    56.867676    57.439512    57.273621     0.043881   286.302343   280.343547     2.997734     1.544213    -0.100884
      1942.0     1.902228   307.449242   562.981587  1736.150413     0.881038   115.784081    58.835460    56.948621    57.407142    57.534019     0.044962   286.217036   280.354767     3.092268     2.004867     0.359834
      1943.0     1.779654   307.502529   562.933942  1736.591643     0.897682   120.680619    61.405077    59.275542    58.781846    59.327472     0.047926   286.101000   280.013123     3.227806     2.125250     0.104396
      1944.0     1.271163   307.769402   562.874084  1736.630275     0.759916   118.802753    60.115093    58.687660    58.298905    58.278684     0.049913   286.306814   280.458885     3.352264     1.896266    -0.058853
      1945.0     1.229367   307.791591   562.996535  1737.104869     0.547476   120.119489    61.097107    59.022382    58.565258    59.013286     0.051875   286.217603   280.183212     3.481454     1.961370    -0.026566
      1946.0     0.812476   307.962367   562.792894  1737.481786     0.779496   116.070195    58.842315    57.227880    57.315512    57.640992     0.054701   286.269539   280.144997     3.633478     1.404964    -0.051437
      1947.0     0.644695   308.960512   562.152583  1736.538414     0.864058   116.705853    58.685800    58.020053    59.134841    57.349367     0.058001   286.496839   280.552144     3.803396     1.976744    -0.842102
      1948.0     2.070602   310.118066   561.823464  1734.966579     0.902921   120.679429    60.981639    59.697790    60.284325    58.959355     0.061841   286.425540   280.466482     3.993780     2.351403     0.246865
      1949.0     2.359161   310.487759   562.009042  1734.692932     0.787883   120.715678    61.337469    59.378209    58.549642    59.317713     0.066710   286.387194   280.479797     4.218069     1.834177     1.041719
      1950.0     0.871692   310.726390   561.371570  1735.614460     0.724796   115.146584    58.250852    56.895732    56.703131    57.299178     0.069842   286.396596   280.499377     4.420079     1.589147    -0.325481
      1951.0     2.115570   311.303956   560.798222  1736.001476     0.773935   116.509427    59.219826    57.289601    57.133646    57.564366     0.074013   286.316844   280.387688     4.647478     2.228807     0.043703
      1952.0     1.111709   311.946261   560.017439  1736.393079     0.767914   116.068177    58.823906    57.244272    57.855764    57.842290     0.080231   286.266774   280.171679     4.927917     1.762399    -0.405076
      1953.0     2.797146   312.906497   559.302092  1736.215386     0.746008   117.926669    60.041399    57.885270    57.961030    58.292327     0.087254   286.223012   280.326342     5.244493     2.464419     0.508991
      1954.0     2.207375   313.089801   558.986213  1737.199918     0.840035   119.469071    60.782274    58.686797    57.715267    58.924623     0.097558   286.165337   280.036252     5.660881     2.173530     0.224824
      1955.0     0.811036   313.479338   558.700679  1737.917725     0.632562   117.138758    59.410233    57.728525    58.015399    57.753349     0.110403   286.367772   280.460409     6.175563     1.942418    -0.979857
      1956.0     2.714200   314.444328   558.429375  1737.614818     0.844288   117.217942    59.581636    57.636305    57.681072    57.807386     0.123589   286.390409   280.398712     6.748973     2.045555     0.429221
      1957.0     2.193177   316.005172   557.487717  1736.567182     0.996251   116.812218    58.999314    57.812904    58.962475    57.663708     0.134804   286.478264   280.589404     7.324176     2.277264    -0.251130
      1958.0     3.853058   316.359997   557.425594  1737.290403     0.981176   122.290491    62.271748    60.018744    57.886504    59.858405     0.146231   286.276787   280.232435     7.933921     2.475466     1.248681
      1959.0     1.060087   316.916115   556.758104  1738.184919     1.074272   117.119632    59.058028    58.061604    58.081178    57.814406     0.158221   286.435519   280.536967     8.585998     1.911112    -1.161288
      1960.0     2.389528   318.242303   555.752413  1737.974924     1.138926   114.607589    57.667893    56.939696    57.124538    56.902520     0.126959   286.453046   280.472466     8.314418     1.771064    -0.012023
      1961.0     3.741174   319.579871   554.816999  1737.668595     1.274392   117.287106    59.869277    57.417829    58.126652    58.208438     0.085128   286.275780   280.183388     7.604396     2.596253     0.388115
      1962.0     2.786356   319.841075   554.833066  1738.673293     1.212464   118.924510    60.600388    58.324121    57.471346    58.589922     0.071924   286.366529   280.359398     7.280818     1.994399     0.113878
      1963.0     2.835855   320.664217   554.405868  1739.079447     1.258355   118.875909    60.419776    58.456133    58.403949    58.589514     0.069275   286.271894   280.258680     7.130352     2.257460    -0.220589
      1964.0     3.541366   321.640434   553.961974  1739.239994     1.368279   117.978919    60.200827    57.778092    57.909124    58.595692     0.070556   286.121910   279.978867     7.069721     2.049029     0.526022
      1965.0     2.557734   322.777912   553.238563  1739.492737     1.267090   116.199533    59.406422    56.793110    58.302220    57.894500     0.071595   286.256498   280.378263     7.029120     2.235333    -0.660463
      1966.0     4.226273   323.824484   552.854264  1739.771820     1.347623   118.169650    60.752926    57.416724    57.848147    58.686666     0.073493   286.199326   280.129499     7.025855     2.450559     0.559435
      1967.0     2.988319   324.898306   552.240796  1740.379446     1.192322   115.158204    58.930379    56.227825    57.185604    57.301650     0.077999   286.201599   280.103465     7.101706     2.242196    -0.491580
      1968.0     4.471406   325.712358   552.170120  1741.241426     1.189815   120.732091    62.086336    58.645755    58.150506    59.664653     0.086159   286.112661   280.077698     7.293524     2.492360     0.652167
      1969.0     3.361588   326.359325   552.303524  1742.379514     1.348947   120.281107    61.159990    59.121116    58.249069    58.968953     0.094067   286.273455   280.282214     7.529343     2.057633    -0.418204
      1970.0     3.288680   328.311959   551.616536  1741.736443     1.375223   115.873898    58.745971    57.127927    58.733318    57.193885     0.083746   286.511225   280.780622     7.412530     2.239074    -0.896362
      1971.0     5.742894   330.114427   551.378215  1741.141736     1.570827   121.029552    62.103427    58.926125    59.369596    59.699514     0.067771   286.338661   280.377876     7.113842     2.642233     0.924626
      1972.0     4.154348   331.395365   551.224595  1741.607203     1.563210   119.209495    61.033138    58.176357    58.795868    58.951078     0.062978   286.311279   280.358134     6.973990     2.235680    -0.310257
      1973.0     4.666289   333.240564   550.604920  1741.425450     1.871828   115.580285    59.217767    56.362518    57.952421    57.968736     0.063981   286.247579   280.150424     6.946079     1.868707     0.198068
      1974.0     4.765935   335.509235   549.406426  1740.895938     1.808790   115.997412    59.411032    56.586380    58.831128    57.878326     0.066232   286.245588   280.119560     6.962821     2.731200    -0.423290
      1975.0     6.476568   337.099586   548.984442  1741.164586     1.687260   120.830202    62.651889    58.178313    58.722265    60.097849     0.069937   286.095853   280.027802     7.032866     2.976024     1.106935
      1976.0     4.413717   338.054347   549.074024  1742.325514     1.730185   120.130521    61.794026    58.336495    58.633228    59.300873     0.074922   286.269737   280.367073     7.158643     2.403571    -0.493283
      1977.0     5.254649   339.253306   548.845902  1743.536974     1.779611   118.541409    60.735412    57.805997    57.410167    58.677923     0.079003   286.280802   280.240117     7.296137     2.285612     0.056295
      1978.0     4.670459   341.034269   548.436261  1743.859466     1.730218   118.426046    60.093924    58.332122    58.595832    58.292256     0.082138   286.437108   280.527957     7.435033     2.211309    -0.626068
      1979.0     6.428231   343.075227   547.977082  1743.799001     1.810599   122.943311    62.537970    60.405341    59.745384    60.015305     0.086905   286.353142   280.385173     7.624185     2.981843     0.330386
      1980.0     5.920884   344.407514   548.315101  1744.601712     1.667703   123.916394    63.341229    60.575165    59.352259    60.620730     0.079212   286.430374   280.557821     7.556080     2.382480     0.465759
      1981.0     5.040231   345.941351   548.110942  1745.508140     1.758140   119.886421    60.981751    58.904669    58.619850    58.849791     0.066651   286.521009   280.692116     7.330589     2.336120    -0.676488
      1982.0     5.919078   347.660058   548.189980  1745.391763     1.924776   122.655984    62.873712    59.782272    59.970452    60.218208     0.063243   286.539289   280.749603     7.237405     2.576466     0.364134
      1983.0     5.855497   348.994369   548.195393  1746.011994     1.970532   124.604848    64.201827    60.403021    60.420046    61.201138     0.064119   286.278437   280.163635     7.226000     2.995275     0.160861
      1984.0     5.821763   349.775370   548.675607  1747.572767     1.711158   126.994330    65.425786    61.568544    60.262040    62.139690     0.067536   286.240903   280.112223     7.282292     2.805882     0.316876
      1985.0     4.717981   350.899159   549.019140  1748.792974     1.724721   122.809555    63.037127    59.772427    59.828990    60.466973     0.072354   286.367249   280.428500     7.396346     2.226621    -0.582224
      1986.0     6.497160   352.654272   548.798145  1749.285106     1.691479   124.192926    63.849119    60.343807    60.140170    60.941510     0.076850   286.358154   280.368551     7.536427     3.128603     0.309209
      1987.0     5.552415   353.677074   549.411696  1750.594086     1.764036   126.010725    64.697568    61.313156    60.306968    61.694192     0.080874   286.402420   280.473239     7.690753     2.389825     0.078243
      1988.0     5.816374   355.152930   549.604271  1751.493144     1.738801   125.205265    64.342176    60.863089    60.590001    61.247462     0.086086   286.480204   280.513959     7.890469     2.902140    -0.241596
      1989.0     5.739360   356.952453   549.512972  1752.140510     1.845842   124.212107    63.205433    61.006674    60.378283    60.726994     0.092407   286.549349   280.625590     8.136701     2.569738    -0.298655
      1990.0     6.406043   359.134490   549.220145  1752.159266     1.842129   124.553128    63.324842    61.228287    60.690183    60.844445     0.080482   286.580671   280.626877     8.007555     2.773224     0.135504
      1991.0     6.719061   361.024259   549.270980  1752.376297     2.056172   124.782358    63.788820    60.993538    60.454549    60.846642     0.064959   286.568654   280.699132     7.725991     2.891343     0.175063
      1992.0     7.089999   362.138978   549.484129  1753.832335     2.132228   124.734181    64.111056    60.623125    58.864773    61.199388     0.060895   286.280543   280.280090     7.611241     2.698519     0.878577
      1993.0     5.734532   363.032360   549.851637  1755.743249     1.863313   126.984560    65.203012    61.781548    60.515504    62.051396     0.061567   286.281771   280.356672     7.585887     2.784108    -0.375021
      1994.0     5.701398   364.065747   550.226876  1757.381499     2.039032   125.753372    64.319223    61.434149    60.110773    61.313589     0.064208   286.356471   280.326154     7.616469     2.630395    -0.435434
      1995.0     6.511063   365.516297   550.584989  1758.210506     2.039191   126.519062    64.758155    61.760908    60.623562    61.434445     0.066915   286.609113   280.723366     7.669883     2.965597    -0.018124
      1996.0     4.906472   367.725911   550.535848  1757.933604     2.017488   123.227858    62.584756    60.643102    61.645092    60.231702     0.072558   286.810209   281.140058     7.806472     2.402194    -1.136487
      1997.0     7.549196   369.821959   550.820591  1757.803748     1.860062   127.814618    65.423182    62.391435    61.424490    62.095694     0.077567   286.614830   280.824679     7.965939     3.042746     0.801059
      1998.0     6.836747   371.508991   551.388187  1758.433263     1.760872   130.381123    66.257353    64.123770    61.978155    62.821345     0.081213   286.680097   280.899567     8.121228     2.868412     0.213675
      1999.0     6.543324   372.946751   552.384107  1759.080047     1.946842   133.409744    67.244289    66.165455    62.905500    63.259410     0.085110   286.760661   280.903582     8.298136     2.988958    -0.292874
      2000.0     7.334798   374.580677   553.286903  1759.555234     1.991688   131.781948    66.973077    64.808871    62.260463    63.210045     0.084227   286.866684   281.093638     8.377176     2.860237     0.474395
      2001.0     6.096118   376.232688   553.925615  1760.275737     2.098956   128.676753    65.109972    63.566781    61.803884    62.103530     0.071292   287.061465   281.294009     8.169680     2.367730    -0.420857
      2002.0     7.259794   378.341643   554.226704  1760.286620     2.367890   129.512703    65.528120    63.984582    62.360279    62.398609     0.058961   287.110741   281.317795     7.903004     2.828422     0.027447
      2003.0     6.766910   380.564290   554.251179  1760.478238     2.231003   127.785424    64.443630    63.341793    61.925450    61.783677     0.057483   287.132891   281.331963     7.804497     2.635478    -0.333391
      2004.0     8.685508   382.882308   554.708476  1760.531153     2.127929   135.181380    68.332450    66.848930    63.855975    64.621575     0.059430   287.122559   281.455327     7.779560     3.253578     0.712685
      2005.0     8.434449   384.451169   555.682732  1762.069915     2.092526   136.083694    68.990854    67.092840    62.978207    64.871052     0.058596   286.927605   281.042788     7.709450     3.145546     0.354083
      2006.0     7.408104   386.127064   556.846864  1763.420570     2.215969   136.387307    68.909075    67.478232    64.253255    64.874214     0.051312   287.188639   281.475787     7.503383     2.870729    -0.729696
      2007.0     8.276954   388.762721   557.558970  1763.383381     2.270174   133.033198    67.284287    65.748911    63.937348    63.853714     0.049039   287.261576   281.701426     7.382377     2.718467    -0.046444
      2008.0     9.370404   391.291116   558.468527  1763.504210     2.331379   137.064665    69.585046    67.479619    64.985496    65.370451     0.050894   287.164909   281.351514     7.368150     3.305038     0.264125
      2009.0     8.334420   393.105923   559.435348  1764.864708     2.367553   135.035019    68.418827    66.616191    63.217646    64.775148     0.104377   287.138921   281.520261     8.482305     2.676858     0.197004
      2010.0     8.259341   395.167374   559.772119  1766.341752     2.512896   131.763254    66.197978    65.565276    61.860315    63.023308     0.165575   287.391383   281.734881    10.062116     2.837898    -0.314051
      2011.0     8.819369   398.566343   559.709621  1765.836120     2.526569   132.247243    66.580932    65.666311    64.571479    63.379643     0.110580   287.551542   282.038391     9.419591     3.263788    -0.686205
      2012.0    11.022843   401.274242   560.556561  1765.920398     2.550403   141.513839    71.918238    69.595601    65.923500    67.199531     0.147253   287.409424   281.754176    10.425767     3.871768     1.191753
      2013.0     8.480793   403.398212   561.339522  1767.364077     2.509036   137.866585    69.508955    68.357629    64.730649    65.632745     0.251571   287.518857   281.982763    13.104789     3.093249    -0.541584
      2014.0    10.091337   406.003683   561.951049  1768.226829     2.660401   139.190858    70.217421    68.973437    64.896715    66.063878     0.258050   287.596497   282.098582    14.166935     3.542017     0.304412
      2015.0     9.385421   408.851784   562.640003  1768.537666     2.754670   140.727701    70.367892    70.359809    66.398142    66.098750     0.174436   287.800130   282.284536    13.196313     3.580189    -0.610229
      2016.0     9.452104   411.890614   563.243714  1768.564442     2.728823   137.486251    69.128321    68.357930    65.491872    65.607358     0.171552   287.696520   282.165044    13.451331     2.917252     0.088709
      2017.0    11.052847   414.565273   563.808035  1769.504872     2.793241   140.823828    71.132023    69.691829    65.128761    66.701219     0.201602   287.614070   282.056519    14.385488     3.866459     0.632028
      2018.0     9.809507   417.170664   564.380287  1770.821447     2.626058   141.257519    70.991759    70.265761    65.793076    66.789030     0.246596   287.599429   281.902972    15.790036     3.630478    -0.320621
      2019.0    10.359017   420.112700   564.892956  1771.706938     2.796517   139.156305    70.102253    69.054052    65.289600    65.931347     0.299727   287.711581   282.277443    17.590864     3.658236    -0.243743
      2020.0    10.952850   423.124159   565.340103  1772.629271     2.900856   138.047586    69.933104    68.114628    64.686907    65.774444     0.326709   287.734014   282.249079    19.056620     3.711368     0.165204
      2021.0    10.826363   426.073057   566.028114  1773.776251     2.886738   139.542165    70.771620    68.770554    65.325767    66.545907     0.270445   287.769569   282.270999    18.755013     3.537694     0.073160
      2022.0    11.292165   429.025964   566.693325  1775.210177     2.882240   142.552864    71.704031    70.848834    65.864178    67.293454     0.255698   287.849940   282.375969    18.972631     3.745366    -0.004651
      2023.0    11.840016   432.370002   567.263432  1776.161579     2.952023   143.455588    72.062757    71.392831    66.456204    67.415634     0.264842   287.967771   282.427813    19.593016     4.077017     0.008027
      2024.0    11.850228   436.059303   567.879743  1776.427118     3.200562   144.473505    72.459746    72.013787    67.778203    67.593391     0.281733   288.205920   282.868930    20.402271     4.250016    -0.450351
      2025.0    11.203813   439.992467   568.563168  1776.334116     3.085887   144.819599    72.098349    72.721250    68.339280    67.823841     0.310034   288.280192   282.867879    21.524784     3.591082    -0.422437
      2026.0    13.587133   444.173386   568.904210  1776.382468     3.167359   144.631675    72.938829    71.692854    67.376049    68.362317     0.351009   288.223752   282.801501    23.047642     4.235462     0.937916
      2027.0    12.158386   448.261420   568.822438  1777.168347     3.253258   142.143016    71.407463    70.735553    67.087736    67.356240     0.393124   288.194293   282.712242    24.778198     4.132996    -0.517375
      2028.0    13.797189   452.253621   569.276602  1777.875931     3.341000   146.460336    73.627436    72.832900    67.550170    68.657384     0.437049   288.276365   282.834602    26.718691     4.515887     0.399629
      2029.0    13.977380   455.957319   569.916569  1779.203512     3.382331   147.364072    74.025993    73.338079    67.166478    68.926957     0.475440   288.465037   283.145309    28.699369     4.459069     0.432898
      2030.0    12.568875   460.125853   570.230365  1780.160664     3.414538   145.721217    72.625794    73.095423    68.109998    68.369369     0.478336   288.554975   283.246485    30.005301     3.942629    -0.697780
      2031.0    15.225625   464.146830   571.002363  1781.680735     3.260874   151.745743    76.344059    75.401684    68.480784    70.843957     0.362882   288.413233   282.929520    28.602678     4.728105     0.843101
      2032.0    13.556721   468.121803   571.653900  1783.736884     3.350044   148.312800    73.925421    74.387400    67.932688    69.197887     0.325767   288.499199   283.191676    28.202162     4.075976    -0.790949
      2033.0    14.952281   472.810980   572.528430  1784.283430     3.450564   152.666094    75.945099    76.721077    70.118396    70.628356     0.325224   288.642548   283.283274    28.389050     4.442132    -0.036586
      2034.0    15.795855   477.524061   573.428303  1785.130858     3.521322   151.257840    75.585223    75.672636    69.032546    70.568721     0.334746   288.774277   283.653295    28.803745     4.116609     0.688747
      2035.0    15.242038   482.137275   574.001872  1786.731695     3.561800   151.090772    75.351026    75.739745    69.092967    70.399616     0.350149   288.718129   283.552048    29.405397     4.377842    -0.294188
      2036.0    15.612871   487.304026   574.411504  1787.615754     3.867084   150.429457    74.495556    75.933900    69.498221    69.736358     0.368861   288.906891   283.667061    30.164034     4.349566    -0.645921
      2037.0    16.935244   492.939386   574.863208  1787.733888     3.816785   152.535472    75.863663    76.671809    70.235057    70.658599     0.384317   288.995717   283.809283    30.944073     4.753361     0.305408
      2038.0    15.770832   498.460818   575.516088  1788.130020     4.016117   152.698987    75.321178    77.377809    70.874845    70.332561     0.403198   289.124832   283.918884    31.867472     4.335738    -0.938417
      2039.0    17.148921   505.395425   575.560844  1786.296371     4.243465   153.476995    75.350667    78.126328    72.527031    70.429335     0.425734   289.407804   284.680079    32.950737     4.876576    -0.264047
      2040.0    20.085371   511.298948   576.414201  1786.384496     4.030203   161.256864    80.563106    80.693766    71.982837    74.198747     0.419002   289.225299   284.255536    33.473557     5.510994     2.127785
      2041.0    17.053440   516.135267   577.623664  1789.079219     4.041458   156.892758    77.691079    79.201679    70.290485    72.337343     0.305477   289.215413   284.139908    31.559963     4.144272    -0.647865
      2042.0    17.739696   522.208344   578.283048  1789.991016     4.208143   151.786441    75.509110    76.277331    70.491253    70.772854     0.249271   289.355611   284.441597    30.255163     4.076872    -0.630197
      2043.0    19.284369   528.672923   578.788193  1790.305309     4.465450   152.646077    75.663087    76.982990    70.217877    70.644368     0.228637   289.433235   284.480698    29.461529     4.513573     0.112198
      2044.0    18.840855   535.717789   579.205113  1789.940025     4.308191   156.174353    77.320030    78.854322    73.148618    72.064881     0.221544   289.490308   284.585243    28.917429     4.838230    -0.718452
      2045.0    21.999498   542.133407   580.829103  1790.260615     4.245053   163.273120    81.477199    81.795926    72.561555    74.675822     0.219979   289.396617   284.285530    28.524618     5.177382     1.793676
      2046.0    19.593177   548.019556   582.504308  1792.030969     4.285349   163.400953    80.809338    82.591633    73.207345    74.594481     0.222190   289.442485   284.339793    28.268097     4.539634    -0.383218
      2047.0    19.477940   554.534107   583.749417  1793.237217     4.352779   158.360932    78.005327    80.355605    72.144123    72.722495     0.226890   289.638387   284.607361    28.135206     4.037721    -0.627876
      2048.0    20.940167   562.295489   584.136345  1792.992538     4.481883   159.558560    77.995346    81.563214    73.416161    72.730017     0.232525   289.828298   284.985059    28.096016     4.878402    -0.441465
      2049.0    21.988367   570.094946   585.030185  1792.515596     4.529208   161.681011    79.664870    82.016145    74.116390    73.782628     0.237134   289.730960   284.777275    28.100672     4.988398     0.143180
      2050.0    22.936530   577.270085   586.496882  1793.354434     4.419346   165.902038    82.286416    83.615645    74.206267    75.748844     0.228827   289.725021   284.865000    27.871435     5.070851     0.703739
      2051.0    21.680379   584.207227   588.316461  1794.815707     4.575985   164.245746    80.914674    83.331072    73.945462    75.028673     0.160291   289.837987   284.959091    26.290855     4.066423    -0.378062
      2052.0    22.286365   592.253240   589.421951  1794.958135     4.714858   162.022964    79.160556    82.862408    74.225516    73.572908     0.124367   290.040207   285.167821    25.079494     4.482158    -0.795036
      2053.0    23.665684   600.873242   590.649433  1794.155803     4.770152   166.280335    80.838466    85.441869    75.529575    75.062216     0.108818   290.252014   285.699471    24.181238     4.548768     0.334972
      2054.0    25.009727   609.060900   592.323101  1794.410951     4.698353   171.719502    84.269207    87.450295    76.672411    77.395530     0.100878   290.215291   285.624235    23.438787     5.200010     0.467971
      2055.0    24.485523   616.846588   594.197395  1795.768944     4.867595   165.823130    81.192016    84.631114    73.642149    75.335995     0.095705   290.114759   285.311745    22.786190     3.981727     0.335853
      2056.0    25.027601   625.340590   595.459288  1796.595445     4.821376   168.044983    81.864824    86.180159    75.043186    75.739463     0.093491   290.173556   285.371768    22.238564     4.863468    -0.130224
      2057.0    24.912785   633.987369   596.841216  1797.497780     4.923552   170.403377    83.017092    87.386285    76.613403    76.767838     0.093235   290.225474   285.462296    21.784010     4.867326    -0.747900
      2058.0    27.130092   642.975063   599.043270  1797.468107     4.829504   177.127438    86.235501    90.891937    78.341360    79.024208     0.093806   290.289332   285.571279    21.401052     5.009239     0.712521
      2059.0    27.185236   651.175935   601.425495  1799.351931     4.950880   175.893017    86.152877    89.740140    76.479433    79.116787     0.094214   290.348030   285.703827    21.065468     4.653864     0.753530
      2060.0    25.450574   660.216431   603.000719  1800.716948     4.980867   170.829477    82.840947    87.988530    76.900912    76.854117     0.089358   290.520063   285.931422    20.656487     4.411606    -1.411812
      2061.0    28.104249   670.501609   604.368694  1800.092522     5.013451   173.763375    84.392033    89.371343    78.428276    78.101659     0.068360   290.597285   285.965546    19.900463     4.922398     0.297809
      2062.0    27.635838   680.192783   606.407467  1800.302260     5.312975   176.606234    85.077740    91.528494    78.639769    78.516573     0.058356   290.760709   286.220324    19.305622     4.522394    -0.332934
      2063.0    28.838832   690.559525   607.829655  1800.198308     5.054494   176.983934    85.348375    91.635559    78.698670    78.873447     0.054789   290.855370   286.296705    18.838976     5.052740     0.278728
      2064.0    29.601681   701.023218   609.502483  1800.242712     5.086650   179.320297    87.172030    92.148267    79.886353    80.136695     0.053239   290.769391   286.175321    18.438681     5.362506     0.205939
      2065.0    29.857497   710.560807   611.779051  1801.961783     5.209770   178.900854    86.876385    92.024469    77.642615    80.018730     0.054169   290.840777   286.302513    18.122883     4.581087     0.657043
      2066.0    27.655509   721.085159   613.485048  1802.498173     5.307686   175.905232    84.103509    91.801724    79.457401    78.181979     0.055266   291.135269   286.710691    17.850138     4.215533    -1.811812
      2067.0    30.385460   733.489001   614.540608  1800.139095     5.280268   176.262588    84.439587    91.823001    80.973549    78.360626     0.055517   291.204104   286.830597    17.594099     5.023400    -0.253845
      2068.0    32.954096   744.684683   616.660410  1799.712250     5.420926   184.832661    89.884962    94.947699    81.210511    82.353520     0.055054   291.093620   286.763306    17.348230     5.411641     1.569854
      2069.0    31.351185   755.026173   618.486934  1801.790522     5.318348   178.661543    86.965223    91.696334    77.876885    80.644884     0.054864   291.039569   286.543378    17.126879     4.493800     0.689728
      2070.0    29.246449   766.495590   619.538782  1802.729677     5.313697   175.018266    83.468747    91.549519    79.211345    78.143138     0.052557   291.357211   287.039490    16.876848     4.273762    -2.007362
      2071.0    31.506331   779.409079   620.249789  1801.209448     5.650134   172.462243    82.152186    90.310057    79.129082    77.123285     0.039139   291.600232   287.406026    16.386812     4.317894    -0.485569
      2072.0    33.555822   793.346494   620.564043  1798.053318     5.672470   179.118873    85.548249    93.570625    82.404222    79.436214     0.031638   291.680707   287.711772    15.969762     5.797780     0.188123
      2073.0    34.602951   805.611800   622.164438  1797.580056     5.629418   186.495788    89.206758    97.289030    81.166744    82.357677     0.027943   291.581650   287.441007    15.616700     5.248685     1.664196
      2074.0    30.988446   817.748474   623.562109  1798.029707     5.514341   179.399743    85.333954    94.065789    80.964449    79.839976     0.025665   291.732338   287.642705    15.297934     4.096307    -1.574124
      2075.0    34.210972   830.846855   624.809713  1796.908184     5.657410   182.374577    86.478205    95.896388    80.957767    80.345991     0.023965   291.953204   287.992320    15.002194     4.884594     0.509747
      2076.0    33.935919   844.572675   625.784061  1794.963940     5.599770   185.471898    87.559873    97.912025    83.556150    81.210066     0.022546   292.029953   288.093763    14.724531     5.375459    -0.401840
      2077.0    35.791836   856.842747   628.173260  1795.290547     5.507852   193.088929    92.290324   100.798604    82.992207    84.745103     0.021324   291.853963   287.611127    14.462696     5.156022     1.426289
      2078.0    34.670680   869.092924   630.124120  1796.391099     5.512307   188.947002    90.904691    98.042312    82.845632    83.723956     0.020212   291.981280   287.939374    14.214473     5.229874    -0.222228
      2079.0    33.336733   881.366012   632.701900  1797.105999     5.429011   190.040396    90.139511    99.900885    83.335519    83.366492     0.019199   292.178584   288.211390    13.978693     4.195238    -0.683926
      2080.0    34.877750   895.892539   633.788197  1794.778596     5.670815   192.769788    90.490284   102.279504    87.059647    83.741490     0.018313   292.337624   288.415484    13.754786     5.662498    -0.990755
      2081.0    37.028074   909.245712   636.422085  1793.707416     5.480739   198.206751    94.044050   104.162701    85.846885    86.287707     0.018184   292.272586   288.243607    13.549568     5.122454     1.512002
      2082.0    35.700201   921.829819   639.061980  1794.336494     5.501140   195.192720    93.221953   101.970772    84.842788    85.546388     0.018326   292.337301   288.386131    13.355888     5.035664     0.074521
      2083.0    34.058971   935.130108   641.480880  1793.585691     5.538776   195.175904    91.910144   103.265760    86.600051    84.903365     0.018142   292.657733   288.943375    13.166185     4.587879    -0.945883
      2084.0    35.284544   949.471915   643.041508  1791.701162     5.343330   196.572655    91.730365   104.842299    87.425756    85.090846     0.017814   292.780629   289.098969    12.982032     5.078883    -0.450381
      2085.0    36.234757   963.116509   645.113343  1790.872759     5.514232   196.736918    92.970509   103.766505    86.358385    85.972606     0.017447   292.673406   288.854319    12.804241     4.925972     0.442625
      2086.0    35.857201   976.489697   647.327315  1790.255705     5.507826   198.889010    93.950223   104.938787    86.998029    86.596024     0.017000   292.759336   289.045957    12.631495     5.140227     0.215050
      2087.0    34.820226   989.766869   649.508616  1789.999751     5.480984   196.672235    92.560097   104.112162    86.490144    85.816100     0.016550   292.797572   288.909968    12.464422     4.562672    -0.418091
      2088.0    35.899202  1004.303237   650.572487  1788.268253     5.400643   194.574923    91.280310   103.294625    86.778481    84.933715     0.016030   292.938151   289.258062    12.301755     5.282712    -0.113268
      2089.0    36.940147  1017.537322   652.830751  1788.278901     5.418572   202.076373    95.766869   106.309514    87.191669    88.125433     0.015483   292.838236   288.976339    12.143580     5.383162     0.923116
      2090.0    34.871639  1030.561600   655.322693  1788.534183     5.220888   203.343233    95.301213   108.042051    88.207083    87.899156     0.014836   293.080327   289.322194    11.988621     4.910084    -0.563209
      2091.0    34.244630  1045.275899   657.150375  1785.856305     5.264919   200.078866    92.604900   107.473966    89.903280    86.027429     0.013751   293.376033   289.872447    11.832599     4.749788    -1.197973
      2092.0    36.556178  1060.446015   658.626798  1782.463169     5.428894   201.958085    94.240269   107.717865    90.349692    87.226663     0.013165   293.388209   289.875214    11.686613     5.537134     0.270108
      2093.0    36.256124  1074.317293   660.729347  1781.045360     5.307763   205.047882    96.418471   108.629540    89.753744    89.168813     0.012878   293.325526   289.816063    11.547666     5.146980     0.832878
      2094.0    35.443784  1087.348448   663.035593  1781.248196     5.368408   203.210724    95.349290   107.861535    88.016424    88.230176     0.012585   293.283168   289.519056    11.411902     4.812766     0.010916
      2095.0    33.763204  1101.620074   664.760263  1779.153125     5.269056   201.733985    92.963969   108.770028    89.963664    86.820506     0.012217   293.597397   290.102946    11.278364     4.418782    -1.048087
      2096.0    36.170125  1116.536998   665.772997  1776.495535     5.264053   200.639899    92.994129   107.645805    89.002645    86.769404     0.011939   293.626910   290.184453    11.148893     5.211955     0.424348
      2097.0    35.107706  1130.493752   667.343909  1775.251080     5.194527   200.609117    93.134978   107.474139    88.170851    86.998538     0.011716   293.622912   290.203092    11.022738     4.565528     0.072143
      2098.0    36.514155  1144.160518   669.415068  1774.041543     5.231454   209.988217    97.471751   112.516469    90.398849    89.787531     0.011576   293.632032   290.102465    10.900199     5.613059     0.598218
      2099.0    33.542411  1157.149997   672.011873  1773.691951     5.091347   207.495968    95.616923   111.879085    89.968246    88.942618     0.011573   293.812943   290.341159    10.781674     4.077460    -0.676036
      2100.0    34.918028  1171.330630   673.995880  1771.412710     5.017244   213.870577    97.679205   116.191372    92.942440    90.293916     0.011305   294.023585   290.694397    10.661959     5.401284    -0.369284