        time     emission          CO2         cveg        csoil        fgco2         fgpp         fnpp           ra          frh     fvegsoil         fluc          tas     tas_land        cprod     fcvegout    fcsoilout
         1.0     4.644644   285.425298   548.977794  1986.162731    -0.241369    96.948792    38.907337    58.041455    37.026503    37.563665          0.0   286.900085   281.818634     0.979389     1.068378     0.357121
         2.0     5.771719   287.983713   549.110698  1986.292013     0.267676    97.183788    38.925788    58.258000    36.848891    37.725274          0.0   287.021450   281.998392     1.101171     1.067610     0.747101
         3.0     7.133040   290.863649   549.101213  1986.370538     0.551953    97.532070    39.217772    58.314298    37.225070    37.430681          0.0   287.029823   281.965507     1.090055     1.796577     0.127085
         4.0     8.506588   293.772284   549.958139  1986.589437     0.826834    98.977387    39.980830    58.996557    36.768814    37.870822          0.0   286.926060   281.829104     1.004494     1.253082     0.883110
         5.0     8.562353   296.709837   550.963267  1986.987989     0.953775   100.071408    39.980828    60.090579    37.216808    37.969262          0.0   286.950369   281.706953     0.976423     1.006438     0.353902
         6.0     7.884336   299.676906   551.554213  1987.599513     1.025534    98.964232    39.205527    59.758705    36.908131    38.213787          0.0   287.085992   281.911673     0.965219     0.400794     0.694131
         7.0     8.668829   302.673863   551.708906  1988.033671     1.364910   100.016728    39.996888    60.019840    37.259129    37.985312          0.0   287.094647   281.909981     0.999553     1.856883     0.292026
         8.0     8.558843   305.700495   552.375426  1988.084964     1.617832   100.772527    40.265112    60.507415    37.885724    38.150290          0.0   287.333102   282.304399     1.097194     1.448302     0.213272
         9.0     9.211176   308.757491   553.170939  1988.116618     1.701606   101.015213    40.234218    60.780995    37.373673    38.242475          0.0   287.357663   282.301403     1.111465     1.196230     0.837148
        10.0     9.184606   311.845111   553.649931  1988.602814     1.925942   101.281909    40.143791    61.138118    37.518419    38.448984          0.0   287.397061   282.485982     1.034060     1.215816     0.444369
        11.0     9.930531   314.963646   554.188776  1988.676265     2.067554   101.943732    41.226906    60.716826    38.116535    38.582264          0.0   287.384944   282.421841     0.978360     2.105796     0.392278
        12.0    11.324869   318.113188   556.231635  1988.629255     2.214039   104.264234    41.914638    62.349596    37.957136    38.480529          0.0   287.232835   282.248701     0.982930     1.391250     0.570402
        13.0    11.166373   321.294245   558.320928  1988.844408     2.235593   104.460097    41.467845    62.992252    37.733029    38.443678          0.0   287.284491   282.269752     1.034650     0.934875     0.495496
        14.0    10.638324   324.507251   559.584858  1989.726748     2.385717   102.757518    40.378555    62.378963    37.203491    38.793222          0.0   287.461581   282.379832     0.985870     0.321403     0.707392
        15.0    11.256801   327.752419   560.397160  1990.170713     2.391823   105.054977    42.211221    62.843756    38.374318    38.903401          0.0   287.454782   282.492794     1.009696     2.495518     0.085118
        16.0    11.348121   331.030002   562.362853  1990.406786     2.421023   105.292613    42.254465    63.038148    38.045471    39.222357          0.0   287.322797   282.349020     1.004490     1.066416     0.940813
        17.0    11.203414   334.340204   563.630385  1991.109429     2.485548   104.602929    41.550232    63.052697    37.723607    39.267894          0.0   287.485433   282.622172     0.953061     1.014805     0.841644
        18.0    11.792407   337.683476   564.635083  1991.807925     2.527854   105.574788    41.983389    63.591399    38.032406    39.015284          0.0   287.438632   282.426677     1.077614     1.963408     0.284381
        19.0    12.775868   341.060355   567.003705  1991.927408     2.659821   109.951964    44.032254    65.919709    39.256187    39.306518          0.0   287.295837   282.238896     1.128792     2.357114    -0.069152
        20.0    12.559070   344.471010   569.881531  1992.146897     2.569833   109.282610    43.344569    65.938041    38.756954    40.069935          0.0   287.524405   282.541045     1.087976     0.396809     1.093491
        21.0    12.858236   347.915799   572.139860  1992.607381     2.681281   110.756946    44.029370    66.727576    39.140806    40.219391          0.0   287.582538   282.727071     1.075832     1.551649     0.618102
        22.0    12.927599   351.394707   574.439855  1993.276056     2.799474   110.810136    43.678515    67.131621    38.936435    40.388163          0.0   287.684896   282.821337     1.104015     0.990356     0.783053
        23.0    12.441900   354.908736   576.060159  1994.245476     3.029943   108.704977    42.912250    65.792728    38.714327    40.365115          0.0   287.851947   283.023723     1.050536     0.926831     0.681368
        24.0    13.403218   358.457975   577.121930  1995.056969     3.262490   109.729530    43.880446    65.849084    39.346881    40.081548          0.0   287.849637   283.140690     1.039335     2.737127    -0.076826
        25.0    14.103878   362.042448   580.160112  1995.261650     3.089749   112.368790    45.202947    67.165843    39.369425    40.887053          0.0   287.524644   282.572237     1.050795     1.277712     1.312946
        26.0    13.813667   365.662927   582.737602  1995.913237     3.142176   113.744215    45.080811    68.663403    40.089885    41.023556          0.0   287.705705   282.832036     1.131298     1.479765     0.282084
        27.0    13.781141   369.319420   584.559554  1996.633176     3.040073   112.471183    44.682252    67.788930    39.858382    40.892454          0.0   287.698110   282.883971     1.091541     1.967846     0.314134
        28.0    14.692251   373.012762   587.973821  1996.858343     3.275742   115.279938    46.004930    69.275008    40.286197    41.386357          0.0   287.540831   282.761736     1.136942     1.204306     0.874993
        29.0    15.228161   376.742977   591.207982  1997.360252     3.215026   116.501474    46.298417    70.203056    40.209835    41.502240          0.0   287.590054   282.702500     1.131953     1.562017     0.790495
        30.0    14.903073   380.510119   594.186910  1998.298259     3.242227   115.549635    45.806885    69.742750    40.297466    41.523181          0.0   287.869952   283.048215     1.155543     1.304776     0.287708
        31.0    14.990893   384.315283   597.383943  1998.956728     3.234496   117.004697    46.340026    70.664671    40.799554    41.843767          0.0   287.931150   283.066898     1.123526     1.299225     0.385745
        32.0    15.830993   388.158669   600.532405  1999.606101     3.393545   118.727891    47.298068    71.429823    40.752606    42.214586          0.0   287.886430   283.129367     1.118784     1.935020     0.812607
        33.0    15.474025   392.040136   603.774498  2000.561809     3.506971   117.544143    46.512361    71.031782    40.402405    42.267315          0.0   287.945270   283.177109     1.057000     1.002953     0.909202
        34.0    15.373245   395.960603   606.271136  2001.629427     3.483559   118.079487    46.608096    71.471392    40.857124    42.634415          0.0   288.184296   283.555879     1.033447     1.477043     0.709672
        35.0    15.880350   399.920283   609.240431  2002.431744     3.591575   120.091472    47.591051    72.500421    41.697179    42.690192          0.0   288.212891   283.460709     1.118518     1.931564     0.190696
        36.0    16.420880   403.919480   612.807095  2002.774453     3.754380   120.311471    47.826483    72.484988    41.593063    42.947795          0.0   288.125597   283.364630     1.147269     1.312024     1.012023
        37.0    16.102973   407.958527   615.586315  2004.040867     3.718811   119.917096    47.556565    72.360531    41.895978    43.173718          0.0   288.234308   283.479060     1.129960     1.603627     0.011326
        38.0    17.244456   412.037967   619.306575  2004.588270     3.723659   123.291962    49.241469    74.050493    42.212633    43.680052          0.0   288.083369   283.404296     1.129267     1.841157     0.920016
        39.0    16.893905   416.158334   622.972005  2005.763536     3.721831   122.924909    48.661975    74.262935    41.824629    43.735981          0.0   287.962867   283.283170     1.166529     1.260564     0.736086
        40.0    16.496389   420.319962   625.502142  2007.327902     3.643485   122.164230    47.962275    74.201955    41.576049    44.032361          0.0   288.095562   283.208943     1.116539     1.399776     0.891946
        41.0    16.061946   424.523205   628.128469  2008.564566     3.740123   121.820667    48.077361    73.743306    42.168823    43.946553          0.0   288.550656   283.991447     1.164158     1.504481     0.541066
        42.0    16.807889   428.768490   630.694771  2009.553804     3.796859   122.920276    49.050178    73.870098    42.661499    43.816235          0.0   288.412075   283.845596     1.192049     2.667641     0.165499
        43.0    18.222777   433.056244   635.177125  2009.634305     3.868430   127.419937    51.475090    75.944847    43.849519    44.543540          0.0   288.102661   283.366601     1.199125     2.449196     0.613521
        44.0    17.956013   437.386876   639.691058  2010.346060     3.824451   126.802528    50.386692    76.415836    43.322804    44.952176          0.0   288.203563   283.487296     1.142049     0.920583     0.917617
        45.0    17.706597   441.760523   642.941224  2011.890403     3.871089   125.878838    49.152944    76.725893    42.558526    44.964633          0.0   288.315748   283.576453     1.070590     0.938145     0.861765
        46.0    17.123901   446.178340   645.484559  2013.562947     3.926444   124.451148    48.799003    75.652145    42.420611    45.049144          0.0   288.515541   284.007965     1.086665     1.206524     0.955988
        47.0    18.496673   450.640042   648.627016  2014.832325     4.041354   126.029737    50.212720    75.817017    43.009378    44.687181          0.0   288.350345   283.627385     1.076161     2.383082     0.408425
        48.0    18.574576   455.146330   652.089178  2016.090901     3.998157   127.420983    50.581651    76.839332    43.410396    44.923661          0.0   288.300142   283.498289     1.155611     2.195828     0.254690
        49.0    17.782358   459.697911   655.689186  2017.342961     4.026706   125.678580    49.505945    76.172634    42.803325    45.384342          0.0   288.573911   283.821897     1.112808     0.521596     1.328957
        50.0    18.581706   464.294949   658.375910  2018.659754     4.202869   127.816625    51.079564    76.737061    44.234834    45.088845          0.0   288.647195   284.083669     1.112231     3.303994    -0.462782
        51.0    20.027238   468.937995   663.732096  2018.769578     4.177552   131.388387    52.764238    78.624149    44.488630    46.089122          0.0   288.496084   283.855842     1.092827     1.318930     1.490668
        52.0    18.889844   473.627255   667.655045  2020.426359     4.092693   129.158946    50.639215    78.519731    43.304625    46.655165          0.0   288.724834   284.038451     1.142794     0.061100     1.693760
        53.0    18.679498   478.363469   670.177618  2022.389359     4.264914   129.813275    51.538041    78.275234    44.703494    46.195495          0.0   288.781478   284.279572     1.247336     2.819973    -0.470998
        54.0    19.892084   483.147084   674.150379  2023.329105     4.198073   132.614600    52.661336    79.953264    44.830341    46.561303          0.0   288.655728   283.928771     1.246568     2.127272     0.791215
        55.0    18.942132   487.978514   677.964511  2024.512091     4.189573   131.595712    51.968946    79.626766    45.048648    47.137571          0.0   288.832432   284.235948     1.166509     1.017243     0.905936
        56.0    20.235221   492.858237   681.975048  2025.570773     4.302460   133.151128    53.102016    80.049112    45.279827    46.929223          0.0   288.762553   284.163786     1.162258     2.162255     0.590715
        57.0    19.262135   497.786838   685.847895  2026.905771     4.261152   131.915884    52.659136    79.256748    45.184072    47.315457          0.0   288.958264   284.415719     1.062717     1.470833     0.796386
        58.0    20.280839   502.764900   689.515563  2028.012701     4.305562   132.805581    52.881687    79.923895    45.168304    47.318794          0.0   288.822440   284.167208     1.096163     1.895224     1.043561
        59.0    20.062950   507.792532   693.030542  2029.681873     4.404897   133.790243    52.924749    80.865493    45.407719    47.685770          0.0   288.834273   284.135947     1.123973     1.724000     0.608879
        60.0    20.451666   512.870306   696.345678  2031.411236     4.289425   133.462131    52.729494    80.732638    45.035837    47.667112          0.0   288.920685   284.209739     0.966152     1.747245     0.901912
        61.0    20.551991   517.999077   700.493460  2032.801157     4.356808   135.334374    53.873801    81.460573    46.219719    47.866364          0.0   289.056027   284.648564     0.988831     1.859656     0.256724
        62.0    20.506096   523.179151   704.758870  2034.013295     4.516578   136.217761    53.931366    82.286395    46.313878    48.604806          0.0   289.108924   284.746698     1.183648     1.061150     1.078789
        63.0    21.026825   528.410906   708.118658  2035.614731     4.381735   135.539286    53.865425    81.673861    46.075203    48.105189          0.0   289.071722   284.460356     1.156574     2.400448     0.428550
        64.0    21.442189   533.695129   711.830228  2037.301943     4.423076   137.401634    54.488997    82.912637    46.283619    48.791791          0.0   289.048299   284.519858     1.095223     1.985635     0.820961
        65.0    20.518731   539.032158   715.397720  2039.425474     4.569323   136.669156    53.713115    82.956041    45.906065    48.868721          0.0   289.064952   284.583299     1.144953     1.276902     0.839124
        66.0    21.187839   544.422367   719.196554  2040.290914     4.310758   138.638019    55.770550    82.867469    48.162517    48.905381          0.0   289.090754   284.596540     1.215657     3.066337    -0.122576
        67.0    21.968935   549.866651   724.499316  2040.744026     4.471434   140.091065    56.266714    83.824351    47.599921    49.762118          0.0   288.935421   284.404583     1.177448     1.201833     1.709085
        68.0    21.076863   555.365206   728.316475  2042.689923     4.367087   140.019572    55.016272    85.003299    47.144110    49.922426          0.0   289.029884   284.505775     1.196594     1.276686     0.832419
        69.0    20.760427   560.918868   731.172455  2044.285632     4.361711   138.533292    55.056972    83.476321    47.522736    49.685157          0.0   289.222631   284.779173     1.235157     2.515835     0.566713
        70.0    22.120012   566.527812   734.629754  2045.855758     4.471155   139.623379    55.449198    84.174181    47.134038    49.504076          0.0   289.259307   284.653590     1.136619     2.487823     0.799912
        71.0    21.953828   572.193225   739.076084  2047.347639     4.435448   141.477640    56.147629    85.330011    47.863936    50.198338          0.0   289.320449   284.888318     1.146652     1.502960     0.842521
        72.0    22.385840   577.915243   743.041423  2048.858316     4.412678   142.067311    56.391755    85.675556    48.188150    50.120645          0.0   289.262751   284.821031     1.179097     2.305771     0.421817
        73.0    22.782552   583.694359   747.578519  2050.361057     4.460810   142.392777    56.402949    85.989828    47.820648    50.490011          0.0   289.225338   284.672622     1.103976     1.375842     1.166622
        74.0    22.555547   589.531675   751.543026  2052.285630     4.468448   142.808398    56.491538    86.316861    48.284188    50.799989          0.0   289.319401   284.935603     1.154561     1.727042     0.591228
        75.0    22.500617   595.426783   755.719019  2053.871439     4.426759   144.032259    57.031723    87.000536    48.600188    51.604184          0.0   289.394573   284.920829     1.098104     1.251546     1.418186
        76.0    22.182381   601.380604   758.992638  2055.604207     4.444795   143.451273    57.182878    86.268395    49.100334    51.276417          0.0   289.369466   284.900874     1.201273     2.632842     0.443315
        77.0    22.833482   607.394403   762.954141  2056.991425     4.570222   144.279727    57.663155    86.616572    49.311421    51.214833          0.0   289.467800   285.049646     1.188821     2.486820     0.516193
        78.0    23.323426   613.468268   767.510288  2058.086385     4.569740   145.422162    58.432676    86.989485    50.078763    51.590579          0.0   289.485566   285.076428     1.135676     2.285950     0.416856
        79.0    23.679909   619.603291   772.505644  2059.155476     4.551379   147.294673    59.036564    88.258109    50.309654    52.349375          0.0   289.372912   284.834723     1.199669     1.691833     0.970631
        80.0    23.363970   625.799275   777.194045  2060.299621     4.413900   147.502200    59.185352    88.316847    50.825448    52.390338          0.0   289.465374   284.992987     1.226751     2.106613     0.420745
        81.0    23.905943   632.057668   782.010093  2061.673659     4.511032   147.596225    58.554538    89.041687    49.568666    53.064758          0.0   289.513210   285.001611     1.152258     0.673732     2.122053
        82.0    23.791851   638.377898   785.707832  2063.655843     4.520351   148.560430    59.420544    89.139886    51.071746    52.768890          0.0   289.666813   285.379015     1.228717     2.953915    -0.285039
        83.0    24.848087   644.761881   790.796594  2064.774688     4.481645   151.027055    60.687972    90.339083    50.915033    53.542741          0.0   289.467262   285.110208     1.188706     2.056469     1.508863
        84.0    24.186193   651.209289   795.743498  2066.603100     4.421110   151.176056    60.049260    91.126796    51.486386    53.760351          0.0   289.462814   284.984705     1.138234     1.342006     0.445553
        85.0    24.002920   657.721339   799.761923  2068.241258     4.370948   150.491203    60.226090    90.265113    51.871094    54.003348          0.0   289.676012   285.229347     1.230102     2.204317     0.494097
        86.0    24.171046   664.298712   804.225657  2069.568109     4.530222   150.719999    60.281519    90.438479    51.809760    53.883094          0.0   289.658526   285.156067     1.223784     1.934692     0.746484
        87.0    24.129587   670.941817   808.865432  2070.931917     4.518353   152.034544    60.485608    91.548936    51.778873    54.608725          0.0   289.810105   285.501933     1.196961     1.237107     1.466045
        88.0    24.443573   677.651294   812.021298  2072.930518     4.547993   152.088970    60.518836    91.570134    51.952426    54.596407          0.0   289.989216   285.741145     1.102454     2.766563     0.645380
        89.0    24.465160   684.427736   815.949759  2074.517449     4.580587   150.457164    60.709463    89.747702    52.345581    54.350234          0.0   289.955897   285.727881     1.211937     2.430767     0.417722
        90.0    24.934797   691.272111   820.118129  2076.151318     4.538505   151.282034    60.433080    90.848955    51.589779    54.497525          0.0   289.904464   285.583727     1.113227     1.767185     1.273877
        91.0    25.527265   698.184488   824.762492  2077.430458     4.599411   154.418184    62.380240    92.037944    53.500555    54.801495          0.0   290.165260   286.010095     1.168152     2.934382     0.021800
        92.0    26.379240   705.166548   830.217783  2078.355248     4.740858   155.954026    63.185325    92.768701    53.550246    55.667511          0.0   290.070482   285.813006     1.198517     2.062523     1.192476
        93.0    25.639512   712.217906   835.248521  2080.074552     4.685272   154.883620    61.603302    93.280318    52.575802    55.881082          0.0   289.905446   285.483775     1.177915     0.691483     1.585975
        94.0    25.301530   719.339887   838.820031  2082.109335     4.629152   154.856948    61.994527    92.862422    53.324518    56.057369          0.0   290.196600   286.022637     1.253001     2.365648     0.698067
        95.0    25.717856   726.533404   842.459687  2084.027923     4.630444   155.300799    62.219712    93.081088    53.484100    56.069520          0.0   290.162089   285.869046     1.276761     2.510536     0.666832
        96.0    26.074475   733.798633   846.905744  2085.590236     4.636045   156.158293    62.415307    93.742986    53.286700    56.088840          0.0   290.134288   285.726156     1.232600     1.880410     1.239827
        97.0    26.340840   741.136785   850.951667  2087.471812     4.651454   157.248565    63.315542    93.933023    54.549102    56.418993          0.0   290.263543   285.997688     1.341804     2.850626    -0.011686
        98.0    26.024603   748.548158   855.664176  2089.013877     4.683368   156.921040    62.691988    94.229052    53.596379    56.748307          0.0   290.218125   285.890715     1.244510     1.231172     1.609864
        99.0    26.690614   756.033687   859.412627  2090.654489     4.539281   158.416755    64.375971    94.040785    55.295093    56.849040          0.0   290.282985   285.960540     1.227656     3.778479    -0.086666
       100.0    26.005048   763.594181   864.314733  2092.039314     4.539346   156.986617    62.894675    94.091942    53.870329    57.358476          0.0   290.205138   285.811726     1.258302     0.634093     2.103322
       101.0    28.203686   771.230092   868.467571  2093.783752     4.639387   160.989996    65.006014    95.983982    55.131829    57.165022          0.0   290.320543   286.064078     1.301816     3.688153     0.288754
       102.0    26.454569   778.942390   873.203224  2095.692299     4.654605   158.365862    63.263182    95.102680    54.910596    57.830868          0.0   290.381295   286.012332     1.193899     0.696661     1.011725
       103.0    27.271316   786.731730   877.194109  2097.476419     4.470046   160.152876    64.309348    95.843528    55.072041    57.801889          0.0   290.486094   286.215986     1.190697     2.516574     0.945728
       104.0    27.261170   794.599183   881.844823  2098.795658     4.588889   161.614530    65.227914    96.386616    56.081597    58.162140          0.0   290.469522   286.246926     1.187701     2.415061     0.761304
       105.0    26.939052   802.545345   886.461357  2099.764878     4.649662   162.095984    65.578740    96.517243    56.781422    58.578755          0.0   290.597258   286.391884     1.183808     2.383451     0.828113
       106.0    27.915337   810.570750   891.243007  2100.892082     4.475496   164.028531    66.527829    97.500702    57.033009    58.873375          0.0   290.733566   286.624517     1.274341     2.872805     0.713163
       107.0    27.864541   818.676156   896.983526  2101.491410     4.542324   164.912584    66.940660    97.971923    57.591992    59.378078          0.0   290.721968   286.573137     1.266732     1.822064     1.186757
       108.0    27.844369   826.863242   901.640246  2103.253083     4.660055   164.052364    65.598162    98.454203    56.887665    59.806852          0.0   290.868944   286.815287     1.313229     1.134589     1.157514
       109.0    27.455666   835.131550   905.024042  2104.811513     4.690640   162.541034    66.187552    96.353482    58.006273    59.785957          0.0   291.058744   287.075380     1.477648     3.017800     0.221254
       110.0    28.631148   843.483208   910.363029  2105.463685     4.644105   165.894794    67.595795    98.298999    58.065687    59.788833          0.0   290.923191   286.843427     1.421183     2.467974     1.070974
       111.0    28.971541   851.917881   915.602602  2106.326592     4.641551   166.333674    67.862572    98.471102    58.242326    60.779273          0.0   291.001862   286.959540     1.317187     1.843727     1.674040
       112.0    28.134179   860.436840   920.201208  2107.832546     4.580029   166.246918    67.179286    99.067632    58.809008    60.692187          0.0   291.070943   287.101334     1.323246     1.888493     0.377225
       113.0    29.844598   869.041179   924.944960  2109.130457     4.675679   168.920056    68.833311   100.086745    58.892560    61.363453          0.0   291.070171   287.037992     1.358686     2.726106     1.172982
       114.0    28.612700   877.731534   929.662872  2110.882727     4.590261   167.705906    67.701416   100.004490    58.855351    61.310557          0.0   291.167994   287.128538     1.321440     1.672947     0.702936
       115.0    29.139190   886.509253   934.154806  2111.751169     4.691769   169.000718    68.890196   100.110522    59.771891    61.464467          0.0   291.208472   287.218186     1.455210     2.933796     0.824134
       116.0    28.911983   895.374387   938.614509  2113.249994     4.718832   167.680931    67.503989   100.176942    58.655362    61.570267          0.0   291.186737   287.134683     1.372666     1.474019     1.416079
       117.0    29.158715   904.327884   942.260568  2114.617387     4.566759   168.641535    68.910863    99.730672    59.997178    61.837569          0.0   291.357810   287.398476     1.247518     3.427234     0.472998
       118.0    29.757261   913.371613   946.902210  2115.718983     4.489926   169.282991    69.253818   100.029173    59.959817    61.978094          0.0   291.187538   287.101610     1.279939     2.634082     0.916681
       119.0    29.596543   922.505257   951.624399  2117.257102     4.705803   169.729638    68.691947   101.037691    59.406181    62.436800          0.0   291.176689   287.152235     1.188876     1.532958     1.492500
       120.0    30.097946   931.730251   955.800987  2118.216226     4.477641   170.054141    69.744759   100.309382    60.518057    62.176966          0.0   291.413907   287.467684     1.269675     3.391206     0.699784
       121.0    30.034877   941.047044   961.019406  2119.052444     4.588652   171.052222    69.796731   101.255492    60.483936    62.913162          0.0   291.485424   287.568658     1.234692     1.665150     1.593007
       122.0    30.250428   950.457378   965.357315  2120.519039     4.695794   170.543838    69.519262   101.024577    61.035868    62.729269          0.0   291.441642   287.449787     1.281863     2.452084     0.226806
       123.0    29.963172   959.962015   969.727320  2121.563085     4.684714   170.390171    69.047365   101.342805    60.166846    62.945113          0.0   291.517497   287.564432     1.277796     1.732247     1.734221
       124.0    31.154160   969.562252   973.468126  2123.091977     4.566579   172.016586    70.757952   101.258634    61.234637    63.237582          0.0   291.575562   287.631572     1.327668     3.779564     0.474053
       125.0    31.577551   979.257773   979.495928  2123.550877     4.574799   174.422207    71.444071   102.978136    61.697308    63.614118          0.0   291.626322   287.783943     1.227665     1.802151     1.457909
       126.0    30.932658   989.050523   984.198790  2124.765395     4.430655   173.670112    71.305207   102.364905    62.366502    64.097349          0.0   291.776678   287.848105     1.338533     2.504997     0.516329
       127.0    31.102718   998.940466   988.954933  2125.603198     4.549929   173.069234    71.187052   101.882183    62.554452    64.072013          0.0   291.820389   287.864904     1.371594     2.358896     0.679758
       128.0    31.350304  1008.930273   994.105631  2126.288385     4.433559   174.508693    71.554233   102.954460    62.635025    64.860177          0.0   291.770103   287.809433     1.333007     1.543359     1.539965
       129.0    31.497302  1019.019743   998.353707  2127.375439     4.442411   174.705190    71.982973   102.722218    62.793884    64.593544          0.0   291.814120   288.106420     1.292057     3.141353     0.712606
       130.0    31.968923  1029.209512  1003.029532  2128.491324     4.649877   175.059926    71.623585   103.436340    62.258586    65.125289          0.0   291.687737   287.721910     1.241529     1.822471     1.750819
       131.0    32.293571  1039.501734  1007.185255  2129.840856     4.365620   175.344012    72.238860   103.105152    62.945848    64.582010          0.0   291.872075   288.007406     1.294171     3.501128     0.286630
       132.0    32.546860  1049.896782  1012.191030  2131.220509     4.519123   175.640289    71.615626   104.024663    62.394900    65.586718          0.0   291.978198   288.179427     1.332770     1.023133     1.812164
       133.0    32.973637  1060.395758  1016.591476  2132.610028     4.523007   178.079003    73.696971   104.382032    64.204515    65.642569          0.0   291.999588   288.239073     1.406674     3.653955     0.048535
       134.0    31.581029  1070.999957  1020.865255  2133.886665     4.596465   176.066188    71.748311   104.317877    62.993924    66.425210          0.0   291.945319   288.172354     1.275467     1.049323     2.154650
       135.0    32.396194  1081.709924  1024.181124  2135.137501     4.454012   177.166803    72.836752   104.330051    64.011287    65.806804          0.0   292.146324   288.503589     1.344285     3.714078     0.544681
       136.0    33.158093  1092.527076  1028.533934  2136.281607     4.597299   176.054601    72.294938   103.759664    63.522888    65.815428          0.0   292.131304   288.301614     1.331910     2.126700     1.148434
       137.0    33.355839  1103.451935  1032.502555  2137.551860     4.748459   175.634624    72.624418   103.010206    63.907262    65.999292          0.0   292.296724   288.576685     1.431803     2.656505     0.821779
       138.0    33.365526  1114.486003  1036.948940  2138.589910     4.494687   176.549067    73.053438   103.495628    64.256652    66.012364          0.0   292.330961   288.595394     1.382637     2.594690     0.717661
       139.0    33.157802  1125.630843  1041.345284  2139.441683     4.667174   176.939293    73.074974   103.864319    64.455964    66.545137          0.0   292.440984   288.950434     1.387042     2.133492     1.237401
       140.0    34.465107  1136.887397  1045.569533  2140.096401     4.567613   178.424702    74.174392   104.250310    64.753396    66.271021          0.0   292.269098   288.429131     1.430656     3.679122     0.862906
       141.0    34.483328  1148.256773  1051.264005  2140.651699     4.442487   180.752455    74.425415   106.327040    65.164511    67.020816          0.0   292.432837   288.663825     1.463667     1.710127     1.301007
       142.0    34.401214  1159.739063  1055.494910  2142.155212     4.476414   180.511444    74.411015   106.100429    65.345917    67.944352          0.0   292.606585   289.010261     1.471400     2.235757     1.094922
       143.0    33.531670  1171.336569  1059.598302  2143.356899     4.452475   179.588378    73.899381   105.688997    65.561849    68.093027          0.0   292.564270   288.910334     1.489991     1.702962     1.329491
       144.0    34.859910  1183.050280  1063.639220  2143.832267     4.313031   182.216009    76.398633   105.817376    67.314876    67.915061          0.0   292.687068   288.991334     1.468778     4.442654     0.124817
       145.0    35.289578  1194.880416  1069.116914  2144.297174     4.431426   181.912648    75.336474   106.576173    66.053151    67.955005          0.0   292.688874   288.979312     1.343294     1.903776     1.436947
       146.0    33.684117  1206.829190  1073.100588  2145.136030     4.595797   180.188503    74.313314   105.875188    66.186333    68.720300          0.0   292.844985   289.324870     1.315421     1.609340     1.695111
       147.0    34.602726  1218.897438  1075.967982  2146.105884     4.392267   179.160495    74.663056   104.497439    66.071962    68.215232          0.0   292.967548   289.485064     1.288754     3.580430     1.173415
       148.0    35.075256  1231.085909  1079.515439  2147.289443     4.466425   180.710341    74.717965   105.992376    66.124236    68.540293          0.0   293.051292   289.686269     1.411457     2.630215     1.232499
       149.0    36.395144  1243.396873  1084.063563  2147.436708     4.518622   183.524713    77.304083   106.220629    68.289108    68.559630          0.0   293.054130   289.661694     1.473115     4.196329     0.123257
       150.0    35.418450  1255.831326  1089.151195  2148.033768     4.593259   181.663509    75.697020   105.966488    67.152463    69.609209          0.0   293.007939   289.414395     1.429534     1.000179     1.859687