        time     emission          CO2         cveg        csoil        fgco2         fgpp         fnpp           ra          frh     fvegsoil         fluc          tas     tas_land        cprod     fcvegout    fcsoilout
      1850.0    -3.392670   284.572954   314.262699   404.217201     0.152235    71.562186    38.610051    32.952135    35.877981    34.370438          0.0   225.528865   280.149518          0.0    15.634055          0.0
      1851.0     0.582140   284.054661   314.222427   404.030337     0.013374    75.215551    41.087809    34.127741    35.481754    35.294889          0.0   225.466148   280.071199          0.0    17.871479          0.0
      1852.0    -1.417892   283.761956   314.018057   405.164151     0.039041    74.945332    40.406765    34.538567    36.454729    37.588543          0.0   225.607719   280.257848          0.0    15.084905          0.0
      1853.0     0.144719   285.081532   312.108511   404.271627     0.314256    71.983589    38.619376    33.364213    36.418745    35.526220          0.0   225.645007   280.409853          0.0    16.523795          0.0
      1854.0    -1.079244   284.780890   311.880832   403.396073     0.102645    73.450295    39.925436    33.524859    35.610099    34.734545          0.0   225.497244   280.201679          0.0    17.255639          0.0
      1855.0     1.250465   284.131883   312.258623   403.614807     0.025513    77.995854    42.912930    35.082924    35.809609    36.028342          0.0   225.443902   280.063399          0.0    19.018280          0.0
      1856.0    -1.847879   284.017444   312.502914   404.860659    -0.107755    75.029986    40.439267    34.590719    36.738081    37.983933          0.0   225.605939   280.354433          0.0    14.453138          0.0
      1857.0     1.438274   285.229495   311.105871   403.993379     0.324978    73.337698    39.501512    33.836185    36.284388    35.417107          0.0   225.651974   280.467627          0.0    17.241464          0.0
      1858.0    -0.046635   285.211972   310.661553   403.403781     0.284257    74.042283    40.406024    33.636260    35.972305    35.382707          0.0   225.527815   280.157471          0.0    17.305579          0.0
      1859.0    -1.729227   285.054279   310.616840   403.171131     0.135112    73.299666    39.619062    33.680604    35.915208    35.682558          0.0   225.573908   280.281310          0.0    15.858193          0.0
      1860.0     1.565258   285.293299   310.191957   402.584093    -0.013975    74.929718    41.066630    33.863088    35.473603    34.886566          0.0   225.507780   280.190582          0.0    18.654729          0.0
      1861.0    -0.266111   284.914969   310.472196   403.466595    -0.070281    75.227112    41.088818    34.138294    35.722050    36.604552          0.0   225.446734   279.949939          0.0    16.440601          0.0
      1862.0     0.242393   285.260510   309.966478   403.932050     0.034045    73.345322    40.163208    33.182114    35.593448    36.058903          0.0   225.454324   280.113327          0.0    16.505570          0.0
      1863.0     0.752925   285.372824   310.217239   403.659065     0.016059    75.080826    41.016423    34.064403    35.925992    35.653007          0.0   225.488036   280.161939          0.0    17.272267          0.0
      1864.0    -0.809695   285.721603   310.002997   403.691463     0.178954    73.175937    39.613232    33.562705    36.015554    36.047952          0.0   225.578282   280.357243          0.0    15.631885          0.0
      1865.0     0.551706   286.727302   308.758647   402.532364     0.349182    71.970450    38.786896    33.183554    36.086068    34.926969          0.0   225.641230   280.472397          0.0    16.647118          0.0
      1866.0    -0.983684   286.850177   308.176998   401.560653     0.470085    71.540235    38.797012    32.743223    35.692674    34.720962          0.0   225.645548   280.422327          0.0    16.184375          0.0
      1867.0    -0.754468   286.864930   307.524425   400.700628     0.548356    71.610818    38.769966    32.840852    35.276696    34.416672          0.0   225.619120   280.297623          0.0    16.500665          0.0
      1868.0     0.107762   286.834578   306.832616   400.313999     0.422720    72.432888    39.330692    33.102196    35.145613    34.758984          0.0   225.566748   280.264779          0.0    16.886496          0.0
      1869.0     0.382772   286.676718   306.870518   400.165590     0.119955    74.363572    40.694288    33.669284    35.583457    35.435048          0.0   225.581076   280.413500          0.0    17.171269          0.0
      1870.0    -0.251461   286.516412   307.111037   400.494064     0.114322    74.106732    40.212729    33.894003    35.591220    35.919694          0.0   225.600903   280.337970          0.0    15.981270          0.0
      1871.0     0.239434   286.930414   306.433060   400.485580     0.312801    73.166639    39.722448    33.444192    35.756215    35.747732          0.0   225.596797   280.232995          0.0    16.444211          0.0
      1872.0    -0.021577   287.508339   305.618981   399.877951     0.342870    72.750223    39.164487    33.585736    35.659216    35.051586          0.0   225.649448   280.410477          0.0    16.631958          0.0
      1873.0    -0.442984   287.739654   304.608399   399.335598     0.447426    71.574950    38.928209    32.646740    35.049614    34.507261          0.0   225.572464   280.302140          0.0    16.965643          0.0
      1874.0    -0.563366   287.690936   304.278658   398.823608     0.367813    72.290973    39.101240    33.189733    35.430769    34.918779          0.0   225.642169   280.394812          0.0    16.141207          0.0
      1875.0    -0.055210   287.965155   303.495375   398.501097     0.246601    72.423060    38.980914    33.442146    35.064176    34.741665          0.0   225.649857   280.392805          0.0    16.553652          0.0
      1876.0     0.372587   287.728307   303.477314   398.562005     0.028932    74.293517    40.636038    33.657479    35.203931    35.264839          0.0   225.578416   280.249323          0.0    17.309904          0.0
      1877.0     0.130212   287.863381   303.123127   398.985468     0.210808    73.238483    39.728849    33.509634    35.508485    35.931949          0.0   225.587643   280.289137          0.0    15.971241          0.0
      1878.0     0.567963   288.021939   303.095444   399.098131     0.175792    73.388053    39.941741    33.446312    35.284190    35.396852          0.0   225.582944   280.197077          0.0    16.361502          0.0
      1879.0     0.320495   288.411769   302.707993   398.981502     0.444121    73.502903    39.908694    33.594209    35.951634    35.835005          0.0   225.715278   280.590864          0.0    16.313229          0.0
      1880.0     0.447789   288.939667   301.934868   398.437479     0.396005    72.197571    39.131508    33.066063    35.368401    34.824377          0.0   225.600962   280.323538          0.0    16.750446          0.0
      1881.0     0.504040   289.024640   301.592401   398.248874     0.282075    72.783705    39.611339    33.172365    34.906565    34.717960          0.0   225.565907   280.257914          0.0    16.945442          0.0
      1882.0     0.871914   288.736264   301.896556   398.722547     0.163623    74.649979    40.813347    33.836633    34.972065    35.445738          0.0   225.510761   280.226363          0.0    17.144143          0.0
      1883.0    -0.456886   289.217884   301.312276   399.363911     0.400250    73.073806    39.994100    33.079706    36.285072    36.926437          0.0   225.585610   280.309435          0.0    15.628407          0.0
      1884.0     1.998721   289.856808   300.309435   398.684484     0.597842    72.349989    40.248002    32.101987    34.868806    34.189379          0.0   225.314208   279.601072          0.0    18.824028          0.0
      1885.0    -0.192051   289.774444   300.318250   398.777833     0.242650    72.470229    39.923481    32.546748    34.992053    35.085402          0.0   225.347793   279.830277          0.0    16.756166          0.0
      1886.0     0.938286   289.682493   300.960710   398.936226    -0.169397    75.881218    41.930307    33.950912    35.675992    35.834385          0.0   225.424120   279.989912          0.0    17.785275          0.0
      1887.0     1.502578   289.718762   301.392139   399.659693     0.067527    75.955093    42.045338    33.909755    35.669638    36.393105          0.0   225.462133   280.045907          0.0    17.740390          0.0
      1888.0     0.198482   290.574838   300.678292   400.247503     0.277113    72.806954    39.727424    33.079530    36.271237    36.859047          0.0   225.633172   280.237954          0.0    15.421761          0.0
      1889.0     1.951663   291.375194   300.152984   399.344357     0.308500    73.941379    40.531991    33.409389    35.871226    34.968080          0.0   225.686859   280.388907          0.0    18.008676          0.0
      1890.0     0.259172   291.475418   300.275917   398.945396     0.263449    74.570878    40.847580    33.723298    35.753104    35.354143          0.0   225.617733   280.259458          0.0    17.523715          0.0
      1891.0     1.170525   291.675387   300.095440   399.028834     0.267781    74.397311    41.142881    33.254430    35.710896    35.794334          0.0   225.634727   280.206667          0.0    17.609351          0.0
      1892.0    -0.353176   292.085988   299.674814   399.384749     0.365417    72.249731    39.417823    32.831909    35.633494    35.989409          0.0   225.632148   280.257429          0.0    15.688772          0.0
      1893.0     0.778917   292.788860   298.723801   398.806579     0.337010    73.590338    40.146516    33.443822    35.579104    35.000934          0.0   225.678539   280.366662          0.0    18.009283          0.0
      1894.0     0.289463   293.055841   298.373523   398.320699     0.378716    73.360321    40.348210    33.012111    35.733636    35.247756          0.0   225.687336   280.346105          0.0    17.377026          0.0
      1895.0     0.356358   293.273418   298.204589   397.839031     0.519218    72.845980    39.874103    32.971876    35.488635    35.006967          0.0   225.725343   280.453859          0.0    16.827546          0.0
      1896.0    -0.138252   293.848779   297.314525   397.466022     0.411082    72.175908    39.332552    32.843356    35.576893    35.203884          0.0   225.781920   280.524235          0.0    16.741655          0.0
      1897.0     0.826115   293.819648   297.114808   397.016454     0.338126    74.709647    40.966694    33.742954    35.476930    35.027362          0.0   225.753365   280.575781          0.0    18.112659          0.0
      1898.0     0.347494   293.797410   297.120768   397.231615     0.322096    73.752134    40.594169    33.157965    35.531780    35.746940          0.0   225.716043   280.327452          0.0    16.880960          0.0
      1899.0    -0.474335   294.540105   296.403035   396.850056     0.499634    71.539637    38.970571    32.569066    35.847952    35.466393          0.0   225.823588   280.643091          0.0    15.905551          0.0
      1900.0     0.230209   295.644616   294.881043   395.522595     0.649063    70.995020    38.746941    32.248079    35.518576    34.191115          0.0   225.867565   280.735167          0.0    17.524792          0.0
      1901.0     0.183471   295.798168   294.036899   394.417232     0.435996    72.144813    39.852715    32.292098    34.795272    33.689909          0.0   225.702284   280.322155          0.0    18.669979          0.0
      1902.0     0.724713   295.072029   294.807910   394.460934    -0.015457    75.405630    41.842397    33.563233    34.797664    34.841366          0.0   225.656288   280.309068          0.0    18.491405          0.0
      1903.0     0.532561   295.104920   294.818853   395.628675     0.260537    73.493863    40.822080    32.671782    35.342779    36.510520          0.0   225.559870   279.899464          0.0    16.450708          0.0
      1904.0     0.074400   296.141402   293.710021   395.602866     0.558396    71.331392    39.002533    32.328859    35.896309    35.870499          0.0   225.780210   280.424919          0.0    15.949248          0.0
      1905.0     1.286555   296.853978   292.528641   394.755280     0.590500    72.645174    39.961363    32.683811    35.120702    34.273116          0.0   225.775129   280.552141          0.0    18.604878          0.0
      1906.0     0.201066   296.601658   292.655026   394.583097     0.395936    74.538073    41.208702    33.329370    35.234373    35.062189          0.0   225.723828   280.353388          0.0    18.167492          0.0
      1907.0     0.840793   296.670821   292.625115   394.853968     0.340378    74.510606    41.125795    33.384811    35.353744    35.624616          0.0   225.729563   280.388887          0.0    17.659259          0.0
      1908.0     0.293715   297.085704   292.346275   395.211015     0.389514    73.301961    40.300687    33.001274    35.363464    35.720511          0.0   225.747511   280.417124          0.0    16.866520          0.0
      1909.0     1.622936   298.057276   291.216544   394.726779     0.635686    72.722685    40.027912    32.694773    35.584865    35.100628          0.0   225.859624   280.770821          0.0    17.881156          0.0
      1910.0     0.105143   298.422403   290.934401   393.961760     0.764741    72.352133    39.758011    32.594122    35.861342    35.096323          0.0   225.865728   280.723741          0.0    16.702135          0.0
      1911.0     0.899164   299.074181   290.254165   392.905883     0.832705    71.478229    39.218502    32.259726    35.027754    33.971878          0.0   225.875496   280.739547          0.0    17.529464          0.0
      1912.0     1.113218   298.923545   290.271913   392.717397     0.624253    73.054865    40.820723    32.234142    34.538375    34.349889          0.0   225.585813   280.151594          0.0    18.427002          0.0
      1913.0     1.755766   299.087206   290.057125   393.058080     0.637255    73.115095    41.099861    32.015234    34.939304    35.279986          0.0   225.528439   280.088176          0.0    18.098399          0.0
      1914.0     0.948334   299.409505   290.022860   393.656302     0.642266    73.469120    40.557164    32.911956    35.423314    36.021536          0.0   225.734287   280.379512          0.0    16.634947          0.0
      1915.0     1.682074   300.553542   289.017055   393.510497     0.790332    72.218725    39.677166    32.541559    35.647901    35.502096          0.0   225.796314   280.562445          0.0    17.007780          0.0
      1916.0     0.917134   300.968303   288.808484   393.178147     0.741289    73.035504    40.295082    32.740422    35.222726    34.890376          0.0   225.775717   280.499225          0.0    17.521355          0.0
      1917.0     2.591035   301.797823   288.125925   392.611182     0.637915    73.812490    41.044753    32.767737    35.292420    34.725455          0.0   225.736152   280.510721          0.0    19.009088          0.0
      1918.0    -0.152900   302.139154   287.904156   392.554163     0.741481    71.763030    39.552973    32.210057    35.481823    35.424804          0.0   225.794461   280.656043          0.0    16.145077          0.0
      1919.0     0.651460   303.232603   286.880448   391.315615     0.896300    70.065300    38.396480    31.668820    35.449206    34.210658          0.0   225.878581   280.658234          0.0    16.621213          0.0
      1920.0     1.533204   303.429345   286.504235   390.242954     0.773243    72.464545    40.186425    32.278120    34.752196    33.679535          0.0   225.893936   280.853965          0.0    18.649629          0.0
      1921.0     0.296747   302.849195   287.198552   390.451779     0.576090    74.406619    41.706036    32.700583    34.935645    35.144470          0.0   225.737866   280.540478          0.0    18.184120          0.0
      1922.0     0.440492   303.473712   286.812320   390.706753     0.635294    72.149245    40.053111    32.096134    35.424624    35.679597          0.0   225.770215   280.522853          0.0    16.641734          0.0
      1923.0     1.703162   304.758979   285.463571   389.592216     0.936173    70.237991    38.941809    31.296181    35.257997    34.143460          0.0   225.838175   280.639798          0.0    17.584718          0.0
      1924.0     1.737141   304.471497   285.888758   388.830262     0.675879    74.151046    41.510069    32.640977    34.632612    33.870658          0.0   225.775802   280.540675          0.0    19.313378          0.0
      1925.0     0.197534   304.053926   286.509304   389.656602     0.528519    74.532768    41.677089    32.855679    34.932632    35.758972          0.0   225.744052   280.526536          0.0    17.675965          0.0
      1926.0     2.057088   304.570182   286.334623   390.065635     0.597529    74.046072    41.467447    32.578626    35.278429    35.687462          0.0   225.706684   280.326202          0.0    18.252819          0.0
      1927.0     0.059950   305.035597   285.873186   390.384127     0.705602    72.784767    40.332302    32.452464    35.757336    36.075828          0.0   225.816433   280.596369          0.0    16.690964          0.0
      1928.0     1.234783   306.300914   284.456614   388.825068     1.005784    71.586025    39.762353    31.823671    35.639087    34.080028          0.0   225.891752   280.763282          0.0    18.869046          0.0
      1929.0    -0.225691   306.276076   284.043327   387.799385     0.915953    71.575724    39.622961    31.952763    34.685296    33.659613          0.0   225.829194   280.718791          0.0    18.031283          0.0
      1930.0    -0.049634   306.274232   283.681226   387.251221     0.697850    71.835092    39.832897    32.002195    34.826755    34.278591          0.0   225.785691   280.581057          0.0    17.674980          0.0
      1931.0    -0.877647   306.397862   282.726626   386.993389     0.874558    70.282197    38.975041    31.307156    34.935935    34.678103          0.0   225.847755   280.725063          0.0    16.795924          0.0
      1932.0    -1.118788   307.297304   281.013512   385.442866     0.992195    68.064520    37.730371    30.334149    34.721519    33.170997          0.0   225.896277   280.662908          0.0    17.530161          0.0
      1933.0     0.893841   307.491167   279.956091   383.885048     0.877847    70.541333    39.269632    31.271701    34.085094    32.527276          0.0   225.868461   280.695769          0.0    19.208786          0.0
      1934.0    -0.359565   306.868660   280.155158   383.733412     0.648630    71.971631    40.114865    31.856766    34.043607    33.891970          0.0   225.783831   280.551168          0.0    17.769685          0.0
      1935.0     0.348021   306.917055   279.854746   383.945796     0.691571    71.103862    39.428780    31.675082    34.101117    34.313501          0.0   225.772386   280.548640          0.0    17.097321          0.0
      1936.0     1.311177   307.189024   279.711071   383.939166     0.499314    72.358231    40.467013    31.891218    34.395453    34.388822          0.0   225.720439   280.501436          0.0    18.160162          0.0
      1937.0     1.284147   307.945227   278.766658   384.043065     0.731771    70.489025    39.297024    31.192000    34.220972    34.324871          0.0   225.694511   280.484634          0.0    17.521083          0.0
      1938.0     2.087092   308.592282   278.421192   383.731164     0.828122    70.962118    39.626536    31.335582    34.232529    33.920627          0.0   225.768891   280.654821          0.0    17.679890          0.0
      1939.0     0.310053   309.410726   277.974885   383.270588     0.959181    68.826281    37.965683    30.860598    34.234438    33.773863          0.0   225.811839   280.697141          0.0    15.971273          0.0
      1940.0     1.842415   310.404827   276.924536   382.159384     0.995335    68.824914    38.117573    30.707341    33.784868    32.673664          0.0   225.833526   280.742808          0.0    17.723342          0.0
      1941.0     1.434297   310.448986   276.718768   381.691076     0.927183    70.147467    39.518961    30.628506    33.460525    32.992217          0.0   225.673931   280.470078          0.0    18.280980          0.0
      1942.0     0.994279   310.359539   276.978280   381.998260     0.820201    71.369512    40.135523    31.233989    33.985017    34.292201          0.0   225.674992   280.340270          0.0    17.416142          0.0
      1943.0     0.875139   311.476965   275.849392   381.663382     0.942413    69.220700    38.370587    30.850113    34.256769    33.921891          0.0   225.767254   280.550296          0.0    17.007153          0.0
      1944.0     1.110595   312.125379   274.857683   380.645421     0.951225    68.579975    38.391196    30.188779    33.638456    32.620495          0.0   225.715777   280.506097          0.0    18.056486          0.0
      1945.0     0.839475   311.656883   274.995995   380.467445     0.670076    71.523093    40.443120    31.079973    33.392533    33.214557          0.0   225.568051   280.348499          0.0    18.936194          0.0
      1946.0    -0.234607   311.259061   275.100459   381.316885     0.564216    71.141424    40.046193    31.095231    33.880183    34.729622          0.0   225.624936   280.269965          0.0    17.082936          0.0
      1947.0     0.702673   312.144112   273.701832   381.354668     0.852775    68.945462    38.376147    30.569315    34.116158    34.153942          0.0   225.764807   280.546083          0.0    17.077403          0.0
      1948.0     1.024737   312.380008   272.657463   380.795008     0.911492    69.521074    39.079542    30.441532    33.861957    33.302296          0.0   225.695354   280.405877          0.0    18.234336          0.0
      1949.0    -0.632687   311.855420   272.857580   380.803431     0.690020    70.422800    39.588675    30.834126    33.731278    33.739701          0.0   225.661512   280.289751          0.0    17.343540          0.0
      1950.0     0.559166   312.549246   271.578367   380.451012     0.752853    67.981849    38.143432    29.838417    33.770170    33.417751          0.0   225.730482   280.503284          0.0    17.239425          0.0
      1951.0     0.517600   312.399542   271.484504   379.831173     0.573506    69.622082    39.338469    30.283613    33.140997    32.521158          0.0   225.661146   280.523681          0.0    18.434004          0.0
      1952.0    -0.336344   312.214340   271.215193   380.147653     0.677371    69.103210    38.962643    30.140567    33.444414    33.760894          0.0   225.673005   280.392471          0.0    16.960304          0.0
      1953.0     0.288515   313.115200   269.625393   379.958953     0.907494    66.998442    37.577173    29.421269    33.555688    33.366988          0.0   225.762470   280.598559          0.0    16.914875          0.0
      1954.0     0.870447   313.288149   269.175616   379.127850     0.790333    69.325457    39.075840    30.249617    33.393962    32.562859          0.0   225.756889   280.603463          0.0    18.462696          0.0
      1955.0     0.643891   313.523371   268.700037   378.834891     0.598033    68.676127    38.840217    29.835910    33.167181    32.874222          0.0   225.721182   280.746261          0.0    17.806929          0.0
      1956.0     1.254279   313.422892   268.839373   378.690369     0.490881    70.667425    40.234603    30.432822    33.084578    32.940056          0.0   225.682025   280.478878          0.0    18.905445          0.0
      1957.0    -0.007928   313.792886   268.299073   379.092591     0.498336    68.420704    38.582666    29.838037    33.211013    33.613236          0.0   225.711347   280.520926          0.0    16.923943          0.0
      1958.0     0.777691   314.773110   267.064293   378.430990     0.749938    66.917978    37.666873    29.251105    33.521170    32.859569          0.0   225.802273   280.598051          0.0    17.191097          0.0
      1959.0     0.322673   315.093718   266.459250   377.486636     0.791842    67.771551    38.258218    29.513334    33.332712    32.388359          0.0   225.842757   280.725022          0.0    17.739282          0.0
      1960.0     0.797906   315.076829   266.134889   377.063638     0.950020    68.313270    38.837204    29.476066    32.925816    32.502818          0.0   225.752492   280.610143          0.0    18.020900          0.0
      1961.0     1.681197   315.425775   266.013261   377.017916     0.808795    68.539148    39.055419    29.483729    32.938232    32.892511          0.0   225.703622   280.478427          0.0    17.709404          0.0
      1962.0     0.937545   316.152026   265.239492   377.301623     1.022926    66.981635    37.997971    28.983664    32.960639    33.244346          0.0   225.711075   280.489799          0.0    16.773274          0.0
      1963.0     2.569071   317.135163   264.325155   376.506169     1.109081    67.232995    38.440661    28.792334    32.622684    31.827231          0.0   225.610029   280.321635          0.0    18.752173          0.0
      1964.0     1.483241   317.013900   264.781073   376.558800     0.657062    68.837702    39.615846    29.221855    32.246444    32.299075          0.0   225.380999   279.950228          0.0    18.520328          0.0
      1965.0     2.701371   317.466326   264.684074   377.449110     0.721251    69.420032    40.069601    29.350431    32.754337    33.644647          0.0   225.460647   279.991667          0.0    18.190915          0.0
      1966.0     1.463948   318.276142   264.248738   378.155582     0.887133    67.673789    38.469991    29.203798    33.038125    33.744596          0.0   225.628690   280.308128          0.0    16.575508          0.0
      1967.0     2.509764   320.174911   262.282827   377.471403     1.275145    64.508720    36.751006    27.757714    32.801409    32.117230          0.0   225.679268   280.368166          0.0    17.490441          0.0
      1968.0     2.492832   320.374716   262.278308   376.797576     0.995592    68.493671    39.361601    29.132070    32.543416    31.869589          0.0   225.676494   280.366124          0.0    18.948688          0.0
      1969.0     1.711821   320.548414   262.535025   377.241577     0.935210    69.157051    39.585231    29.571820    32.749952    33.193954          0.0   225.665478   280.303777          0.0    17.772545          0.0
      1970.0     2.715804   321.781195   261.665224   377.416733     0.897056    67.364417    38.736802    28.627616    32.750046    32.925201          0.0   225.627645   280.201954          0.0    18.050935          0.0
      1971.0     3.000384   322.635824   261.685320   377.373441     0.998653    68.497621    39.253781    29.243840    32.868440    32.825149          0.0   225.638524   280.213235          0.0    17.966154          0.0
      1972.0     2.483924   324.319861   260.455286   377.093269     1.409827    65.456283    37.366495    28.089788    33.218453    32.938280          0.0   225.776161   280.550489          0.0    16.686943          0.0
      1973.0     3.714867   325.650906   259.966424   375.925984     1.397905    67.258363    38.345250    28.913112    32.690336    31.523050          0.0   225.815782   280.682613          0.0    18.570379          0.0
      1974.0     4.394112   326.965204   259.691723   376.082443     1.315436    67.705105    38.695260    29.009845    32.234217    32.390677          0.0   225.706665   280.488526          0.0    17.900855          0.0
      1975.0     4.609909   328.072530   259.886589   376.714851     1.314469    69.128607    39.883007    29.245600    32.361238    32.993646          0.0   225.593575   280.112414          0.0    18.417002          0.0
      1976.0     2.885213   329.219625   258.935131   377.493211     1.420095    67.310146    38.605412    28.704734    33.070669    33.849030          0.0   225.693622   280.381378          0.0    17.084749          0.0
      1977.0     2.866944   330.328628   258.001412   377.084211     1.458426    67.541840    38.755945    28.785895    33.106782    32.697782          0.0   225.801932   280.615651          0.0    18.357911          0.0
      1978.0     3.104144   331.306285   257.669253   376.615941     1.469859    67.985973    39.026397    28.959576    32.911879    32.443609          0.0   225.745725   280.359113          0.0    18.357241          0.0
      1979.0     4.743448   332.445848   257.604584   376.624468     1.470868    69.207080    39.982325    29.224755    32.579357    32.587883          0.0   225.700463   280.363454          0.0    19.115564          0.0
      1980.0     4.184084   333.758785   257.574432   376.991674     1.520927    68.247156    39.418119    28.829037    32.239118    32.606325          0.0   225.660080   280.353975          0.0    18.431047          0.0
      1981.0     4.066180   335.971050   256.797645   376.752701     1.694026    66.076398    37.951314    28.125084    33.174235    32.935261          0.0   225.785258   280.532654          0.0    17.089065          0.0
      1982.0     5.437218   338.389092   255.450688   375.494535     1.943226    66.318933    38.084555    28.234378    32.904933    31.646768          0.0   225.849175   280.620207          0.0    18.883440          0.0
      1983.0     3.605071   338.769945   255.683146   375.007362     1.786189    68.153281    39.718884    28.434397    32.204523    31.717349          0.0   225.651375   280.264293          0.0    19.355910          0.0
      1984.0     3.662284   339.547836   255.654265   375.483812     1.602689    68.579150    40.089112    28.490038    32.634713    33.111163          0.0   225.585300   280.126979          0.0    18.792985          0.0
      1985.0     5.061437   341.040794   255.432549   375.886513     1.664318    68.576409    40.037931    28.538478    32.709154    33.111855          0.0   225.653613   280.294062          0.0    18.851249          0.0
      1986.0     4.801963   342.675836   255.167573   376.092947     1.805044    68.327950    39.572349    28.755601    32.977710    33.184145          0.0   225.779236   280.503572          0.0    18.336161          0.0
      1987.0     4.507026   344.443344   254.619988   375.840049     1.982347    67.166509    38.840171    28.326337    32.847201    32.594303          0.0   225.803518   280.601444          0.0    18.262747          0.0
      1988.0     5.719722   345.886698   254.738231   375.306139     1.748588    68.620689    40.190484    28.430204    32.611771    32.077861          0.0   225.759863   280.461825          0.0    19.701811          0.0
      1989.0     5.506873   347.607540   254.880683   375.664997     1.866665    68.651185    39.797080    28.854105    32.957428    33.316287          0.0   225.843720   280.545846          0.0    18.025426          0.0
      1990.0     5.845680   350.069303   254.256417   375.389503     2.085904    67.230306    38.683433    28.546872    33.246579    32.971084          0.0   226.037182   280.895472          0.0    17.822602          0.0
      1991.0     5.540254   351.655588   253.937803   374.923381     2.272154    68.113257    39.352988    28.760269    33.115293    32.649172          0.0   226.037744   280.982525          0.0    18.543040          0.0
      1992.0     6.050306   352.266543   254.214373   375.265260     2.086922    70.599157    41.994845    28.604313    32.494087    32.835965          0.0   225.539721   280.041146          0.0    21.040513          0.0
      1993.0     3.855630   352.752280   254.799550   376.668514     1.996455    70.097850    41.190598    28.907253    32.999437    34.402692          0.0   225.589502   280.194562          0.0    18.388560          0.0
      1994.0     4.086524   354.889275   253.799869   376.453994     2.058375    67.240924    39.117967    28.122957    33.549593    33.335073          0.0   225.779099   280.456542          0.0    18.301649          0.0
      1995.0     4.118251   356.061923   253.905458   375.447762     2.017026    68.425142    39.914933    28.510209    33.049667    32.043434          0.0   225.775685   280.436663          0.0    19.476048          0.0
      1996.0     5.365532   357.039086   254.424692   375.312704     1.890707    70.557996    41.136571    29.421425    32.945577    32.810519          0.0   225.843679   280.642253          0.0    19.839638          0.0
      1997.0     6.751704   358.207228   255.279260   375.777064     1.951502    72.234300    42.512043    29.722257    33.693463    34.157823          0.0   225.896721   280.740239          0.0    19.844195          0.0
      1998.0     5.195973   359.986540   255.770366   376.018514     2.144458    69.860276    40.668320    29.191956    34.092469    34.333919          0.0   225.943332   280.858785          0.0    17.858594          0.0
      1999.0     6.624500   362.241732   255.746521   375.641663     2.123109    69.933135    40.792491    29.140644    33.912008    33.535156          0.0   225.977114   280.828167          0.0    19.269338          0.0
      2000.0     6.257199   364.668597   255.475104   375.078682     2.291467    68.863444    39.992873    28.870572    33.622429    33.059448          0.0   226.059300   281.026660          0.0    18.971088          0.0
      2001.0     5.181322   366.576202   254.854217   374.383238     2.436943    68.661832    39.773725    28.888108    33.833712    33.138268          0.0   226.157864   281.271804          0.0    18.921477          0.0
      2002.0     6.035157   368.019453   254.903937   373.580388     2.293379    70.474380    41.036353    29.438028    33.467474    32.664625          0.0   226.121629   281.119517          0.0    20.193470          0.0
      2003.0     5.083234   368.979398   255.390398   374.020561     2.053612    70.742451    41.435850    29.306601    33.538599    33.978772          0.0   226.061909   281.010989          0.0    19.204143          0.0
      2004.0     6.401940   371.957550   254.487464   373.898976     2.320493    67.891048    39.395506    28.495542    33.887534    33.765949          0.0   226.127717   281.056013          0.0    18.079138          0.0
      2005.0     7.045215   373.841856   254.712261   373.239468     2.319552    70.223110    41.065066    29.158044    33.391104    32.731596          0.0   226.085437   281.086297          0.0    20.086614          0.0
      2006.0     6.984841   375.103159   255.466836   373.390741     2.178696    72.363017    42.806327    29.556691    33.599657    33.750930          0.0   226.020115   280.974052          0.0    20.700396          0.0
      2007.0     6.687858   376.745609   256.266931   374.107459     2.226999    71.998949    42.221078    29.777871    33.847629    34.564346          0.0   226.056787   281.006719          0.0    19.260413          0.0
      2008.0     6.142002   378.967406   256.446736   374.334738     2.379241    71.009170    41.512739    29.496431    34.423043    34.650323          0.0   226.121199   281.075125          0.0    18.932303          0.0
      2009.0     6.813238   381.397422   256.229457   373.533967     2.659469    70.323840    40.975055    29.348785    34.333597    33.532825          0.0   226.204006   281.286520          0.0    19.666517          0.0
      2010.0     6.670341   383.378392   255.688806   372.711479     2.748515    69.921166    41.031701    28.889464    33.652572    32.830083          0.0   226.130243   281.064915          0.0    20.667428          0.0
      2011.0     6.662777   384.629359   256.102947   372.798142     2.523843    72.217934    42.631474    29.586460    34.042842    34.129506          0.0   226.143349   281.151472          0.0    20.574029          0.0
      2012.0     5.262431   387.241339   255.735175   372.941242     2.809766    68.510296    39.813235    28.697061    34.426365    34.569464          0.0   226.271515   281.304636          0.0    17.420084          0.0
      2013.0     8.629679   390.182908   254.474454   371.398250     2.764430    70.800750    41.324784    29.475966    34.300871    32.757879          0.0   226.365101   281.661919          0.0    21.774250          0.0
      2014.0     6.498358   391.308039   255.246468   371.649005     2.468314    72.623729    42.714289    29.909439    33.420037    33.670792          0.0   226.160898   281.158121          0.0    20.752593          0.0
      2015.0     7.916855   393.374377   255.450764   372.437167     2.446475    73.004777    43.108796    29.895982    34.292672    35.080834          0.0   226.224751   281.333807          0.0    20.366368          0.0
      2016.0     7.173220   395.410654   256.107818   372.933460     2.594236    72.635398    42.902386    29.733012    34.902746    35.399040          0.0   226.254984   281.272395          0.0    19.494345          0.0
      2017.0     8.894641   398.758101   255.847685   372.201610     2.751055    70.891204    41.426562    29.464641    34.669458    33.937608          0.0   226.395657   281.573825          0.0    19.847948          0.0
      2018.0    10.214686   401.029875   256.606991   371.986676     2.763676    73.633277    43.786652    29.846625    33.956796    33.741862          0.0   226.259348   281.329040          0.0    21.957844          0.0
      2019.0     8.322859   402.789561   258.310421   372.991468     2.757693    75.165511    44.602153    30.563359    34.656390    35.661182          0.0   226.318357   281.452799          0.0    20.334489          0.0
      2020.0     9.798577   406.139318   258.895569   373.068507     3.054838    73.140391    43.068033    30.072358    35.422871    35.499910          0.0   226.474075   281.688456          0.0    19.606391          0.0
      2021.0     9.975618   409.607709   259.084548   372.290974     3.297459    72.674857    42.605242    30.069615    35.310872    34.533339          0.0   226.578874   282.027616          0.0    20.372410          0.0
      2022.0    10.478237   411.863409   260.348435   371.714799     3.085711    74.886982    44.474167    30.412815    34.356730    33.780555          0.0   226.425103   281.602704          0.0    22.328458          0.0
      2023.0     9.693007   413.837597   262.235899   372.485034     2.839309    77.220822    45.903579    31.317243    35.050851    35.821085          0.0   226.387165   281.587004          0.0    21.583897          0.0
      2024.0    10.121884   416.847557   263.110264   373.210266     2.947828    75.487527    44.646716    30.840810    35.546298    36.271531          0.0   226.424852   281.764508          0.0    20.629236          0.0
      2025.0     9.708281   419.829303   264.285323   373.082599     3.067426    74.705858    44.078786    30.627071    35.939050    35.811383          0.0   226.556132   281.993396          0.0    20.039272          0.0
      2026.0    10.660491   422.917280   264.630496   372.509507     3.310691    74.580228    44.046445    30.533783    35.501532    34.928440          0.0   226.554684   281.886889          0.0    21.618495          0.0
      2027.0     8.895088   424.592089   266.231837   372.988728     3.179885    75.889489    45.105205    30.784284    35.147094    35.626316          0.0   226.438311   281.700447          0.0    21.122976          0.0
      2028.0    10.519418   426.964139   267.425739   373.573047     3.118938    77.221229    46.173040    31.048189    36.126436    36.710755          0.0   226.482612   281.790777          0.0    21.746883          0.0
      2029.0     9.036623   429.848363   268.184077   373.581023     3.282032    75.809997    45.001172    30.808825    36.292037    36.300012          0.0   226.612485   281.999885          0.0    21.176515          0.0
      2030.0     9.508192   432.396072   269.240073   373.033944     3.223661    76.406978    45.270862    31.136116    36.337469    35.790391          0.0   226.580560   281.864820          0.0    21.684455          0.0
      2031.0     9.869304   434.850977   270.021984   372.758975     3.352181    76.357918    45.571187    30.786730    36.163548    35.888579          0.0   226.583998   281.998120          0.0    22.160871          0.0
      2032.0     9.349898   436.487804   271.628409   373.099982     3.135232    78.032066    46.638451    31.393615    35.645746    35.986753          0.0   226.513935   281.853834          0.0    22.616065          0.0
      2033.0     8.042668   438.450975   273.050779   374.289290     3.058746    77.567159    45.843340    31.723818    36.683244    37.872552          0.0   226.655782   282.068733          0.0    20.063262          0.0
      2034.0    11.021196   441.109781   273.761208   374.259790     3.200566    79.474617    47.375810    32.098807    36.904170    36.874670          0.0   226.673466   282.165225          0.0    23.608111          0.0
      2035.0     9.186654   442.881090   274.909491   374.982542     3.128769    79.703079    47.818740    31.884339    36.725444    37.448196          0.0   226.522913   281.790018          0.0    23.165438          0.0
      2036.0     7.876159   444.826244   275.991411   375.845561     3.038679    78.304804    46.587015    31.717789    37.130053    37.993072          0.0   226.559099   281.731750          0.0    21.269523          0.0
      2037.0     9.811991   447.200742   276.386898   375.863051     3.276232    79.262051    47.331841    31.930210    37.442286    37.459777          0.0   226.670922   282.167430          0.0    23.233428          0.0
      2038.0     7.739492   448.401516   278.133870   376.517649     3.027666    80.888325    48.435147    32.453177    37.045188    37.699786          0.0   226.586737   281.974933          0.0    23.145700          0.0
      2039.0     8.950293   450.297642   279.000734   377.333539     2.945423    80.712206    48.282808    32.429399    37.375669    38.191559          0.0   226.587323   281.993697          0.0    23.342184          0.0
      2040.0     8.972974   451.566661   280.902966   378.079359     2.984115    82.562861    49.619497    32.943364    37.825190    38.571010          0.0   226.548952   281.863386          0.0    23.629953          0.0
      2041.0     7.071764   453.306355   282.324665   378.860303     2.962363    80.800940    48.020406    32.780534    38.401646    39.182589          0.0   226.697154   282.176424          0.0    21.611851          0.0
      2042.0     8.645606   456.023883   281.999426   378.380807     3.095380    78.086997    46.716164    31.370832    37.787053    37.307558          0.0   226.689303   282.078337          0.0    23.367034          0.0
      2043.0     7.890792   457.037199   283.455522   378.200415     2.858487    81.380762    48.822215    32.558547    37.582677    37.402285          0.0   226.703122   282.163856          0.0    24.133844          0.0
      2044.0     6.252411   457.657715   285.447816   379.231231     2.802983    81.537243    48.851995    32.685248    37.623293    38.654109          0.0   226.582748   281.919211          0.0    22.637185          0.0
      2045.0     7.749432   459.386299   286.305594   379.794541     2.759773    80.637635    48.294878    32.342757    38.036767    38.600077          0.0   226.649116   282.049647          0.0    22.950186          0.0
      2046.0     6.054825   460.949314   287.044083   380.006788     2.962486    79.867308    47.504155    32.363153    38.272261    38.484508          0.0   226.735047   282.302688          0.0    22.246790          0.0
      2047.0     7.865697   462.234521   287.674187   379.836290     2.891905    81.021860    48.632209    32.389651    37.770469    37.599970          0.0   226.663042   282.099746          0.0    24.540569          0.0
      2048.0     5.218677   462.967403   288.672720   380.685828     2.793407    79.429421    47.327803    32.101618    37.687739    38.537276          0.0   226.645087   281.998836          0.0    21.758239          0.0
      2049.0     6.213477   464.287917   289.268896   380.910977     2.729190    79.837993    47.428452    32.409540    38.136745    38.361895          0.0   226.756573   282.304120          0.0    22.383155          0.0
      2050.0     6.815705   464.978201   290.238287   381.157574     2.759261    82.066873    49.238436    32.828437    38.032160    38.278757          0.0   226.684303   282.207774          0.0    24.278512          0.0
      2051.0     5.126619   465.429291   291.554767   382.141950     2.532132    81.506693    48.719685    32.787007    38.257490    39.241866          0.0   226.693587   282.168958          0.0    22.508979          0.0
      2052.0     6.854517   466.516777   292.175573   382.732913     2.676351    83.242522    50.021078    33.221444    38.892302    39.483265          0.0   226.695607   282.157305          0.0    24.471057          0.0
      2053.0     5.562231   467.033969   293.594025   383.462726     2.532936    82.511687    49.426871    33.084816    38.335268    39.065081          0.0   226.644058   282.096839          0.0    23.464916          0.0
      2054.0     4.687411   468.057355   294.354060   383.992861     2.582927    80.181284    47.891361    32.289923    38.667375    39.197511          0.0   226.725266   282.120998          0.0    22.087943          0.0
      2055.0     5.124212   469.369316   294.583296   383.430103     2.606272    80.720084    48.229465    32.490620    38.865270    38.302511          0.0   226.812809   282.411013          0.0    23.785027          0.0
      2056.0     5.082755   469.488651   295.673912   383.317716     2.430602    83.176024    49.890496    33.285528    38.825182    38.712795          0.0   226.769519   282.219419          0.0    24.570777          0.0
      2057.0     5.330812   469.494071   297.088652   383.949055     2.156712    83.920421    50.363770    33.556650    38.335378    38.966717          0.0   226.691633   282.134287          0.0    24.565935          0.0
      2058.0     5.140393   469.272815   299.055607   385.540800     2.068936    85.719139    51.577623    34.141516    38.947759    40.539504          0.0   226.597495   282.003839          0.0    24.187734          0.0
      2059.0     4.871300   469.463516   300.709978   387.285442     2.056262    86.112012    51.594976    34.517036    39.583205    41.327848          0.0   226.658958   282.116880          0.0    23.785082          0.0
      2060.0     4.595995   470.687401   301.028817   388.119514     2.190483    84.010875    50.079043    33.931832    40.158183    40.992255          0.0   226.788762   282.182461          0.0    23.559086          0.0
      2061.0     4.497122   471.970136   300.485940   387.735747     2.314820    81.721701    48.561216    33.160485    39.740458    39.356692          0.0   226.831759   282.396269          0.0    23.937819          0.0
      2062.0     3.538523   471.726607   301.544150   387.657417     2.155735    84.015739    50.310538    33.705201    39.280264    39.201934          0.0   226.729319   282.292199          0.0    24.644670          0.0
      2063.0     3.280620   471.355752   302.615190   388.405152     1.907961    84.176838    50.583094    33.593744    39.201854    39.949588          0.0   226.684727   282.132376          0.0    24.309152          0.0
      2064.0     4.521149   471.225875   304.031766   389.178736     1.853391    85.147168    51.370283    33.776885    39.361275    40.134860          0.0   226.676263   282.106812          0.0    24.794059          0.0
      2065.0     4.052155   471.136034   305.373020   390.445532     1.921083    84.938358    50.983908    33.954450    39.738435    41.005230          0.0   226.704954   282.136018          0.0    23.596633          0.0
      2066.0     3.354216   471.543555   306.086004   391.232731     2.051801    84.159306    50.081390    34.077916    40.223986    41.011185          0.0   226.821841   282.413817          0.0    23.091642          0.0
      2067.0     4.408413   471.373383   307.031115   391.886402     2.019665    86.060576    51.708893    34.351682    40.103481    40.757153          0.0   226.729425   282.179560          0.0    25.054158          0.0
      2068.0     2.369878   471.513936   307.691337   392.701535     1.850755    83.563000    49.790432    33.772568    39.845464    40.660596          0.0   226.817741   282.371495          0.0    23.142641          0.0
      2069.0     3.028149   471.985023   307.453953   393.052618     1.960460    81.864720    48.827679    33.037041    39.829038    40.180121          0.0   226.844361   282.434243          0.0    23.240099          0.0
      2070.0     3.923196   471.552312   308.205203   393.304529     1.855046    85.323485    51.118905    34.204580    39.539986    39.791897          0.0   226.771379   282.191413          0.0    25.393483          0.0
      2071.0     1.334472   470.762499   309.333347   394.737280     1.824032    84.422236    50.578563    33.843673    39.673666    41.106417          0.0   226.709798   282.053920          0.0    23.191045          0.0
      2072.0     4.008279   470.553597   310.258101   395.508956     1.637176    86.386872    51.811843    34.575029    40.002554    40.774230          0.0   226.729785   282.079524          0.0    25.191178          0.0
      2073.0     2.258349   470.142803   311.365461   396.751055     1.631820    85.166623    51.076062    34.090561    40.093925    41.336024          0.0   226.658704   282.142631          0.0    23.685382          0.0
      2074.0     3.079720   470.271854   311.976259   397.223469     1.647833    85.128985    51.076028    34.052957    40.274443    40.746857          0.0   226.685479   282.123663          0.0    24.613396          0.0
      2075.0     1.981406   469.972782   312.781133   397.439320     1.559211    84.349625    50.667092    33.682533    39.888924    40.104774          0.0   226.646651   282.130337          0.0    24.580648          0.0
      2076.0     1.804173   469.089329   313.940402   398.223642     1.427635    85.593768    51.370494    34.223273    39.986526    40.770849          0.0   226.571655   281.936060          0.0    24.526022          0.0
      2077.0     0.604751   469.166068   314.020578   398.875526     1.592396    82.726365    49.331931    33.394434    40.575582    41.227466          0.0   226.772116   282.290853          0.0    22.542933          0.0
      2078.0     1.956129   469.590224   313.302202   398.034092     1.637521    81.622738    48.400753    33.221986    39.903655    39.062222          0.0   226.893313   282.543784          0.0    24.226946          0.0
      2079.0     0.266494   468.243452   314.276025   397.795400     1.494615    83.197402    50.024631    33.172771    39.406945    39.168253          0.0   226.717988   282.152670          0.0    24.412307          0.0
      2080.0    -0.052990   467.396704   314.678187   398.152143     1.341756    82.649642    49.388101    33.261541    39.642912    39.999655          0.0   226.787638   282.298527          0.0    23.460354          0.0
      2081.0     0.697039   466.582147   315.226475   398.401548     1.482653    81.960710    49.019444    32.941266    39.221354    39.470760          0.0   226.693944   282.073287          0.0    23.321511          0.0
      2082.0    -0.178397   465.910764   315.457111   398.498168     1.302658    82.185277    48.894207    33.291071    39.970085    40.066705          0.0   226.870640   282.330014          0.0    22.907106          0.0
      2083.0     0.260054   465.416577   315.254135   398.287449     1.071456    81.608708    48.715206    32.893503    39.216494    39.005776          0.0   226.767136   282.263960          0.0    24.055267          0.0
      2084.0     1.062542   463.218732   317.552059   398.958769     0.860599    87.261969    52.526657    34.735312    38.973312    39.644632          0.0   226.605581   282.051989          0.0    25.806636          0.0
      2085.0    -1.061289   461.740646   318.703303   401.335675     0.865572    85.642047    51.230784    34.411264    40.113050    42.489955          0.0   226.670347   282.071462          0.0    22.731062          0.0
      2086.0     0.959309   462.333084   317.659014   401.461385     1.307148    81.340768    48.422821    32.917947    40.467374    40.593084          0.0   226.804845   282.349651          0.0    22.958369          0.0
      2087.0     0.432621   461.355076   318.467757   400.580410     1.124579    83.038339    49.780951    33.257388    39.565236    38.684261          0.0   226.714043   282.154510          0.0    24.768831          0.0
      2088.0    -1.100486   459.828503   319.330530   401.126964     0.947775    82.972263    49.510740    33.461524    39.401053    39.947608          0.0   226.731977   282.146571          0.0    23.190959          0.0
      2089.0    -0.526111   458.785979   319.828904   401.623616     1.063113    83.134605    49.479794    33.654811    39.637309    40.133961          0.0   226.750710   282.245968          0.0    23.349303          0.0
      2090.0    -1.509838   458.079064   319.420683   402.005485     0.886261    80.666161    47.823716    32.842444    39.375419    39.757288          0.0   226.757364   282.218691          0.0    22.533454          0.0
      2091.0    -0.550780   456.877172   319.872943   401.890089     0.898352    83.020040    49.499509    33.520531    39.256808    39.141412          0.0   226.702140   282.271566          0.0    24.304619          0.0
      2092.0    -1.615929   455.509546   320.256713   402.421550     0.922374    82.203792    48.929030    33.274762    39.580929    40.112391          0.0   226.721845   282.163021          0.0    22.757438          0.0
      2093.0    -0.761028   454.783063   320.042316   402.219064     0.934217    82.081579    48.786918    33.294661    39.148898    38.946411          0.0   226.699851   282.144280          0.0    24.310564          0.0
      2094.0    -0.007857   452.943116   321.101034   402.538383     0.722045    84.472541    50.698741    33.773800    39.076953    39.396272          0.0   226.624850   282.055654          0.0    24.936850          0.0
      2095.0    -1.426809   451.417273   321.842804   404.047066     0.576993    82.857628    49.483004    33.374624    39.205944    40.714627          0.0   226.521119   281.827756          0.0    22.558155          0.0
      2096.0    -0.158419   450.483491   322.030189   405.233775     0.778185    82.378811    49.031294    33.347518    39.310578    40.497288          0.0   226.564224   281.834995          0.0    22.716436          0.0
      2097.0    -1.280234   449.910077   321.509259   405.952799     0.686877    81.311123    48.183981    33.127143    40.062433    40.781456          0.0   226.761763   282.252600          0.0    22.130048          0.0
      2098.0    -1.364216   449.105500   321.431489   405.532199     0.662673    82.060897    48.907357    33.153540    39.350821    38.930222          0.0   226.667863   281.996411          0.0    24.308574          0.0
      2099.0    -2.311609   447.914981   321.431501   405.507680     0.680003    81.174095    48.089096    33.084999    39.426984    39.402465          0.0   226.671502   282.124791          0.0    22.821962          0.0
      2100.0    -0.697062   447.041319   321.914478   405.181731     0.749214    80.305265    47.644222    32.661043    38.723637    38.397688          0.0   226.675731   281.962299          0.0    22.768046          0.0