        time     emission          CO2         cveg        csoil        fgco2         fgpp         fnpp           ra          frh     fvegsoil         fluc          tas     tas_land        cprod     fcvegout    fcsoilout
      1850.0    -0.274891   285.015034   545.450655  1980.685713    -0.278520    95.202908    37.961730    57.241177    36.603935    37.081178     0.028763   286.920497   281.691854     2.969004     0.597143     0.689355
      1851.0     0.244650   285.148844   545.257807  1980.636088    -0.174248    96.945004    39.074294    57.870710    37.070083    37.474536     0.188004   286.964653   281.757393     5.699495     1.792606     0.454079
      1852.0    -0.713995   285.292624   544.588701  1980.748948    -0.185674    95.698785    38.281115    57.417669    36.918980    37.429760     0.217657   287.047929   281.846264     7.943914     1.520461     0.397919
      1853.0    -0.277900   285.424814   543.868596  1980.649848    -0.213868    96.709868    38.905840    57.804028    37.330570    37.313264     0.240841   287.024706   281.857901     9.742354     2.312681     0.081794
      1854.0    -0.189207   285.539022   543.488564  1980.721960    -0.077711    96.708074    38.835994    57.872080    36.880172    37.719535     0.259717   286.930843   281.716335    11.337529     1.496491     0.767250
      1855.0    -0.613185   285.638215   542.586040  1980.934425    -0.059832    96.020335    38.448147    57.572188    36.679002    37.478252     0.275521   287.045404   281.740480    12.692865     1.872418     0.586785
      1856.0    -0.363621   285.752035   541.673207  1980.930894     0.020866    95.225667    38.335494    56.890173    36.649594    37.068204     0.287511   287.095444   281.975335    13.831986     2.180123     0.422142
      1857.0     0.020603   285.904021   541.173416  1981.066548     0.119239    96.256621    38.899750    57.356871    36.774926    37.499675     0.297113   287.006896   281.811413    14.957952     1.899865     0.589094
      1858.0    -0.832680   286.069966   539.844325  1981.645363     0.095451    95.106773    37.553041    57.553732    36.179628    37.538095     0.304260   287.188712   281.975627    15.825027     1.344038     0.779652
      1859.0    -0.931828   286.248010   537.899483  1981.765353     0.093323    95.933305    38.439199    57.494106    37.416058    37.409751     0.310254   287.257632   282.285852    16.710178     2.974289    -0.126297
      1860.0     0.214297   286.440534   537.873811  1980.922525     0.210622    97.416336    39.294536    58.121801    37.479533    37.485925     0.316064   287.046236   281.897369    17.503447     1.834282     0.849219
      1861.0    -0.577284   286.631073   537.004420  1981.039241     0.037303    95.669695    38.069651    57.600044    36.685192    37.387017     0.291210   287.181249   282.244882    18.135260     1.552024     0.585110
      1862.0     0.468566   286.801930   536.334088  1980.974028     0.041014    96.884453    39.248508    57.635945    37.189685    37.131586     0.293178   286.818121   281.450878    18.709314     2.787255     0.007114
      1863.0     0.735164   286.972957   537.163450  1980.469182     0.003161    98.637377    39.914806    58.722571    37.202380    37.422179     0.295249   286.858243   281.600414    19.258133     1.663266     0.724644
      1864.0    -0.128333   287.144482   537.393230  1980.381947    -0.012492    97.608318    38.898130    58.710188    37.100093    37.909715     0.297099   287.068272   281.733170    19.802094     0.758635     0.896857
      1865.0    -0.624774   287.316115   536.354986  1980.479543    -0.081895    97.199642    38.866026    58.333616    37.592366    37.493635     0.297969   287.205420   281.998458    20.286100     2.410635    -0.196327
      1866.0    -0.114690   287.485043   536.055710  1980.161785    -0.088555    96.923225    38.957464    57.965762    37.085404    37.464838     0.299083   287.049064   281.928121    20.744902     1.791901     0.697191
      1867.0     0.455122   287.655116   535.850772  1980.162368     0.003181    97.280976    38.946950    58.334026    36.845797    37.767263     0.299856   287.021245   281.760959    21.193092     1.384626     0.920883
      1868.0    -0.599845   287.803513   535.244499  1980.424495    -0.077400    97.422154    38.538771    58.883383    36.977016    37.445896     0.300351   287.230892   282.234128    21.746618     1.699147     0.206754
      1869.0    -0.240513   287.928433   534.394435  1980.332332     0.039869    96.453535    38.803222    57.650313    36.981387    37.376833     0.301573   287.190592   282.103036    22.082043     2.276453     0.487609
      1870.0    -0.408693   288.059078   534.104218  1980.200107     0.075816    96.713065    38.492296    58.220769    37.005091    37.503151     0.301861   287.204395   282.091471    22.538736     1.279363     0.630285
      1871.0    -0.448938   288.202068   533.123803  1980.014803    -0.012795    97.696593    39.210218    58.486376    37.595822    37.119760     0.378698   287.319172   282.511833    23.370539     3.070873    -0.290759
      1872.0     0.398847   288.373008   533.320641  1979.504120     0.115913    97.978317    39.558786    58.419531    36.903988    37.795058     0.385115   287.047989   281.931568    24.090361     1.566890     1.401753
      1873.0    -0.408183   288.567537   532.331107  1980.069322     0.246064    96.666567    38.361847    58.304720    36.731212    37.814214     0.389191   287.291903   282.203220    24.788950     1.537167     0.517801
      1874.0    -0.224862   288.772790   531.347021  1979.857608     0.026201    97.606531    39.308901    58.297630    37.684746    37.140396     0.392810   287.295776   282.239359    25.430189     3.152591    -0.332636
      1875.0     0.616179   289.000189   531.793816  1979.235166     0.054053   100.442971    40.482726    59.960245    37.691269    37.968602     0.397231   287.190092   282.279315    26.039585     2.067329     0.899774
      1876.0    -0.038543   289.230287   531.561740  1979.265599     0.108447    98.792210    39.082210    59.710000    37.070175    38.209395     0.400045   287.313302   282.270221    26.595613     1.104891     1.108787
      1877.0    -0.606206   289.463969   530.075042  1979.570490     0.072168    97.639552    38.911901    58.727651    37.574634    37.668283     0.401284   287.332824   282.325548    27.163952     2.730316    -0.211242
      1878.0     0.562618   289.702523   529.745743  1979.131865     0.025867    98.443960    39.894424    58.549535    37.434207    37.692919     0.404351   287.076925   281.934870    27.631945     2.530805     0.697338
      1879.0    -0.081865   289.935477   529.616410  1979.299037     0.070882    97.783177    38.919521    58.863656    36.737558    37.974845     0.406352   287.219567   282.130394    28.172789     1.074009     1.070115
      1880.0    -0.721611   290.185656   527.897141  1979.701705     0.116085    95.893974    38.142273    57.751701    36.796966    37.613046     0.407435   287.422301   282.455096    28.773949     2.248496     0.413412
      1881.0    -0.337650   290.453569   526.822672  1979.532458     0.175494    97.335782    39.071449    58.264333    37.427133    37.199486     0.406865   287.427760   282.374043    29.122705     2.946432    -0.058401
      1882.0    -0.763484   290.729200   526.122669  1979.064771     0.206246    96.399762    38.507629    57.892133    37.118796    37.831755     0.407388   287.451106   282.412335    29.571573     1.375878     1.180646
      1883.0    -0.736017   290.978438   524.451812  1978.893866     0.182231    95.347702    38.240930    57.106772    36.970002    36.833829     0.408747   287.464663   282.390557    30.067377     3.077958     0.034732
      1884.0     0.745163   291.232801   524.021919  1978.503116     0.332181    97.008208    39.390328    57.617880    36.525862    37.044402     0.410389   287.085997   281.917992    30.468792     2.775818     0.909290
      1885.0     0.840159   291.517328   524.181575  1978.240303     0.328856    97.470549    39.403710    58.066839    37.006830    37.225533     0.411749   286.983961   281.669714    30.857256     2.018521     0.481516
      1886.0     0.637233   291.820849   524.104834  1978.264159     0.289562    96.794374    38.722288    58.072087    36.579019    37.137899     0.414024   287.009358   281.675949    31.229195     1.661129     0.535025
      1887.0     0.505506   292.139735   523.459011  1978.504581     0.227702    98.020568    39.099993    58.920575    36.925175    37.394266     0.415344   287.079442   281.960213    31.717787     2.351551     0.228668
      1888.0     0.578802   292.486002   523.355759  1978.155773     0.349348    98.009756    39.097210    58.912546    37.022670    37.465334     0.417760   287.062164   281.735697    32.106953     1.735128     0.791472
      1889.0     0.998501   292.836075   522.968632  1978.063650     0.270912    98.519888    39.446240    59.073648    36.924258    37.423137     0.418817   287.303889   282.298402    32.528217     2.410231     0.591001
      1890.0     0.439315   293.184243   522.522305  1978.240564     0.315811    97.647034    39.019633    58.627401    37.031268    37.473192     0.420953   287.130534   281.907307    32.970390     1.992768     0.265011
      1891.0     0.442751   293.540856   521.765934  1978.287659     0.413557    98.502560    39.290536    59.212024    36.975895    37.643058     0.475001   287.327317   282.317257    33.753429     2.403849     0.620068
      1892.0     0.090363   293.887316   521.101730  1978.050777     0.365729    97.133493    38.881090    58.252403    36.930444    37.187389     0.479603   287.411175   282.340512    34.459415     2.357905     0.493827
      1893.0     0.173571   294.202925   520.230386  1977.748515     0.433717    97.538188    38.958658    58.579530    37.072806    37.390946     0.483567   287.523162   282.595112    35.040775     2.439056     0.620402
      1894.0     0.026565   294.513346   519.201963  1977.852075     0.390730    96.511898    38.737363    57.774536    36.875071    37.228908     0.487661   287.311070   282.292789    35.537285     2.536878     0.250276
      1895.0     1.261590   294.804404   519.639660  1977.002458     0.327010    99.734173    40.559653    59.174520    37.741750    37.364894     0.490267   287.144487   282.005940    36.119114     2.757062     0.472763
      1896.0     0.495243   295.090732   519.741595  1977.047542     0.294238    98.308113    38.988421    59.319691    36.504730    38.141860     0.493941   287.254068   282.250140    36.690556     0.744625     1.592046
      1897.0    -0.364782   295.376825   518.422806  1977.475371     0.264227    97.710583    39.032485    58.678098    37.084824    37.483109     0.495367   287.243548   282.244266    37.258423     2.868165    -0.029543
      1898.0     0.646119   295.688444   517.747580  1977.081209     0.226190    98.999681    40.223628    58.776054    37.658833    37.392731     0.497363   287.085573   282.004312    37.822239     3.506122     0.128060
      1899.0     1.395407   296.035672   518.353037  1976.553654     0.345214   100.067531    40.327529    59.740002    37.426202    37.812128     0.500432   287.195334   282.085812    38.231728     1.909944     0.913481
      1900.0    -0.049448   296.402136   518.050054  1976.726896     0.262196    97.944285    38.754309    59.189977    36.724260    37.866705     0.501978   287.290696   282.237715    38.651241     1.190586     0.969203
      1901.0     0.351623   296.737347   516.380620  1977.065984     0.418453    98.429247    39.318357    59.110890    37.290119    37.521328     0.537470   287.284402   282.313439    39.399635     3.466462    -0.107879
      1902.0     0.268440   297.059186   515.972888  1976.689728     0.214147    98.997174    39.947762    59.049412    37.462602    37.741912     0.542124   287.079393   281.982203    40.083447     2.613582     0.655565
      1903.0     1.108476   297.383644   515.762065  1976.605827     0.477359    99.545582    39.817967    59.727615    36.802901    37.690749     0.545942   286.918187   281.617699    40.766747     2.338042     0.971750
      1904.0    -0.063235   297.692461   514.919700  1976.764106     0.366532    98.365394    39.042652    59.322742    37.062936    37.387066     0.550257   287.105523   281.957058    41.299339     2.497951     0.165852
      1905.0     0.869201   298.030257   514.305897  1976.638986     0.269455    99.549508    39.698526    59.850982    36.823783    37.365997     0.553698   287.084565   281.891575    41.885914     2.946331     0.667335
      1906.0     0.493123   298.409496   513.843652  1976.744655     0.277438    98.280026    39.342877    58.937150    36.747205    37.485168     0.557267   287.159983   282.065101    42.434765     2.319955     0.632293
      1907.0     0.763272   298.837743   513.120396  1976.924086     0.413323    98.242536    39.264045    58.978491    36.750198    37.728492     0.559249   287.180222   281.916193    42.893860     2.258809     0.798863
      1908.0     0.442265   299.260052   512.174977  1976.921091     0.395130    98.563839    39.620057    58.943782    37.412897    37.438345     0.561174   287.287576   282.218839    43.427822     3.127130     0.028443
      1909.0     1.107661   299.682663   512.279399  1976.305709     0.396067    99.335841    40.346473    58.989369    37.579240    37.532894     0.565686   287.206149   282.109321    44.091984     2.709157     0.569037
      1910.0     0.601021   300.123892   512.255029  1976.139196     0.418375    98.992641    39.666648    59.325993    37.200253    37.869296     0.569375   287.213987   282.146759    44.575207     1.821722     0.835555
      1911.0     0.828455   300.586566   511.299224  1976.230014     0.457653    98.789580    39.733105    59.056476    37.068957    37.622306     0.558579   287.233208   282.065091    44.998127     3.066604     0.462531
      1912.0     2.031533   301.109068   511.598143  1975.727299     0.499931   100.627956    40.761920    59.866036    37.307391    37.946346     0.561061   287.202450   282.181924    45.555721     2.516655     1.141670
      1913.0     1.052976   301.656835   511.119852  1976.117484     0.631288    99.799319    39.566773    60.232546    37.202515    37.681844     0.564974   287.129791   281.948912    45.936054     2.363220     0.089144
      1914.0     0.934575   302.173531   510.273434  1976.131744     0.528634    98.967009    39.599069    59.367940    37.018018    37.603693     0.566123   287.279600   282.289986    46.448376     2.841793     0.571415
      1915.0     1.443122   302.696156   509.991958  1976.004767     0.513493    99.118525    40.129925    58.988600    36.926603    37.826234     0.568137   287.073642   281.919874    46.755177     2.585168     1.026609
      1916.0     1.601986   303.239208   509.875962  1976.096623     0.439444   100.488504    40.213648    60.274856    36.967542    37.828783     0.569704   287.187048   282.132815    47.116524     2.500860     0.769384
      1917.0     1.250537   303.755872   509.304602  1976.341504     0.527222   100.417348    39.815263    60.602084    37.181239    37.659994     0.572016   287.236526   282.055254    47.484589     2.726629     0.233875
      1918.0     0.250524   304.193307   508.399158  1976.357035     0.464985    99.325772    39.568733    59.757039    37.278837    37.760668     0.573569   287.467739   282.506861    47.866741     2.713510     0.466299
      1919.0     1.256131   304.576654   507.973000  1976.102785     0.542359    99.190745    39.969458    59.221287    37.045982    37.377368     0.575366   287.335310   282.114336    48.173592     3.018248     0.585636
      1920.0     1.379656   304.991228   508.166451  1975.898149     0.599327   100.627625    40.317786    60.309838    37.206912    37.755278     0.578364   287.422278   282.423009    48.696911     2.369057     0.753001
      1921.0     0.359508   305.352828   507.831557  1975.775434     0.539093    99.745714    40.315385    59.430329    37.719737    37.930416     0.627959   287.354236   282.373485    49.457657     2.719863     0.333394
      1922.0     1.516484   305.696920   507.846699  1975.190528     0.633783   102.178590    41.331767    60.846824    37.716102    38.124122     0.633017   287.391331   282.513476    49.961597     3.192503     0.992926
      1923.0     0.456919   306.030402   507.416365  1975.258574     0.541068   100.699329    40.231639    60.467690    37.511432    38.256476     0.637363   287.330966   282.141254    50.535748     2.405497     0.676999
      1924.0    -0.369238   306.360961   506.319680  1975.380207     0.558873    99.108766    39.257501    59.851265    37.026434    38.185970     0.642238   287.331196   282.251648    51.124733     2.168216     1.037903
      1925.0     0.385930   306.556641   504.680392  1975.338087     0.648010   100.302120    40.160910    60.141211    37.432499    37.745554     0.643625   287.437073   282.337570    51.634422     4.054644     0.355175
      1926.0    -0.340628   306.714252   503.941226  1975.310235     0.583671    98.400570    39.266289    59.134282    36.938601    37.830081     0.646486   287.562931   282.515594    52.174950     2.175373     0.919332
      1927.0     1.138754   306.918960   503.022385  1975.397420     0.699410   100.525281    40.519531    60.005750    37.255540    37.721254     0.650166   287.270007   282.041653    52.698334     3.717118     0.378529
      1928.0     0.450471   307.080858   502.906433  1975.329509     0.704696   100.943274    40.173595    60.769678    37.322665    37.996130     0.654005   287.353482   282.334587    53.172359     2.293418     0.741376
      1929.0     0.732031   307.239708   502.258369  1975.354661     0.621328    99.913274    40.048447    59.864827    37.007037    37.770117     0.657472   287.333474   282.268201    53.710125     2.926395     0.737928
      1930.0     0.206631   307.380655   502.049317  1975.245857     0.467844   100.748958    40.668197    60.080761    37.605880    37.965921     0.661538   287.212496   282.090276    54.277969     2.911328     0.468846
      1931.0     0.110959   307.585229   501.604244  1974.779406     0.613917   100.714009    40.562148    60.151861    37.777120    37.681908     0.748826   287.237391   282.239337    55.393845     3.325313     0.371238
      1932.0     0.224491   307.855303   500.984091  1974.518598     0.515647   100.354290    40.184628    60.169662    37.270303    37.978405     0.759162   287.279322   282.180613    56.273167     2.826377     0.968910
      1933.0     1.342301   308.171932   500.539000  1974.333357     0.550092   101.791910    41.216990    60.574920    37.803353    38.019726     0.766815   287.270511   282.265474    56.921463     3.642354     0.401614
      1934.0     1.006400   308.556826   500.532394  1974.286516     0.512465   102.197233    40.808578    61.388655    37.546713    38.037006     0.775973   287.213113   282.095486    57.766270     2.778178     0.537133
      1935.0     1.265614   309.044164   500.269727  1974.147988     0.721546   102.435356    40.792915    61.642442    37.797089    38.375479     0.783681   287.377133   282.396647    58.474670     2.680102     0.716918
      1936.0     1.796371   309.790591   499.454114  1974.188986     0.674282   101.183295    40.837220    60.346075    37.819103    38.040266     0.790558   287.280649   282.313130    59.114231     3.612566     0.180165
      1937.0     1.377550   310.515237   499.098345  1974.155748     0.636363   101.122534    40.571858    60.550676    37.555430    38.369108     0.797183   287.192030   282.069134    59.646957     2.558520     0.846916
      1938.0     1.274257   311.073726   498.130701  1974.114713     0.554844   101.807366    40.887197    60.920168    37.760647    38.057389     0.800890   287.267519   282.284986    60.261368     3.797452     0.337777
      1939.0     1.410010   311.621617   498.109538  1973.852066     0.610069   101.822651    40.939722    60.882930    37.702347    38.141301     0.805478   287.208195   282.005706    60.867825     2.819584     0.701601
      1940.0     0.457757   312.126539   497.443506  1973.888109     0.554118   100.712678    40.114816    60.597862    37.364886    38.039100     0.809495   287.308395   282.262179    61.469242     2.741747     0.638170
      1941.0     1.280937   312.573309   496.391192  1973.727336     0.524537   101.590940    40.916097    60.674843    37.234108    38.022072     0.854531   287.249808   282.077471    62.088467     3.946339     0.948737
      1942.0     0.861484   312.923748   495.983456  1973.874488     0.554917   101.579429    40.700687    60.878742    37.182555    37.825621     0.862328   287.364486   282.387998    62.821056     3.282802     0.495914
      1943.0    -0.333991   313.128542   495.014755  1974.251891     0.523261   100.005395    39.689985    60.315410    36.829945    38.315597     0.869691   287.459998   282.442429    63.544209     2.343090     1.108249
      1944.0    -0.964011   313.164220   492.774100  1974.585122     0.650448    98.826040    39.824499    59.001541    37.286749    37.868349     0.875039   287.460289   282.427509    64.048790     4.196805     0.248369
      1945.0    -0.290472   313.146402   491.587587  1974.488822     0.624022    99.553108    39.991096    59.562012    36.986817    37.380047     0.880535   287.267020   282.179374    64.435379     3.797562     0.489530
      1946.0    -0.235667   313.161345   490.802195  1974.467627     0.521297    99.796332    39.973151    59.823181    37.046986    37.412921     0.885406   287.275700   282.182336    65.025642     3.345622     0.387131
      1947.0     0.724639   313.239369   491.184117  1973.679109     0.418948   102.284517    41.710425    60.574093    37.905216    37.676498     0.890736   287.170538   282.082618    65.526596     3.652004     0.559800
      1948.0     0.155943   313.291809   491.339379  1973.514054     0.375663   102.426251    41.099596    61.326656    37.634580    38.188969     0.898126   287.142705   281.856208    65.952156     2.755364     0.719444
      1949.0    -0.291148   313.406600   490.685338  1973.481504     0.318428   101.204020    40.465316    60.738705    37.485511    37.965229     0.902727   287.284419   282.195946    66.406960     3.154128     0.512268
      1950.0     0.345105   313.588668   490.224870  1973.341028     0.457617   102.072894    41.098373    60.974521    37.600837    38.189072     0.903278   287.296450   282.226016    66.869141     3.369768     0.728711
      1951.0    -0.126175   313.801466   489.297652  1973.224195     0.486999   101.123399    40.496615    60.626784    37.489024    37.777697     1.060332   287.307210   282.041711    67.773857     3.646136     0.405507
      1952.0    -0.027384   314.124997   488.236009  1973.115622     0.506040   100.839820    40.585081    60.254739    37.517443    38.005753     1.074122   287.541329   282.502706    68.812531     3.640971     0.596883
      1953.0    -0.035872   314.504400   486.384365  1973.495100     0.553705    99.579146    40.048368    59.530778    37.027220    38.005647     1.085445   287.427204   282.197266    69.696320     3.894365     0.598949
      1954.0     1.054509   314.866239   485.705622  1973.147446     0.627678   101.828610    41.435708    60.392902    37.866002    37.844459     1.096203   287.401629   282.262454    70.985527     4.269992     0.326111
      1955.0     0.372194   315.186098   485.175506  1972.825285     0.624434   101.277081    41.066122    60.210959    37.912954    37.965548     1.112214   287.425649   282.411758    72.083298     3.630689     0.374755
      1956.0    -0.216302   315.475193   484.255908  1972.727593     0.741014    98.691532    39.567267    59.124266    36.884648    37.985758     1.125838   287.372564   282.143205    73.255653     2.501107     1.198801
      1957.0     0.361399   315.777382   482.502830  1973.041317     0.581266   100.526327    40.744755    59.781572    37.474270    37.646823     1.136996   287.387327   282.375808    74.033554     4.851010    -0.141171
      1958.0     0.397379   316.141199   481.355530  1973.129921     0.664216   100.581269    40.881903    59.699366    37.434889    38.258698     1.148679   287.257295   282.173018    74.953743     3.770505     0.735205
      1959.0     1.285947   316.645296   480.640431  1972.820234     0.746067   100.574059    40.973426    59.600633    37.655196    37.731897     1.151504   287.327969   282.064396    75.974281     3.956628     0.386388
      1960.0     1.289240   317.407085   480.183500  1972.592436     0.607139   101.736642    41.183980    60.552662    38.037941    38.239428     1.146370   287.478609   282.382486    76.917213     3.401483     0.429285
      1961.0     1.731196   318.108292   479.992938  1972.395192     0.770185   102.504095    41.800282    60.703813    37.875501    38.558030     0.930176   287.359309   282.220882    76.565453     3.432813     0.879773
      1962.0     1.355114   318.827317   479.086730  1972.434638     0.722930   100.854823    40.774670    60.080152    37.589237    38.246152     0.919953   287.361160   282.164121    76.271042     3.434727     0.617469
      1963.0     0.910110   319.460472   478.017322  1972.775942     0.920924   101.010348    40.732998    60.277350    37.301142    38.397193     0.915636   287.477368   282.418737    76.305046     3.405213     0.754747
      1964.0     2.510506   320.107617   477.068722  1972.716955     0.919235   102.607009    41.847691    60.759318    37.648623    38.250633     0.907748   287.160083   281.897889    76.336433     4.545658     0.660997
      1965.0     1.560293   320.698139   476.824253  1972.978087     0.977215   100.523318    40.687546    59.835773    37.119655    38.178334     0.907691   287.104916   281.821930    76.779343     2.753681     0.797547
      1966.0     2.607002   321.635967   475.799695  1973.227129     0.689791   101.598893    41.343293    60.255600    37.539801    38.107449     0.904093   287.141962   282.024692    76.809219     4.260402     0.318605
      1967.0     2.372756   322.331194   475.949493  1973.361447     0.680602   102.772258    42.080796    60.691462    37.720831    38.461708     0.907067   286.935884   281.636207    77.086411     3.469290     0.606559
      1968.0     3.058397   323.203428   476.168949  1973.500967     0.636452   103.549513    42.080250    61.469263    37.566334    38.621309     0.904523   287.138747   282.003042    77.334145     3.239485     0.915455
      1969.0     2.592788   324.170918   475.542473  1974.153321     0.892523   101.657080    41.055036    60.602044    37.292536    38.619272     0.903423   287.265987   282.012716    77.564232     3.062239     0.674382
      1970.0     2.518806   325.502311   474.429719  1974.578288     0.913627   100.683411    40.807458    59.875953    37.942580    38.308957     0.901175   287.517846   282.398450    77.804153     3.611255    -0.058590
      1971.0     2.881640   326.411989   474.274687  1973.993112     1.036414   102.543498    42.356904    60.186594    38.183315    38.606850     0.907514   287.483089   282.479657    78.283447     3.905086     1.008712
      1972.0     5.340743   328.317200   473.588143  1974.324009     1.299528   100.865578    41.455026    59.410552    37.430083    38.323161     0.908490   287.503987   282.408420    78.686401     3.818409     0.562181
      1973.0     6.654571   330.567576   473.689565  1974.394148     1.540330   102.337349    42.131374    60.205975    37.917137    38.250349     0.910237   287.411980   282.174033    79.175331     3.779604     0.263073
      1974.0     4.209081   331.480662   474.436926  1974.467437     1.511521   104.637996    42.758192    61.879804    38.079640    39.148431     0.914153   287.374207   282.124711    79.960464     2.862400     0.995502
      1975.0     1.806540   331.727835   474.169472  1974.929530     1.309443   104.090865    42.677951    61.412914    38.414237    39.140280     0.916582   287.335462   282.114894    80.507553     3.805124     0.263950
      1976.0     4.214174   332.540700   474.291083  1975.213570     1.324731   105.839715    43.596098    62.243616    38.290102    39.031718     0.918093   287.245103   281.893272    80.737686     4.442770     0.457576
      1977.0     5.271671   334.217348   474.726192  1975.623636     1.335920   104.332889    42.726796    61.606093    38.195656    39.338920     0.923286   287.488220   282.213218    81.047462     2.952767     0.733198
      1978.0     4.713722   335.885056   474.268454  1976.253302     1.426481   103.316721    42.368473    60.948248    38.224108    39.397398     0.926923   287.572606   282.396688    81.654404     3.428812     0.543625
      1979.0     6.153127   337.564802   474.438233  1976.127304     1.556365   106.502456    44.240493    62.261962    39.117603    39.169920     0.930686   287.494584   282.408760    82.160408     4.900795     0.178315
      1980.0     5.911427   339.507495   474.935383  1976.548781     1.671341   104.602319    42.570222    62.032096    38.069883    39.678991     0.937053   287.431299   282.151143    82.805946     2.394081     1.187630
      1981.0     4.113428   340.829240   473.459192  1977.578607     1.703495   103.866794    42.294351    61.572443    38.216699    39.254164     1.048971   287.495624   282.327124    83.642021     4.516378     0.007640
      1982.0     4.995519   341.648229   473.590548  1977.758849     1.681428   106.082937    44.284539    61.798397    38.621192    39.248035     1.058246   287.444249   282.250094    84.976326     4.905149     0.446600
      1983.0     5.748021   343.183899   474.311654  1978.255265     1.632341   105.201720    43.720357    61.481363    38.469338    39.553331     1.069734   287.422953   282.059719    85.960365     3.445919     0.587577
      1984.0     5.143629   344.874798   474.332033  1978.632095     1.635761   105.850585    43.609669    62.240916    38.981174    39.745768     1.076414   287.590576   282.480990    87.092628     3.843522     0.387764
      1985.0     5.038817   346.358639   473.643622  1979.211437     1.676107   104.910444    43.480312    61.430131    38.310322    39.611200     1.084101   287.546311   282.393641    87.978012     4.557524     0.721536
      1986.0     6.188098   347.869916   474.156142  1979.383409     1.736856   107.056565    44.621477    62.435088    38.946902    39.462661     1.090449   287.510832   282.337467    88.682465     4.646297     0.343787
      1987.0     6.799760   349.794500   474.805260  1979.770500     1.679550   107.802882    44.771768    63.031114    39.147160    40.219727     1.101504   287.664835   282.610335    89.321136     3.902923     0.685477
      1988.0     8.556179   352.106068   475.955285  1979.987221     1.830004   111.505855    46.392486    65.113369    40.362252    40.464859     1.111726   287.638891   282.543166    90.089577     4.777601    -0.114114
      1989.0     6.314880   353.755052   477.183654  1980.412361     1.728127   110.490085    45.399017    65.091068    39.609573    41.163256     1.116391   287.707539   282.603047    91.121330     3.007392     1.128543
      1990.0     5.101147   354.997602   477.180458  1981.209562     1.682981   109.598996    45.155785    64.443210    39.762126    40.761611     1.092066   287.781524   282.866724    91.996941     4.397370     0.202284
      1991.0     5.629831   356.210651   477.590830  1981.744356     1.691128   109.176878    45.213586    63.963293    39.326601    40.696912     0.941920   287.576178   282.444995    91.187759     4.106302     0.835517
      1992.0     4.647847   357.104438   478.159319  1982.386306     1.835595   107.944991    44.832582    63.112409    39.600713    40.177439     0.931624   287.399311   282.117366    91.332161     4.086655    -0.065224
      1993.0     3.303333   357.913934   478.800203  1982.629483     1.671216   107.818807    44.333756    63.485051    39.564432    41.036915     0.920065   287.716810   282.645134    91.482498     2.655956     1.229307
      1994.0     4.161560   359.276965   477.733992  1983.058553     1.629117   107.936538    44.788633    63.147904    40.262981    40.496080     0.911569   287.981948   283.203305    90.308197     5.358765    -0.195971
      1995.0     7.084858   361.166279   479.281513  1982.247148     1.716193   110.536282    46.709217    63.827065    40.683873    40.788618     0.904205   287.586181   282.572514    90.228119     4.373078     0.916151
      1996.0     6.775961   362.883103   480.455357  1982.514754     1.792082   110.200500    45.483377    64.717123    39.541823    40.991233     0.900349   287.699027   282.657947    90.171730     3.318301     1.181803
      1997.0     5.794945   364.398327   480.883804  1983.056107     1.744105   111.570489    46.127965    65.442524    40.862472    41.191019     0.896050   287.896052   283.020264    89.714195     4.508498    -0.212805
      1998.0     8.895355   366.823327   482.575605  1982.744582     1.946920   113.379988    47.414433    65.965555    41.023055    41.639169     0.896140   287.768829   282.937720    89.725861     4.083463     0.927639
      1999.0     7.969377   368.726931   484.483046  1982.898119     1.921354   114.580174    47.532911    67.047262    41.072349    41.994349     0.895335   287.767340   282.859248    89.750648     3.631121     0.768463
      2000.0     6.328974   370.115290   485.573268  1983.470080     1.726193   113.762673    46.991693    66.770980    40.870008    42.215368     0.896237   287.821477   282.887855    89.781197     3.686102     0.773400
      2001.0     6.496870   371.729578   486.245065  1984.221564     1.778268   114.394454    47.167712    67.226742    41.042631    42.201687     1.096848   287.983540   283.041088    91.269714     4.294227     0.407571
      2002.0     7.366855   373.893861   486.936416  1984.725393     1.905841   113.560953    46.661441    66.899512    41.302689    41.989224     0.915623   288.188534   283.365117    91.030136     3.980866     0.182706
      2003.0     8.688632   376.285708   487.637783  1984.893986     2.185820   114.423043    47.542627    66.880416    41.287725    42.188509     1.110296   288.179003   283.423205    92.399796     4.652750     0.732192
      2004.0     6.841572   378.020148   487.985253  1985.466343     2.311516   114.496734    47.211122    67.285611    41.253660    42.289572     1.277388   288.181870   283.435574    94.481895     4.574081     0.463555
      2005.0     7.748713   379.936176   488.050258  1986.381536     2.370369   115.195184    47.043538    68.151646    41.043486    42.472804     1.110165   288.209336   283.382829    94.674026     4.505729     0.514125
      2006.0     7.812365   381.950069   488.931741  1986.973141     2.321427   115.063112    47.757258    67.305855    41.714765    42.633541     1.004327   288.279079   283.483289    94.630028     4.242234     0.327170
      2007.0     7.340694   383.679824   489.877827  1987.462603     2.310594   116.286122    47.927698    68.358425    41.614348    42.606026     0.985868   288.315888   283.587966    94.185249     4.375585     0.502216
      2008.0     8.428658   385.676968   490.951288  1987.694607     2.240364   117.202242    48.824214    68.378028    42.009870    42.948820     1.017529   288.324172   283.520586    94.588158     4.801933     0.706946
      2009.0     7.741082   387.415599   492.540872  1988.089567     2.233494   117.509329    48.665091    68.844238    42.061227    42.978941     1.069318   288.230230   283.465671    94.565971     4.096565     0.522755
      2010.0     6.045151   389.734206   491.188839  1989.443571     2.506858   113.149968    46.539651    66.610317    41.129387    42.930786     1.542460   288.319046   283.530158    96.577171     4.960899     0.447393
      2011.0     8.305032   391.965659   490.890918  1989.604722     2.311708   115.760326    48.730150    67.030176    42.434829    42.792474     1.139094   288.298080   283.598414    96.934929     6.235597     0.196494
      2012.0     9.155599   394.152552   493.240629  1989.146010     2.303304   118.265327    50.011023    68.254303    42.555348    42.975615     1.105822   288.080803   283.423038    97.251450     4.685697     0.878979
      2013.0     8.989765   396.671354   494.180127  1989.690712     2.219231   117.830765    49.122939    68.707826    42.362243    43.305248     1.256112   288.018456   283.043327    98.157051     4.878193     0.398303
      2014.0     7.079842   398.321744   495.232246  1990.230164     2.309932   118.225347    49.106634    69.118713    42.166412    43.398816     1.210112   288.315667   283.553084    98.839279     4.655699     0.692952
      2015.0     8.972238   401.135632   495.387717  1990.766477     2.496224   116.228899    48.510023    67.718876    42.654571    43.872123     1.095344   288.416904   283.616189    98.750305     4.482429     0.681239
      2016.0     9.697752   404.154644   495.509828  1991.375558     2.640997   117.562923    49.559535    68.003388    42.343827    43.971189     1.148492   288.193326   283.266918    99.165329     5.466235     1.018282
      2017.0     8.128453   406.893644   494.662981  1992.511678     2.660311   116.055174    47.947184    68.107990    41.853275    43.693069     1.139275   288.318145   283.558976    99.294189     5.100961     0.703674
      2018.0     8.577266   409.747736   493.105880  1993.236267     2.599850   114.687248    48.240561    66.446687    41.820657    43.283899     1.144255   288.340074   283.612856   100.516602     6.513764     0.738653
      2019.0    10.891824   412.629769   494.115401  1993.283808     2.760346   119.476966    50.735171    68.741795    42.842496    43.440503     1.143355   288.117889   283.169053   101.460220     6.285147     0.550466
      2020.0     9.504557   415.521784   494.907918  1993.950811     2.767077   118.784896    49.438761    69.346135    42.563936    44.296354     1.160462   288.313098   283.474947   102.024055     4.349891     1.065415
      2021.0     8.929839   418.426440   494.208991  1994.675640     2.690995   117.459192    49.419254    68.039939    43.208306    43.673770     1.096587   288.417541   283.545888   102.460205     6.444411    -0.259365
      2022.0    10.674692   421.345437   495.793332  1994.198365     2.806559   120.529520    50.817583    69.711937    43.259651    43.960251     1.097807   288.394117   283.493769   102.747330     5.272991     1.177874
      2023.0    10.344906   424.280469   496.932076  1994.535809     2.789280   121.777989    50.761669    71.016319    43.410112    44.940841     1.097194   288.614037   283.927915   103.278641     4.682084     1.193285
      2024.0    11.585458   427.232396   497.794417  1995.202783     2.903921   123.140651    51.955484    71.185167    43.730013    44.607666     1.094540   288.585118   283.895078   103.063507     6.485477     0.210680
      2025.0    10.495270   430.201722   499.628436  1995.688532     2.979110   122.625063    51.230978    71.394085    43.784400    45.539877     1.103474   288.643486   284.026998   103.961021     3.857082     1.269729
      2026.0     9.575418   433.190581   499.095814  1996.590723     3.077948   119.402951    49.925705    69.477245    43.302891    44.601930     1.109991   288.715374   284.074502   104.129379     5.856397     0.396848
      2027.0    11.777367   436.199781   500.033239  1996.866042     3.171448   122.864437    51.786635    71.077802    43.733180    44.705320     1.113307   288.794027   284.163689   104.534515     6.143890     0.696820
      2028.0    11.708473   439.229387   501.573583  1997.293284     3.085429   124.246568    52.431436    71.815133    43.984426    45.354853     1.113127   288.714768   284.090292   104.900414     5.536239     0.943185
      2029.0    12.698692   442.281604   504.175184  1997.553641     3.174797   127.464124    53.684752    73.779371    44.973600    46.090838     1.115059   288.664701   284.021907   105.143234     4.992314     0.856881
      2030.0    11.087018   445.356195   505.169662  1998.902261     3.062736   124.357966    51.781600    72.576366    43.852695    46.488070     1.128229   288.683490   283.830723   105.754669     4.299051     1.286756
      2031.0    11.244930   448.452040   505.492199  1999.972301     3.070689   124.416307    52.148974    72.267332    44.480142    45.819433     1.066663   288.923001   284.372311   105.591125     6.007003     0.269251
      2032.0    11.664889   451.559437   506.994843  2000.041265     3.153300   126.044166    53.361039    72.683127    45.444079    45.626809     1.064010   288.846546   284.375801   106.016373     6.231587     0.113767
      2033.0    13.779202   454.669487   509.900867  2000.031498     3.149668   128.360564    54.671242    73.689322    45.070118    46.279429     1.062327   288.704651   284.113051   106.042358     5.485788     1.219079
      2034.0    11.191911   457.783358   512.179553  2001.111031     3.032975   125.709093    52.741179    72.967914    44.725375    46.923870     1.064201   288.890245   284.399283   106.075241     3.538623     1.118961
      2035.0    11.477522   460.902409   512.120698  2002.411275     3.023601   123.907006    52.271729    71.635277    44.302072    46.038971     1.064085   288.785032   284.112242   105.791992     6.291613     0.436654
      2036.0    13.312817   464.028638   514.128516  2003.039728     3.164159   127.796813    54.314723    73.482090    45.138717    46.377553     1.061246   288.694272   284.013982   105.754364     5.929352     0.610384
      2037.0    13.224895   467.163572   517.026730  2003.842925     3.143343   130.133165    54.583220    75.549944    45.567112    46.862717     1.066803   288.898580   284.292041   106.263351     4.822290     0.492407
      2038.0    11.774137   470.307446   518.920372  2004.336148     3.015866   128.756941    54.176602    74.580340    46.067455    47.622430     1.070243   289.033517   284.415235   106.709740     4.660529     1.061753
      2039.0    11.337675   473.461778   519.937843  2005.649899     3.192671   128.047974    53.200806    74.847168    45.796034    47.405592     1.073763   289.213272   284.622244   106.607140     4.777742     0.295807
      2040.0    11.943071   476.626993   520.381382  2006.113540     3.130286   127.256740    54.467462    72.789279    46.379997    47.007731     1.074778   289.111217   284.599080   106.243279     7.016192     0.164093
      2041.0    13.728966   479.801816   523.597658  2006.350585     3.206696   130.498194    55.555252    74.942942    45.919471    47.252864     1.013062   288.919831   284.358588   106.673096     5.086113     1.096348
      2042.0    12.478547   482.978508   526.173112  2007.129026     3.217060   128.419485    54.205967    74.213518    46.211559    47.340566     1.008191   289.097622   284.431589   106.466316     4.289947     0.350566
      2043.0    13.602468   486.149876   528.998433  2007.348408     3.159932   131.655212    56.135086    75.520126    46.926566    47.999447     1.005129   289.357582   284.857570   106.511406     5.310318     0.853499
      2044.0    12.787241   489.315487   531.118599  2008.539642     3.304132   129.644271    54.454734    75.189537    45.798953    48.446457     1.005463   289.366551   284.863021   106.797737     3.888111     1.456271
      2045.0    13.634578   492.476895   533.043586  2009.500662     3.228279   132.011170    56.134779    75.876391    47.056317    47.617195     1.003833   289.129679   284.557089   106.333076     6.592597    -0.400143
      2046.0    13.023595   495.634485   536.256019  2010.063851     3.222007   131.476337    55.837478    75.638860    46.967856    48.236004     1.004557   289.217332   284.710329   106.695374     4.389040     0.704960
      2047.0    12.595950   498.789198   538.470867  2010.672234     3.289851   130.721301    54.872003    75.849298    46.454940    48.094640     1.020008   289.370397   285.010949   106.194435     4.562516     1.031317
      2048.0    12.614875   501.941714   539.926655  2011.840313     3.156096   130.690282    55.565301    75.124981    47.009339    48.319237     1.023936   289.471796   284.924184   106.601257     5.790277     0.141819
      2049.0    13.544705   505.091581   542.366934  2012.318043     3.441930   131.393090    55.541255    75.851835    46.388460    48.205159     1.032787   289.456404   285.004991   107.090324     4.895817     1.338969
      2050.0    12.833360   508.239924   544.186974  2013.499710     3.386200   131.728660    55.796500    75.932160    46.968944    48.784137     1.033916   289.638115   285.339054   107.405312     5.192323     0.633525
      2051.0    14.126125   511.384316   546.474313  2014.363637     3.283986   134.017390    57.207233    76.810158    47.370358    48.496266     1.017580   289.511255   285.063987   106.881569     6.423628     0.261982
      2052.0    13.147018   514.512162   549.388768  2015.697144     3.340339   132.606805    55.695515    76.911289    46.517147    49.250730     1.024830   289.478300   284.943770   107.813103     3.530331     1.400075
      2053.0    13.131908   517.611151   551.337220  2016.471150     3.280362   135.296390    57.641393    77.654997    48.608215    49.122179     1.026826   289.652954   285.343437   108.229721     6.570762    -0.260042
      2054.0    13.359959   520.679973   553.894648  2017.263302     3.267485   134.099333    56.941578    77.157755    47.643000    49.172558     1.035727   289.609940   285.149300   108.471298     5.211592     0.737406
      2055.0    12.652495   523.719913   556.522913  2018.259368     3.442688   135.052524    56.902850    78.149673    47.884087    49.701641     1.042480   289.726809   285.444520   108.770653     4.572943     0.821488
      2056.0    13.039285   526.731927   558.198654  2019.085293     3.276770   135.737007    57.908073    77.828934    48.540094    49.710025     1.039260   289.903808   285.595740   109.066833     6.522306     0.344006
      2057.0    12.951560   529.716230   561.513687  2019.447159     3.224643   136.467675    58.318420    78.149255    48.985276    49.957860     1.054894   289.696883   285.224564   109.552971     5.045528     0.610718
      2058.0    13.344299   532.673279   564.209590  2020.235081     3.172270   137.317417    58.492470    78.824946    48.840970    50.194484     1.057540   289.524598   285.058066   110.068741     5.602083     0.565592
      2059.0    11.913686   535.604405   565.909687  2021.919557     3.255140   134.512250    56.399220    78.113029    47.597697    50.269789     1.063174   289.658440   285.302559   109.594063     4.429335     0.987616
      2060.0    13.046613   538.509197   567.967758  2022.434466     3.214526   136.866096    58.945493    77.920602    49.613177    49.785391     1.064113   289.706784   285.426972   110.113014     7.102031    -0.342695
      2061.0    12.487341   541.386721   571.456970  2022.775406     3.190810   137.309088    58.682483    78.626605    49.361056    50.528056     1.103750   289.636067   285.209545   110.948654     4.665215     0.826060
      2062.0    13.932243   544.227505   574.973557  2022.847546     3.053871   140.066637    60.317693    79.748944    49.693565    50.820846     1.107147   289.690685   285.327749   111.726967     5.980260     1.055142
      2063.0    12.067016   547.024570   577.578718  2024.452499     3.176408   137.510144    57.949643    79.560501    48.515374    51.497894     1.115170   289.666734   285.145313   112.111885     3.846589     1.377566
      2064.0    11.558745   549.777390   578.335223  2025.954867     3.194793   136.678190    58.119879    78.558311    49.347844    50.841107     1.115512   289.987601   285.702279   111.563721     6.522267    -0.009104
      2065.0    12.217606   552.486225   580.695236  2026.586035     3.068300   138.823960    59.811937    79.012023    49.879917    50.977157     1.127430   289.896337   285.588557   112.929268     6.474768     0.466071
      2066.0    12.461797   555.151929   583.577525  2027.496058     3.149165   138.809790    59.149263    79.660527    49.258259    51.513762     1.133516   289.732202   285.273916   113.630013     4.753212     1.345481
      2067.0    10.528481   557.775222   584.537619  2029.213305     3.180349   136.462071    57.646043    78.816028    49.118849    50.703401     1.142931   289.882387   285.586449   114.374329     5.982547    -0.132695
      2068.0    11.416659   560.356036   586.254036  2029.367969     3.149700   138.052809    59.634031    78.418778    50.182383    50.917678     1.139939   289.976249   285.720099   114.405922     6.999937     0.580631
      2069.0    12.203900   562.896220   589.136379  2030.189960     3.197375   140.278920    59.634164    80.644756    49.314315    51.731981     1.143247   289.949774   285.606387   114.439926     5.019840     1.595675
      2070.0    10.617790   565.395025   590.108994  2031.719966     3.026501   137.152447    58.874791    78.277656    50.164699    51.363687     1.135548   289.962720   285.590003   114.281448     6.538489    -0.331019
      2071.0    12.502410   567.851019   593.452781  2031.693241     2.967649   141.449435    61.394629    80.054806    50.750747    51.629672     1.136230   289.736668   285.349293   114.510521     6.421170     0.905650
      2072.0    11.014998   570.243332   595.780141  2033.407630     2.981548   138.993795    58.890993    80.102802    49.390118    52.277897     1.137108   289.801673   285.333030   114.945641     4.285736     1.173391
      2073.0    10.644525   572.556487   597.421267  2034.316505     2.853991   140.376086    60.140672    80.235413    50.732563    51.931033     1.131529   290.160408   285.942700   114.613213     6.568513     0.289595
      2074.0    10.805663   574.789517   599.889906  2034.961604     2.880156   140.807400    60.330960    80.476440    50.546373    51.911996     1.128456   290.186472   285.844033   114.993263     5.950324     0.720524
      2075.0    10.058551   576.943417   602.054515  2035.467194     2.775903   140.287662    60.857909    79.429753    51.428480    52.166511     1.123327   290.279584   286.117053   114.586685     6.526790     0.232440
      2076.0    10.808440   579.019284   605.221844  2035.788956     2.865193   141.056828    60.778608    80.278220    50.594689    52.393786     1.118936   290.015251   285.660881   113.677925     5.217493     1.477334
      2077.0    10.117891   581.018215   607.184289  2037.149378     2.917826   142.150713    60.547058    81.603654    50.896397    52.653230     1.109357   290.169012   285.845535   113.329185     5.931383     0.396412
      2078.0     9.866676   582.940573   609.085346  2037.916045     2.874103   140.589959    60.576924    80.013035    51.110009    52.529581     1.098552   290.225240   286.032136   113.018059     6.146286     0.652906
      2079.0     9.495808   584.787579   611.062538  2039.086172     2.974077   139.599538    59.705029    79.894508    50.159612    52.371419     1.092735   290.112016   285.837181   112.847649     5.356418     1.041680
      2080.0     9.457528   586.558866   612.408371  2040.387864     2.873665   139.267256    59.833532    79.433724    50.118055    52.129611     1.081084   290.254546   285.903171   112.557854     6.358088     0.709865
      2081.0     9.195782   588.253704   614.464105  2040.927326     2.821294   140.814229    61.171311    79.642919    51.670695    52.240373     1.056447   290.318963   286.073643   112.047478     6.875204     0.030216
      2082.0     9.376441   589.860199   617.519288  2041.314062     2.844999   141.337430    61.077280    80.260150    50.892540    52.807475     1.049954   290.218512   285.903757   111.622917     5.214622     1.528199
      2083.0     8.597549   591.367584   619.393749  2041.994616     2.721152   141.036781    60.818631    80.218150    51.564915    52.419541     1.038936   290.187077   285.917397   110.991783     6.524630     0.174072
      2084.0     9.120743   592.776658   622.021407  2042.699611     2.657116   142.576723    61.672313    80.904410    51.377489    52.950321     1.032378   290.133580   285.697969   111.132957     6.094333     0.867837
      2085.0     7.891560   594.088678   624.400855  2043.223589     2.538033   141.956589    61.095082    80.861507    51.844561    53.136952     1.021507   290.297771   286.040282   110.329811     5.578682     0.768414
      2086.0     7.370094   595.303720   626.123572  2043.979187     2.622349   140.157754    60.360584    79.797170    51.350286    52.916816     1.013075   290.314939   286.010160   109.530945     5.721051     0.810932
      2087.0     8.114849   596.422644   627.569611  2044.823564     2.613394   140.631049    61.283096    79.347953    51.541205    52.613431     1.003233   290.379763   286.203786   108.597260     7.223627     0.227848
      2088.0     9.089709   597.446142   630.911261  2045.344747     2.384225   143.634934    62.616837    81.018097    51.618017    53.282737     0.995674   290.194350   285.833948   109.215813     5.992450     1.143538
      2089.0     6.367020   598.374204   633.824684  2046.219248     2.437310   142.021935    60.968878    81.053057    51.910110    53.128441     0.985837   290.416581   286.139915   108.290512     4.927014     0.343829
      2090.0     6.316407   599.207422   635.092757  2046.854263     2.384733   140.894066    60.966078    79.927988    52.175795    53.415268     0.976578   290.414920   286.123191   108.031219     6.282736     0.604458
      2091.0     6.668585   599.950579   637.379051  2047.289531     2.297816   143.042608    61.853756    81.188851    51.669048    53.556789     0.950407   290.520835   286.338734   108.248177     6.010673     1.452474
      2092.0     5.971047   600.625431   638.690091  2048.279787     2.456355   141.496090    60.868785    80.627305    51.858120    53.520971     0.942884   290.672010   286.594773   106.827698     6.036774     0.672594
      2093.0     5.645766   601.251114   639.905837  2048.938397     2.386088   141.316722    61.413743    79.902979    52.549884    53.547062     0.936296   290.669160   286.491152   106.363556     6.650936     0.338569
      2094.0     6.075928   601.829528   642.495701  2048.903078     2.274290   142.366959    62.132453    80.234506    52.733850    53.392824     0.933199   290.616868   286.348415   106.216888     6.149765     0.694293
      2095.0     5.713882   602.358839   644.648909  2049.215345     2.120553   142.181688    61.731583    80.450105    52.325984    53.610231     0.931677   290.610178   286.348736   106.365067     5.968144     0.971980
      2096.0     5.230155   602.838078   646.001247  2050.291273     2.330178   141.655054    60.934725    80.720329    52.275531    54.006763     0.932655   290.657507   286.396129   106.610802     5.575624     0.655303
      2097.0     5.792230   603.268121   647.646109  2050.387063     2.145088   143.557995    62.966931    80.591064    53.394653    53.976859     0.929021   290.688838   286.547948   106.525253     7.345209     0.486417
      2098.0     5.898713   603.646922   650.571773  2050.669678     2.146665   142.597746    62.041896    80.555851    52.018555    53.696391     0.929924   290.397419   285.971546   107.113693     5.419841     1.395221
      2099.0     5.586876   603.973540   652.379816  2051.551757     1.938962   144.279818    62.648273    81.631544    53.027403    54.096899     0.928829   290.543891   286.198148   106.848450     6.743332     0.187416
      2100.0     3.914100   604.248381   654.354534  2052.338050     2.017151   141.411097    60.845372    80.565725    52.363636    54.088464     0.934299   290.805306   286.759993   106.434593     4.782190     0.938535