        time     emission          CO2         cveg        csoil        fgco2         fgpp         fnpp           ra          frh     fvegsoil         fluc          tas     tas_land        cprod     fcvegout    fcsoilout
        1850    -0.842632   284.316986   635.075299    926.79584    -0.179039    78.821208    40.259669     38.56154    41.180884    40.907746            0   287.792778   282.383402            0     0.221725          0.0
        1851     0.421205   284.450989   634.832168   926.810297     -0.16708    79.773253    41.237808    38.535445    40.875124    40.889581            0    287.67223   282.244637            0     0.591358          0.0
        1852     1.402005   284.597992   635.215707   927.112349    -0.061132     80.92379    42.127429     38.79636     40.88389    41.185943            0   287.605886   282.004821            0     0.557947          0.0
        1853     0.393432   284.730988   635.506967   927.362709    -0.193547    80.314517    41.540492    38.774026     41.13392    41.384281            0   287.631399    282.11277            0    -0.135049          0.0
        1854     -0.94803   284.846008   635.057387   927.147715    -0.043301    79.084752    40.387179    38.697572    41.426702    41.211707            0   287.742978   282.269295            0    -0.374948          0.0
        1855    -0.430222    284.94101   634.363289    926.78203    -0.115091    79.153802    40.643443    38.510359    41.044855     40.67917            0   287.648918   282.068206            0     0.658371          0.0
        1856    -0.309045   285.049011    633.85923   926.689895     0.004019    79.112921    40.606986    38.505935    41.028327    40.936191            0   287.741626   282.353845            0     0.174854          0.0
        1857     0.387016    285.20401   633.789077   926.511909    -0.105676    79.960596    41.319796      38.6408     41.03026    40.852275            0   287.648339   282.193763            0     0.537674          0.0
        1858     2.925087   285.368988    634.78589   926.664439    -0.018472    82.519425    43.438921    39.080504    40.715449    40.867979            0   287.525857   282.065321            0      1.57413          0.0
        1859     1.546755   285.545013   636.320172   927.310257     0.038136    81.415674    42.394255    39.021419    41.125571    41.771389            0   287.580772   282.086538            0    -0.911415          0.0
        1860     1.152352   285.739014   636.476625   927.722743     0.099229    81.085883    42.027046    39.058837    41.247654    41.660139            0   287.606528   282.005593            0     0.210453          0.0
        1861     1.600453   285.933014   636.903236   928.207544     0.050828    81.619353    42.511362     39.10799    41.254185    41.738986            0   287.611437   282.099339            0     0.345766          0.0
        1862     1.781027   286.100006   637.651656   928.614327     0.147664    82.000662    42.772584    39.228078    41.381185    41.787969            0   287.582344   282.021396            0     0.236196          0.0
        1863    -0.548705   286.270996   637.576784   928.887213       0.1761    79.536189    40.770591    38.765598    41.747963    42.020848            0   287.742455    282.22502            0    -1.175386          0.0
        1864    -1.391488   286.441986   635.700928   928.531202    -0.028874    78.647772    40.115286    38.532486    41.730461     41.37445            0   287.777568   282.337813            0     0.616692          0.0
        1865     0.639906   286.614014   635.629648   928.478115      0.05927    80.566063    41.679776    38.886287     41.35441    41.301324            0   287.650225   282.106128            0     0.449732          0.0
        1866     1.152214   286.781006   635.975508   928.489726    -0.059717    81.396464    42.293733    39.102731    41.325693    41.337304            0   287.700355   282.121185            0     0.610568          0.0
        1867    -0.195926   286.954987   636.111222   928.558279     0.078944    79.951413    41.040215    38.911198    41.573594    41.642147            0   287.827493   282.249795            0    -0.737646          0.0
        1868    -0.961436   287.105011   635.225178   928.342303     0.041556    78.811252    40.284986    38.526266    41.494891    41.278915            0   287.794675   282.275479            0    -0.107884          0.0
        1869     0.778004   287.225006   634.808556    928.11744     -0.04627    80.394657    41.678926    38.715731    40.997386    40.772524            0   287.686186   282.204208            0     1.323024          0.0
        1870     1.728583   287.355011   635.738704   928.370994     0.049466    81.357719    42.451121    38.906598    40.934607     41.18816            0   287.661572   282.084407            0     0.332813          0.0
        1871     0.897063   287.493988   636.187304   928.689107     0.137535     80.77332    41.913813    38.859507     41.29429    41.612402            0   287.729016   282.066634            0    -0.147189          0.0
        1872     1.691423   287.664001   636.486455   929.035572     0.104789     82.00212    42.797112    39.205008    41.397869    41.744334            0   287.731112   282.122073            0     0.753627          0.0
        1873     0.855333   287.859985     636.7839   929.262242     0.105933     81.20131    42.067119    39.134192    41.550867    41.777536            0   287.830926   282.298857            0    -0.007862          0.0
        1874     0.102369   288.061005   636.393453   929.321947     0.009235    80.650701    41.569357    39.081344    41.713567    41.773272            0    287.87128   282.388181            0     0.186532          0.0
        1875      0.31442   288.290985   636.089354   929.357519    -0.025018    80.440545    41.511472    38.929073    41.465189    41.500761            0   287.817962   282.348438            0      0.31481          0.0
        1876      0.78906   288.519989   635.872982   929.420985      0.12493    80.860119    41.875285    38.984833    41.496957    41.560423            0   287.731969   282.159226            0     0.531234          0.0
        1877     1.215323   288.752014   636.293053   929.602117     0.073937    81.434661    42.299655    39.135006    41.447382    41.628514            0   287.737592   282.180307            0     0.251071          0.0
        1878      2.07886   288.993011   636.926996     929.9599    -0.053289     82.64459    43.228201    39.416388    41.400208    41.757992            0   287.605272   282.026861            0     0.836266          0.0
        1879     1.316878   289.221008   637.833277   930.243694     0.215797    82.128412    42.711905    39.416507    41.884705    42.168499            0   287.694361   282.287426            0    -0.362875          0.0
        1880     0.649729   289.470001   637.856071   930.291039      0.17754    81.695836    42.233751    39.462085    42.076871    42.124216            0   287.682998   282.307655            0     0.086741          0.0
        1881      2.03254      289.737   638.065743   930.408313     0.239306    82.247648     42.90176    39.345888    41.476801    41.594074            0   287.601727   282.007578            0     1.098014          0.0
        1882     1.290841   290.019012   638.750457   930.835746       0.3105    81.934632    42.463751    39.470881    41.888072    42.315505            0   287.643551   282.058513            0    -0.536468          0.0
        1883     1.140984      290.263   638.450231   930.946266     0.218897    81.804876    42.459425    39.345451    41.862202    41.972721            0   287.709531   282.204441            0     0.786929          0.0
        1884     3.467603   290.511993   639.513201   931.509589     0.293941     84.22321    44.483469    39.739741    41.645076      42.2084            0   287.433493   281.724325            0     1.212099          0.0
        1885     3.292911   290.796997   640.932488   932.719489     0.386186    83.482888    44.006208     39.47668    41.512143    42.722043            0   287.396987    281.60334            0    -0.135121          0.0
        1886     1.316026   291.100006   641.075561   933.603867     0.333903    81.759418    42.495052    39.264366    41.960443    42.844821            0   287.596437   281.985949            0    -0.492842          0.0
        1887     0.719061   291.414001   640.447185   934.190742     0.306667    80.699132    41.833673    38.865458    41.892659    42.479534            0   287.538385   281.835937            0    -0.017485          0.0
        1888     0.486156      291.763   639.642749   934.448796     0.326769    80.562065    41.708219    38.853846    42.093833    42.351887            0   287.603666   282.038057            0     0.160767          0.0
        1889    -0.587187   292.113007   638.704742   934.290675     0.355325    79.568398    40.721731    38.846666    42.210905    42.052784            0   287.679502   282.199193            0    -0.393046          0.0
        1890    -0.539078   292.458008   637.313318   933.741143     0.270782    79.563966    40.650799    38.913167    41.995858    41.446326            0   287.744425   282.323537            0     0.595897          0.0
        1891     1.858761    292.81601   637.132908   933.498915     0.222956    81.975819     42.76122      39.2146    41.664526    41.422299            0   287.599592   282.122742            0     1.519331          0.0
        1892     2.692752   293.166992   638.105565   933.788325     0.369476    83.099305    43.581858    39.517447    41.770869    42.060279            0   287.567539   281.960999            0     0.548923          0.0
        1893     1.795793    293.47699   638.693467   934.283106     0.233235     82.59252    43.061867    39.530654    41.918438    42.413219            0   287.602709   281.884904            0     0.060745          0.0
        1894     3.120253   293.790985   639.843799   934.844079     0.254807    84.439377    44.467025    39.972352    42.025869    42.586842            0   287.570526   282.002643            0     0.729851          0.0
        1895      1.60122    294.07901   640.483674   935.278546     0.320258    83.393471     43.41439    39.979081    42.496187    42.930654            0   287.711225   282.209333            0    -0.156139          0.0
        1896     2.128053    294.36499   641.273616   935.738181     0.324533    84.253877    44.061632    40.192245    42.614452    43.074087            0   287.644009    282.12707            0     0.197603          0.0
        1897     1.528947   294.645996   641.126026   936.334427     0.372124     82.84795    43.179218    39.668732    42.366697    42.962943            0   287.687293    282.04355            0     0.363865          0.0
        1898     0.887766    294.95401    640.75667   936.703417     0.520551     82.52063    42.726668    39.793962     42.75917    43.128161            0   287.835213   282.370264            0    -0.032137          0.0
        1899       -0.017   295.299988   639.686945   936.867451     0.524547    80.545032    41.439753    39.105279    42.459904    42.623937            0   287.754989   282.128314            0    -0.114459          0.0
        1900     -0.36568   295.674988   638.072915    936.86177     0.484443    79.769327    40.855267    38.914061    42.243252    42.237571            0   287.784478   282.114701            0     0.231726          0.0
        1901     0.098829   296.006989   636.361541   936.692697     0.437048    80.112112    41.238548    38.873564    42.017701    41.848627            0   287.694397   282.107781            0     1.101294          0.0
        1902     2.709757   296.325012    636.64683   936.859112     0.397976    83.230588     43.74832    39.482268    41.842552    42.008967            0   287.547439   282.015527            0     1.454064          0.0
        1903     3.029338   296.653992   637.889224   937.505032     0.485387    83.869166      44.1985    39.670666    42.079499    42.725419            0   287.541906   281.856295            0     0.230686          0.0
        1904     2.075633    296.95401   638.102914   938.231231     0.392939     83.23702    43.568063    39.668958    42.245038    42.971237            0   287.522904   281.794996            0     0.383135          0.0
        1905     2.695291   297.289001   638.789807   939.195823     0.380261    83.729556    44.054036     39.67552    42.171326    43.135918            0   287.496072   281.780881            0     0.231225          0.0
        1906     1.003653   297.661987   638.672141   939.752479     0.389306    82.387517    42.764221    39.623296    42.658201    43.214857            0    287.64326   282.053261            0    -0.332969          0.0
        1907     2.021937   298.097992   638.302796   940.007497     0.498033    82.971847    43.355718    39.616129    42.471629    42.726647            0   287.657065   282.014182            0     0.998415          0.0
        1908     0.780941   298.518005   638.360568   940.165616     0.458787    82.258887    42.592891    39.665997     42.87421    43.032328            0   287.720151   282.174543            0    -0.497208          0.0
        1909     2.044298   298.936005   638.059072   940.193614      0.51018     83.34176    43.511019    39.830741    42.575074    42.603072            0   287.646862   282.076945            0     1.209443          0.0
        1910     1.735812   299.376984   638.374482    940.27604     0.566154     83.09706    43.254921     39.84214    42.730062    42.812488            0   287.759572   282.180153            0     0.127022          0.0
        1911     0.063239   299.828979   638.004996   940.174147     0.644505    81.612621    41.830364    39.782257    43.096922    42.995029            0    287.89505   282.331788            0    -0.795178          0.0
        1912     1.127902   300.352997   637.050379   939.791628     0.662285    82.377049    42.512409     39.86464    42.892173    42.509654            0   287.705481   282.161222            0     0.957372          0.0
        1913     2.793372   300.910004   636.678091   939.973838     0.766678    82.809166    43.327829    39.481337    42.220646    42.402856            0   287.613013   281.880811            0     1.297261          0.0
        1914     2.553744   301.418976   637.257434    940.51573     0.677985    83.916526    43.847819    40.068708    42.790902    43.332795            0   287.740222   282.151884            0    -0.064318          0.0
        1915     1.622054   301.936981   637.309298    940.69845     0.786169     83.03545    43.087746    39.947705    43.090476    43.273196            0   287.871006   282.352601            0    -0.237314          0.0
        1916     0.994967   302.484985   636.482941   940.656983     0.616259    82.408749    42.508537    39.900212    43.032156    42.990689            0   287.882296     282.3295            0     0.344204          0.0
        1917     2.163813   303.010986   636.493433   940.716301     0.619812    83.291261    43.417447    39.873814    42.729856    42.789174            0   287.730598   282.245363            0     0.617782          0.0
        1918      1.19738   303.448975   636.085432   940.752799     0.601862    82.064684     42.53252    39.532164    42.605792    42.642289            0    287.73398   282.193376            0     0.298232          0.0
        1919     3.295176   303.813995   636.467669   941.271649     0.502568     84.27508     44.42195     39.85313    42.143415    42.662265            0   287.572937   282.024039            0     1.377448          0.0
        1920     1.952262   304.246002   637.469742   941.981411     0.706316    83.450054    43.473064     39.97699    42.882875    43.592637            0   287.590217   281.945334            0    -1.121645          0.0
        1921     1.407718   304.599976      636.859   942.024586     0.506329     83.19583    43.332602    39.863227    42.916167    42.959342            0   287.721808   282.332767            0     0.984002          0.0
        1922     2.984004   304.944977   637.565045   942.400554     0.523836    84.831658    44.648735    40.182923    42.652173    43.028141            0   287.562926   282.028883            0     0.914549          0.0
        1923     2.830214   305.270996   638.792325   943.140269     0.730734    84.873462     44.56496    40.308502    42.886929    43.626644            0   287.584736   281.890202            0    -0.288965          0.0
        1924     2.029557   305.629974   638.823735   943.601258     0.621927    84.159454    43.975543    40.183911    43.057793    43.518782            0   287.710616   282.084193            0     0.425351          0.0
        1925     0.485359   305.812988   638.656657   944.013552     0.673998    82.760598    42.863096    39.897502    43.166583    43.578877            0   287.799108   282.151312            0    -0.548703          0.0
        1926       0.4164   305.953979   637.521783    944.06592     0.645794     82.29688    42.680264    39.616616    42.932435    42.984803            0   287.804209   282.231367            0     0.830334          0.0
        1927     1.422137   306.176971   637.784722   944.076755      0.53485    84.412205     44.03739    40.374815    43.347033    43.357868            0    287.79958   282.327895            0     0.416582          0.0
        1928     2.282102   306.328979   638.066859   944.417078      0.42726    84.863526    44.674645    40.188881     42.86361    43.203933            0   287.659893   282.127691            0     1.188575          0.0
        1929     3.531229   306.494995   639.698791   945.278296     0.594002    86.455586    45.897254    40.558332    43.032888    43.894106            0   287.608436    282.04809            0     0.371216          0.0
        1930     1.643905   306.619995   640.492736    945.86006     0.570971    85.525949      44.8085    40.717448    43.719808    44.301571            0   287.755994    282.32452            0    -0.287017          0.0
        1931     1.363478   306.821991   640.509644   946.278277     0.540054    84.771396    44.286205    40.485191    43.566276    43.984494            0   287.752852    282.26799            0     0.284804          0.0
        1932     1.587948   307.092987   640.140025   946.602954     0.484093    84.935883    44.474312    40.461572    43.600699    43.925375            0   287.776175   282.251984            0     0.918556          0.0
        1933     2.250074   307.401978   640.414618   947.211332     0.567137    85.126423    44.697933     40.42849    43.316416    43.924794            0   287.584509   282.069333            0     0.498546          0.0
        1934     3.044703   307.784973   640.948398   947.915575     0.729339    85.765667    45.165129    40.600538    43.301054    44.005297            0    287.70346   282.134186            0     0.626052          0.0
        1935     2.085646    308.22699   641.084006   948.346915      0.56098    85.503364    44.800713    40.702651     43.84768     44.27902            0   287.708813   282.179577            0     0.386084          0.0
        1936     3.577614   309.011993   641.674007   948.800619      0.69637    86.339279    45.420679      40.9186    43.834923    44.288627            0   287.668584    282.15397            0     0.542051          0.0
        1937     2.036564   309.763977   641.512457   949.093565     0.753323    84.700555    44.033134    40.667421    43.970688    44.263634            0   287.808979   282.341029            0     -0.06895          0.0
        1938     2.314328   310.293976   641.436374   949.371607     0.756755    85.312119    44.667373    40.644746    43.853421    44.131463            0   287.713786    282.14358            0     0.611993          0.0
        1939     2.734007   310.850983   641.199986   949.762867      0.67628    85.410212    44.783699    40.626512    43.523208    43.914469            0   287.737063   282.075347            0     1.105618          0.0
        1940     3.204554   311.356964    641.39936   950.610556     0.538854    86.317561    45.511908    40.805653    43.530039    44.377727            0   287.662191   282.057419            0     0.934807          0.0
        1941     2.796233   311.810974   642.128843   951.552195     0.753288    86.111131    45.336168    40.774962    43.875725    44.817364            0   287.647581   282.101298            0    -0.210679          0.0
        1942     1.639705   312.171967   641.888969   951.942022     0.840443    85.362597    44.568087     40.79451     44.15472    44.544548            0   287.748779   282.206395            0     0.263414          0.0
        1943      2.36019   312.389984   642.202602   952.289005     0.656461    86.302216    45.463999    40.838217    43.842808    44.189791            0   287.734498   282.111031            0     0.960576          0.0
        1944     0.576682   312.412964   642.074081   952.598138     0.576525    85.191631    44.474814    40.716817    44.138161    44.447294            0     287.8135   282.347781            0     0.156041          0.0
        1945    -0.236818   312.384979   641.771848   952.669909     0.607276    84.543416    43.905698    40.637718    44.304858    44.376629            0   287.841059   282.358762            0    -0.168697          0.0
        1946     1.302408   312.389984   641.426686   952.675786     0.526311    85.377878    44.851247     40.52663    43.695093    43.700971            0   287.720612   282.159076            0     1.495438          0.0
        1947     2.390842   312.485962   642.062426   953.322002     0.475831    86.660478    45.873196    40.787282    43.774363    44.420579            0   287.669666   282.127579            0     0.816877          0.0
        1948     0.378997   312.520966    642.46916   953.739959     0.620495    85.464254    44.541906    40.922348    44.467516    44.885473            0   287.786748   282.354806            0    -0.750301          0.0
        1949     0.669631   312.631958   641.444815    953.80663     0.659792     84.60917    44.195482    40.413688    44.032889     44.09956            0   287.796928   282.317357            0     1.120267          0.0
        1950     3.332605   312.820984   642.235983   954.493134     0.514675    87.578939    46.600761    40.978177    43.785358    44.471862            0   287.574505   281.908649            0     1.337732          0.0
        1951     0.931434   313.013977   642.537021   955.238734     0.591947    85.548997    44.763771    40.785225    44.389881    45.135481            0   287.757859   282.180297            0    -0.672748          0.0
        1952     1.077071    313.34198   641.697447   955.528859     0.606661    85.446496    44.768654    40.677842     44.53271    44.822835            0   287.812833   282.295884            0     0.785393          0.0
        1953     2.398395    313.72998    641.60233   955.954463      0.60619    86.315018    45.524257    40.790761    44.081501    44.507105            0   287.682396   282.045138            0     1.112269          0.0
        1954     0.410154   314.094971   641.201501   956.226851     0.661589     84.06078    43.736678    40.324102    44.289286    44.561674            0   287.761647   282.199653            0    -0.424167          0.0
        1955     0.483683   314.414978   639.877624   955.904054     0.691685    84.219684    43.840052    40.379633    44.252899    43.930102            0    287.87491   282.529929            0     1.233827          0.0
        1956     2.711097   314.697968   640.112974   956.096879     0.602295    86.983631    45.994495    40.989137    44.006896    44.199721            0   287.628602    282.09936            0     1.559423          0.0
        1957      2.99425   314.991974   640.835544    956.79352     0.672518    86.804067    46.009402    40.794664    43.828637    44.525279            0   287.548445    281.86333            0     0.761554          0.0
        1958     3.092049   315.344971   641.561502   957.629735     0.726535    87.480041    46.332212    41.147829    44.229139    45.065354            0   287.659043   281.986547            0     0.540899          0.0
        1959     2.765857   315.806976   641.883126   958.346962     0.626493     87.15637    46.069782    41.086588    44.421858    45.139085            0   287.673674    282.02525            0     0.609073          0.0
        1960     4.841325   316.624969   642.796657   959.436856     0.625596    88.930489    47.478571    41.451918    44.507358    45.597252            0   287.502388   281.891799            0     0.967788          0.0
        1961     2.689212    317.29895   643.493819    960.24204     0.985857    86.649172    45.522927    41.126245    44.819546    45.624731            0   287.669741   282.048392            0    -0.798966          0.0
        1962     1.359931   318.043976   642.453563   960.333993     1.050831    84.625597    44.020384    40.605213    44.890911    44.982863            0   287.822992   282.133106            0     0.077777          0.0
        1963     2.079476   318.649963   641.801161   960.255719     0.853765    85.821744    45.025054    40.796691    44.696161    44.617888            0   287.849209   282.411291            0     1.059568          0.0
        1964     4.381207   319.332947   642.668657   960.743918     0.871197    87.879206    46.838799    41.040407    44.396377    44.884575            0   287.502738   281.927496            0     1.086728          0.0
        1965     3.294661   319.815948   643.562317   961.632598     1.047568    87.333073    46.252593    41.080481    44.653255    45.541936            0   287.624828    282.05537            0    -0.183004          0.0
        1966     3.989323   320.879974   643.700536   962.185014       0.8675    87.156004    46.021178    41.134825    44.788793    45.341209            0   287.671477   282.149264            0      0.54175          0.0
        1967     4.723676    321.47995   644.894172   963.189526       0.7104    88.985645     47.60708    41.378564    44.499303    45.503815            0   287.378061   281.842511            0      0.90963          0.0
        1968      4.60136   322.388947   645.939431   964.365701     1.208252    88.101886    46.745068    41.356818    44.916099    46.092274            0   287.582102   281.877638            0    -0.392466          0.0
        1969     2.307774   323.250946   645.298601   964.844451     1.149501    86.059901    45.071958    40.987943    45.380259    45.859009            0   287.791784   282.183724            0    -0.146221          0.0
        1970      6.07761   324.782959    645.79073   965.060491     1.156772    88.689252    47.110125    41.579127    45.085026    45.301066            0   287.782319   282.154993            0      1.31693          0.0
        1971     3.939156   325.399963   646.380451   965.765551     1.219643    88.102807    46.759909    41.342899    44.988234    45.693293            0   287.653436   282.026763            0     0.476895          0.0
        1972     6.327299   327.348969   646.907554   966.632556     1.453736    87.880021    46.395604    41.484417    45.306915     46.17392            0   287.665595   282.122796            0    -0.305419          0.0
        1973      6.91385   329.908966   646.477903   967.126186     1.586865    86.508215    45.555754    40.952461    45.315541    45.809172            0   287.776107   282.096158            0     0.176233          0.0
        1974     3.639148   330.755951   646.048538   967.423851     1.305817    87.244045     46.14796    41.096085    45.254756     45.55242            0    287.70059   282.123578            0     1.024905          0.0
        1975     3.516634   330.826965   646.922856   968.111592     1.308584    88.767903    47.336904    41.430999    44.917308    45.605049            0   287.636386   282.021579            0     0.857536          0.0
        1976     5.476639   331.544952   648.389455   969.297077     1.328514      90.2936    48.258595    42.035004    45.276328    46.461812            0    287.65486   281.973009            0     0.330184          0.0
        1977     5.605098   333.352936   648.892929   969.810572     1.442542    88.865341    46.745101    42.120241     46.06952    46.583015            0   287.779107   282.355755            0    -0.341389          0.0
        1978     6.693455   335.009949   649.721483   970.271885     1.465568    90.195975    47.814561    42.381414     45.75114    46.212454            0   287.714102   282.255156            0     0.773553          0.0
        1979     5.488346    336.60495   650.459976   970.598017     1.622677    89.320688    47.009413    42.311275    46.175843    46.501974            0   287.825265   282.400771            0    -0.231055          0.0
        1980      6.17628   338.704956   650.711874   970.732273     1.675685    88.865548    46.645771    42.219777    46.249904     46.38416            0   287.907798   282.365563            0     0.009713          0.0
        1981     5.954963    340.05896   650.641225   971.170616     1.591457    89.772213     47.55173    42.220482    45.678005    46.116348            0   287.799794   282.284787            0     1.506032          0.0
        1982     5.447932   340.643951   651.587596   972.217966     1.617456    90.976968    48.560659    42.416309    45.568087    46.615437            0   287.704064    282.11563            0     0.998851          0.0
        1983     5.643736   342.265961   652.041428   973.073675     1.915019    89.430052    47.097384    42.332669    46.404528    47.260238            0   287.787744   282.269864            0    -0.616686          0.0
        1984     6.027252   344.007935    651.79558   973.355172     1.777192    89.699883    47.325765    42.374118    46.360741    46.642238            0   287.834339   282.310212            0     0.929376          0.0
        1985     7.738638   345.458954    652.95468   974.063617     1.752879    92.505678    49.505828    42.999849    46.185219    46.893665            0   287.671925   282.226957            0     1.453063          0.0
        1986     7.325413   346.902954   654.642864   975.139883     1.938302    92.544884    49.277579    43.267305      46.5389    47.615165            0   287.749819   282.224685            0     -0.02577          0.0
        1987     8.114728   348.774933   655.429605   976.075674     1.996046     92.97413    49.492849    43.481281    46.926921    47.862712            0   287.787624   282.193848            0     0.843396          0.0
        1988     8.272439    351.27594   656.225724    977.05503     2.074236    91.660962     48.45484    43.206122    47.149915    48.129271            0   287.852196   282.309577            0     -0.47055          0.0
        1989     4.971717   352.893921   655.430563   977.532183     1.895255    90.088533    47.280784    42.807749    47.219744    47.696897            0   287.866526   282.427004            0     0.379049          0.0
        1990     4.932356   354.072937   655.223827   977.770998     1.862795    91.134388    48.120365    43.014022    47.124212    47.363027            0   287.900989    282.51454            0     0.964074          0.0
        1991     6.501816   355.352936   656.209626   978.193208     1.905683    92.564038     49.19662    43.367418    46.945142    47.367351            0   287.924277   282.571446            0     0.843469          0.0
        1992      6.63294   356.228943   657.802597   979.268202     2.142385    93.400704    49.875669    43.525036     46.89435    47.969344            0   287.751042   282.203085            0     0.313354          0.0
        1993     5.377031   356.924957   659.054294    980.07571     1.967022     93.44427    49.674411     43.76986      47.4049    48.212407            0   287.797485   282.305651            0     0.210306          0.0
        1994      6.87482   358.253967   660.352838    980.99537     1.877828    93.728409    49.790063    43.938347    47.288854    48.208515            0   287.718266   282.240785            0     0.283004          0.0
        1995     7.459858   360.238953   661.685225   981.762262     2.217637     93.22162    49.215755    44.005865    47.873261    48.640153            0   287.962603   282.375815            0    -0.756784          0.0
        1996     6.658981   362.004974    662.16549   981.898224     1.938594    93.772912    49.493061    44.279851    48.209324    48.345286            0   288.198216   282.789929            0      0.66751          0.0
        1997     5.721444   363.251953   663.138451   982.241874     2.048767    93.348148    49.234355    44.113793    47.897439    48.241088            0   288.189382    282.71782            0     0.020306          0.0
        1998     7.054967   365.932953   663.431432   982.098985     2.225802    91.857131    47.820685    44.036445    48.383821    48.240932            0   288.374916   283.085778            0    -0.713227          0.0
        1999     6.371717   367.844971   662.810266   981.366117     2.053205    92.729107    48.527285    44.201822    47.966979    47.234111            0   288.433201   283.123586            0      1.91434          0.0
        2000     6.842466   369.124969    664.73566   981.616003     2.010919    95.669589     50.51339    45.156199      48.0947    48.344586            0   288.329312   282.911781            0      0.24341          0.0
        2001      3.69166   370.673004   664.634612   981.652086     2.117891    91.993702    47.426142     44.56756    48.779267     48.81535            0   288.450171   283.121912            0    -1.288161          0.0
        2002     6.653731   372.834991   664.275579   980.735593     2.303934    93.020665    48.383391    44.637274     48.31344    47.396947            0    288.61009   283.465275            0     1.345477          0.0
        2003     8.571237    375.41098   665.118866      980.405     2.247913    94.555718    49.517522    45.038196    48.297027    47.966434            0   288.531939   283.424467            0     0.707801          0.0
        2004     5.497457      376.987   665.193961   980.104299     2.442255     93.59188    48.708483    44.883397    48.540894    48.240193            0   288.564877   283.479205            0     0.393194          0.0
        2005     6.061439   378.907013   664.727555   979.951321     2.528579    92.261335    48.007697    44.253638    48.093244    47.940266            0   288.625616   283.498177            0     0.533837          0.0
        2006     8.190357    381.01001   665.172827   979.670707     2.449222    94.095503    49.433194    44.662309    47.772925    47.492311            0   288.553198   283.414683            0     1.495611          0.0
        2007     9.915215   382.603027   667.616043    980.40853     2.436711    97.637684    52.069706    45.567978    47.597022    48.334844            0   288.414452   283.222922            0     1.291646          0.0
        2008     9.622312   384.739014   670.010803   981.390134     2.498039    97.456332    51.486601    45.969731    48.513328    49.494932            0   288.564678   283.309892            0    -0.403091          0.0
        2009     7.327302   386.280029   671.244876   981.791998     2.516034    96.356158    50.652006    45.704151    48.737277    49.139141            0   288.615849   283.430836            0     0.278793          0.0
        2010     7.990984   388.717041   670.852754   982.745452     2.440809     95.85991    50.114372    45.745538    49.110955    50.064409            0   288.562785   283.329605            0     0.442084          0.0
        2011     8.074607      390.944   671.101658   982.674429     2.454737    95.885772    50.182852     45.70292    48.801203     48.73018            0   288.611274   283.436647            0     1.203767          0.0
        2012     8.164438   393.015991   672.109209   983.018381     2.558254    96.565423    50.644575    45.920848    48.976617    49.320568            0   288.621936   283.494625            0     0.316456          0.0
        2013     9.327382   395.724976   672.411247   983.476822     2.614125    96.246582    50.507276    45.739306    49.036441    49.494882            0   288.729935   283.530554            0     0.710356          0.0
        2014     6.109447   397.546967   672.055804   983.804675     2.335953    95.166411    49.510046    45.656366    49.078044    49.405898            0   288.714955   283.386111            0     0.459591          0.0
        2015     9.231424    399.94873   672.683182   983.887357     2.581944    97.197728    51.000848     46.19688    49.000399    49.083081            0   288.715444   283.689421            0      1.29039          0.0
        2016    11.479237   403.116974   671.334444   985.317156     2.805922    98.701296    52.405986     46.29531    49.504853    50.934652            0   288.525217   283.214101            0     2.820072          0.0
        2017     9.691844   405.799957   673.448905   985.420714     2.922679    97.593724     51.27586    46.317864    49.591743      49.6953            0   288.775585   283.656173            0    -0.533902          0.0
        2018    10.708376   408.782959   674.893131   985.413535      2.85377    98.632292    51.761456    46.870837     49.76116    49.753981            0   288.840782   283.773315            0     0.563249          0.0
        2019    12.887057   411.840973   677.269429    985.85378     3.023383   100.788655    53.413493    47.375161    49.618628    50.058873            0   288.720857   283.579875            0     0.978323          0.0
        2020    11.459608   414.981964   679.456519   986.404705     3.067465   100.401335    52.698564    47.702772    50.574806     51.12573            0   288.794708   283.728245            0    -0.614257          0.0
        2021    11.461274   418.204956   680.429443   986.754304      3.13827    99.835618    52.437137     47.39848    50.480396    50.829996            0    288.86915   283.865695            0     0.634218          0.0
        2022    13.415636   421.529968   681.953264   987.347859     3.215723   102.061416     54.01592    48.045496    50.367329    50.960884            0   288.858796   283.828041            0     1.531215          0.0
        2023    12.223714   424.968964   683.507427   988.113187     3.264756   100.980859    53.011218    47.969641     50.83551    51.600839            0   288.844542   283.720821            0    -0.143783          0.0
        2024    10.974504   428.519958   683.929549    988.30898     3.291974    99.950978    51.981389    47.969588    51.314367    51.510159            0   289.035379   284.145686            0     0.049108          0.0
        2025     10.61744   432.181946   684.073536   988.065177     3.226228    99.173238    51.315602    47.857635    51.184915    50.941112            0    289.07061   284.122199            0     0.230503          0.0
        2026      9.76177   435.953949   682.826189   987.525115     3.325742    97.536877     50.17279    47.364087    51.084917    50.544855            0   289.221968   284.302322            0     0.875282          0.0
        2027    10.919548   439.834961   681.640868   986.912592     3.387537      98.4783     50.80651     47.67179    50.791442    50.178919            0   289.131433   284.263891            0     1.812912          0.0
        2028    12.931342   443.823944   681.776793   986.793366     3.621232    100.38137    52.344839     48.03653    50.745855    50.626629            0   289.159711   284.217786            0     1.582285          0.0
        2029    10.135105    447.92395   680.447903   986.434306     3.651567    96.712401    49.547168    47.165233    50.993901    50.634841            0   289.351771   284.329829            0     0.241217          0.0
        2030     9.947227   452.131958   678.234635   985.723947     3.507553    95.992153    49.053346    46.938807    50.751159    50.040799            0   289.450546    284.54354            0     1.225815          0.0
        2031    12.842888   456.451935   678.367157   985.184613     3.620481    98.461126    51.004382    47.456744    50.397552    49.858218            0   289.408945   284.573665            0     1.013643          0.0
        2032    14.820286   460.893951   679.914622   984.916749     3.821744   101.230743    52.812802    48.417941    50.780336    50.512472            0   289.332368   284.514599            0     0.752864          0.0
        2033    15.651725    465.46994   681.732184   985.058162     3.910536   101.670751    53.204592    48.466159    50.761388    50.902801            0   289.416206   284.589653            0     0.484229          0.0
        2034    16.057687   470.178955   683.653511   985.346892     3.962587   102.445112    53.648652    48.796459    51.147298    51.436027            0    289.44568   284.584561            0     0.291298          0.0
        2035    15.497239   475.020935   685.475577   985.518393     3.959176   102.716302    53.470018    49.246285    51.821424    51.992925            0   289.487647   284.702928            0    -0.344973          0.0
        2036    17.081863   479.994934   686.867597   985.869244      4.01559   104.455273    54.785014    49.670259    51.767505    52.118356            0   289.492076   284.545259            0     1.274638          0.0
        2037    15.886373   485.101929   687.834926   986.191426     4.069417   103.512456    53.773435    49.739021    52.250399    52.572581            0     289.5788   284.756981            0     0.233525          0.0
        2038    14.280163   490.343933    687.56874   986.148224     4.209465   100.240121    51.562021      48.6781    52.051175    52.007973            0   289.658884   284.807109            0    -0.179767          0.0
        2039     11.95733    495.71994   685.588887   985.145049     4.270499    97.922774     49.52707    48.395704    52.674339    51.671163            0   289.921533   285.390134            0     -0.16424          0.0
        2040    15.472397   501.232941   684.581248   984.074875     4.292603   100.425441     51.70701     48.71843    51.642633    50.572459            0   289.800981   285.146783            0      2.14219          0.0
        2041    18.779121   506.882935   688.921065   985.070586     4.617268   104.010566     54.38075    49.629816    51.623635    52.619346            0   289.691971   284.859918            0    -2.578413          0.0
        2042    17.409451   512.472961    690.31965   985.377262     4.522773   103.999963    53.917523     50.08244    52.307322    52.613997            0   289.788113   285.035526            0    -0.095059          0.0
        2043     17.95132   517.817932   691.720998   985.711161     4.417733   105.708088    55.202442    50.505646    52.422441     52.75634            0   289.768273   285.026593            0     1.044754          0.0
        2044    16.678127   522.936951    692.80078   986.157839     4.505398   104.787828    54.392234    50.395594    52.488869    52.935547            0   289.802178   285.044461            0     0.376905          0.0
        2045    13.411202   527.838928   692.279507   985.873361     4.416837    102.31483    52.138515    50.176315    52.950384    52.665906            0   290.027612   285.381113            0    -0.006118          0.0
        2046    14.544033   532.531921   692.702004   985.337815     4.288422    103.38226    53.102165    50.280095    52.344022    51.808476            0   289.934582   285.099833            0     0.871191          0.0
        2047    14.829014   537.022949   694.124629   985.166745      4.25204   104.694638    53.969658     50.72498    52.518488    52.347417            0   289.966692   285.332749            0     0.199616          0.0
        2048    13.977868   541.315918   695.674255   984.924901      4.17941   104.955447    53.948824    51.006623    52.882655    52.640811            0    290.05443   285.310524            0    -0.241613          0.0
        2049    10.904783    545.41394   695.200262   984.301844     4.126453   101.264872    51.134813    50.130059    52.692278    52.069221            0   290.187473   285.522013            0    -0.460415          0.0
        2050    13.074981    549.31897   695.759878   983.581267     4.229849   104.330448    53.399693    50.930754    52.492159    51.771582            0   290.130216   285.523852            0     1.068495          0.0
        2051    10.971675   553.034973   696.356101   982.786955     4.083047   102.507381    52.019822    50.487559     52.69481    51.900498            0   290.219076   285.685776            0    -0.476899          0.0
        2052    11.300245   556.465942   697.038828    982.01232     4.054685   102.912868    52.609986    50.302882    52.338554    51.563918            0    290.23602   285.615943            0     0.363341          0.0
        2053    10.489342   559.523987   697.396283   981.683445     3.778333   102.956806    52.594282    50.362525    52.075613    51.746739            0   290.202342   285.610192            0     0.490088          0.0
        2054     10.86139    562.21698   698.687427   981.552383     3.980009   103.931113    53.377758    50.553355    51.921357    51.790295            0   290.135459   285.428285            0     0.296318          0.0
        2055    11.352734   564.550964   700.299132   981.842134     3.798135    105.92529    54.857921    51.067369    51.972961    52.262712            0   290.208106   285.552009            0     0.983504          0.0
        2056     7.347198   566.529968   701.800912   981.909991     3.546995   104.346788    53.093007    51.253781    53.226058    53.293914            0   290.383292   285.836323            0    -1.702687          0.0
        2057     9.310065   568.159973   702.960945   981.525334     3.545873   107.138113     55.24259    51.895523    52.686872    52.302215            0   290.308628   285.698681            0     1.780342          0.0
        2058     8.356155   569.442993   705.659289   981.695659     3.565818   107.366651    55.284043    52.082608    52.966119    53.136444            0   290.245431   285.676071            0    -0.550744          0.0
        2059     4.370903   570.383972   705.706239   981.826571     3.311658   102.603151    52.003596    50.599555    52.702872    52.833783            0   290.321441   285.679285            0    -0.877138          0.0
        2060     4.858767   570.985962   705.539512   981.679719     3.108888    103.91306    53.095446    50.817613    52.384386    52.237535            0   290.294904   285.628495            0     1.024639          0.0
        2061     6.602898   571.252014   707.873359     982.0027     3.064984    108.04714    55.922727    52.124413    52.726428    53.049408            0   290.255532   285.572375            0     0.539472          0.0
        2062     2.696337   571.255981   708.903553   982.103252     2.992093   104.404697     53.14709    51.257607    53.223761    53.324312            0   290.373016   285.814421            0    -1.207416          0.0
        2063     4.336239   571.065002   709.827251    982.02837     2.830319   107.119942    55.131339    51.988603    53.006631    52.931749            0   290.289291   285.709379            0     1.275892          0.0
        2064     3.739344   570.677002   712.092032    982.21191     2.823451   107.695917    55.308331    52.387586    53.354863    53.538403            0   290.287745   285.764939            0    -0.494852          0.0
        2065     0.761284   570.088013   712.318869   982.150768     2.644053   103.931424    52.678196    51.253228    53.107665    53.046524            0   290.339463   285.695428            0    -0.595166          0.0
        2066     1.539286   569.299011   712.685753   982.007868     2.443949   105.467887    53.833252    51.634635    52.858218    52.715318            0   290.374566   285.826845            0      0.75105          0.0
        2067     1.558024   568.309021   714.025681   982.121638     2.442689   105.906628    54.160976    51.745652    52.748153    52.861923            0   290.280179   285.593766            0    -0.040874          0.0
        2068     0.104409   567.117004   715.112825   982.256066     2.371631   105.446278    53.639668     51.80661    53.177933    53.312361            0     290.3582   285.714367            0    -0.759837          0.0
        2069    -3.074156   565.723999   713.865373   981.534125     2.130729   101.712195    50.971511    50.740684    53.029288    52.307347            0   290.413848   285.942653            0    -0.088384          0.0
        2070     0.579404   564.130005   714.853681   981.446123     2.053213   105.656862    54.326033    51.330829    52.223334    52.135332            0   290.313465   285.764247            0     1.202394          0.0
        2071    -2.860062   562.337036   715.482449   981.393091      2.10537   103.041251    51.961412    51.079839    52.937167    52.884136            0   290.449861   286.052206            0    -1.551493          0.0
        2072    -4.210109    560.42804   713.423363   980.795317     1.811013    99.608017    50.207799    49.400218    51.998398    51.400623            0   290.393472   285.841022            0     0.866262          0.0
        2073    -0.967117   558.483032   714.008556    981.10448     1.704346   104.212571    53.459877    50.752694    51.829058    52.138221            0   290.339468   285.809396            0     0.736464          0.0
        2074    -3.695243   556.494995   713.834157   981.309508     1.718742    100.52556    50.914237    49.611323    51.938323     52.14335            0   290.356828   285.816374            0    -1.054714          0.0
        2075    -0.747303   554.462036   714.388332    981.57466     1.666572   104.095187     53.59612    50.499067    51.527869    51.793021            0   290.181959   285.465269            0     1.248925          0.0
        2076    -2.042919   552.380005   715.275257   982.026901     1.529048   103.467001     52.93027    50.536731     51.91831    52.370551            0   290.230762   285.453399            0    -0.327207          0.0
        2077    -2.858347   550.247009   716.051931   982.224987     1.407655   102.903626    52.421502    50.482125    51.998243    52.196329            0   290.271051   285.680581            0    -0.551501          0.0
        2078    -3.970419   548.062012   715.628553   981.860265      1.27333   101.858055    51.541013    50.317042    51.987439    51.622717            0   290.299043   285.789758            0     0.341674          0.0
        2079    -1.017264   545.822998   717.302139   982.001539     1.114387    106.34987    54.853489    51.496381    52.075229    52.216503            0   290.095451    285.55275            0       0.9634          0.0
        2080     0.844424   543.528015   720.194328   983.100319     1.181465    108.21298    56.641738    51.571241    51.951775    53.050554            0   289.993099    285.19392            0     0.698996          0.0
        2081    -1.342729    541.17804   722.438096   984.527542     1.223255   106.728639    55.212121    51.516517    52.636118    54.063342            0   290.008726   285.236894            0    -1.094989          0.0
        2082    -2.404929   538.804016   722.818731   985.551864     1.029024   105.371648    54.290415    51.081233    52.532945    53.557266            0   290.071739   285.404094            0     0.352513          0.0
        2083    -4.885051   536.439026   722.981847   986.185532     1.023905   102.868051    52.283048    50.585003    53.021655    53.655323            0   290.190604   285.535525            0    -1.535392          0.0
        2084    -4.192728   534.078003   722.489022   986.316762     1.035168   103.087471    52.579583    50.507889     52.64697    52.778201            0   290.112385   285.362564            0     0.294208          0.0
        2085    -5.871971   531.718994   721.285761   986.244425     0.817317   100.633309    50.962508    49.670801    52.493431    52.421094            0   290.110706   285.292918            0    -0.255326          0.0
        2086    -4.255301   529.361023   720.729319   986.011699     0.702652   102.274032    52.206173     50.06786    52.012201    51.779475            0   290.146188   285.351795            0      0.98314          0.0
        2087    -2.925715   527.002991   721.611669   986.518404     0.893424    102.77834    52.927986    49.850353    51.597706    52.104411            0   290.094622   285.186936            0    -0.058775          0.0
        2088    -3.609657   524.642029   721.140321   987.025478     0.654784    102.21028    52.481296    49.728984    51.591738    52.098811            0   290.133636   285.205325            0     0.853833          0.0
        2089    -3.872435   522.277039   722.685451   987.617988     0.795501   103.419978    52.891084    50.528894    52.398576    52.991086            0   290.195547   285.507221            0    -1.645132          0.0
        2090    -7.331803   519.907043   720.641712   987.270816     0.691449    97.775514    49.158216    48.617299    52.012673    51.665501            0   290.236625   285.460551            0    -0.463547          0.0
        2091    -3.051976   517.531006   720.587077   987.316713     0.538743    102.49802    52.859207    49.638813    51.263557    51.309455            0   290.045187   285.206651            0     1.604389          0.0
        2092    -4.899326   515.160034   720.874698   987.553371     0.519966   100.975004    51.487151    49.487853    51.734699    51.971357            0   290.133163   285.387761            0    -0.771828          0.0
        2093    -4.956165   512.804993   720.602731   987.494838     0.451328   101.160747     51.50647    49.654277    51.773532    51.714999            0   290.105923   285.400461            0     0.063438          0.0
        2094    -4.267074    510.46402   721.435868   987.033411     0.343795    102.92874    52.587142    50.341598    52.091678    51.630251            0   290.090213   285.513515            0     0.123754          0.0
        2095    -2.909875    508.13501    722.43854   987.078115     0.455207   103.302926    53.166602    50.136323    51.448079    51.492783            0   290.053111   285.314508            0     0.671148          0.0
        2096    -5.669321   505.818024   722.151648   987.272919     0.452653   100.218408    50.767635    49.450774    51.835441    52.030245            0   290.162257   285.479476            0    -0.975719          0.0
        2097    -0.830839   503.511017   723.547146   987.691341     0.360176   105.847009    55.176523    50.670486     51.33255    51.750972            0   289.870163   285.099897            0     2.030053          0.0
        2098    -1.110389    501.21402   725.938878   988.726018     0.499839   105.944046     55.16731    50.776736    51.768104    52.802781            0   289.930079   285.051676            0    -0.027204          0.0
        2099    -5.080717   498.925018   726.599529    989.16524     0.180884   102.602546    52.204356     50.39819     52.47099    52.910212            0   290.088435   285.322242            0    -1.366506          0.0
        2100    -5.711867   496.644012   726.272386   989.327396     0.311413   100.316902    50.819709    49.497192    51.868771    52.030927            0   289.973941   285.144156            0    -0.884074          0.0