        time     emission          CO2         cveg        csoil        fgco2         fgpp         fnpp           ra          frh     fvegsoil         fluc          tas     tas_land        cprod     fcvegout    fcsoilout
      1850.0     0.637878   283.688113   364.080753   620.527866     0.303237    95.896893    39.096537    56.800355    37.383283    37.736099     0.087904   285.762883   279.367678     4.505964     2.010029     0.266033
      1851.0    -0.256425   283.817829   363.516871   620.571096     0.223349    95.247176    38.617195    56.629981    37.641403    37.457601     0.195755   285.944023   279.546292     5.149535     1.723476    -0.227031
      1852.0    -0.212359   283.967489   363.038697   620.570772     0.306795    94.489912    38.378864    56.111048    37.496173    37.453521     0.201824   285.928993   279.450945     5.639196     1.403517    -0.042329
      1853.0     0.020407   284.097205   362.412915   620.365269     0.320832    94.133418    38.318026    55.815392    37.161683    36.846465     0.206721   286.007691   279.582427     6.074002     2.097343    -0.109715
      1854.0     0.551796   284.216934   362.637854   620.102074     0.438222    95.759765    39.162087    56.597678    37.529367    37.563966     0.212655   286.103015   279.662443     6.452266     1.373183     0.297794
      1855.0     0.865723   284.306730   362.743399   620.008779     0.490053    96.671440    39.594786    57.076653    37.630645    37.654267     0.218410   286.013387   279.716260     6.783233     1.834973     0.116917
      1856.0     0.081167   284.416471   362.599394   620.189818     0.548488    95.495362    38.791052    56.704310    37.636334    37.585795     0.224131   286.135029   279.743787     7.059479     1.349262    -0.231578
      1857.0     0.225054   284.566162   362.146526   619.848360     0.332295    95.543948    39.034391    56.509557    37.628307    37.465829     0.227377   286.094374   279.718855     7.294482     2.021430     0.178980
      1858.0     1.688948   284.735767   362.844629   619.904889     0.403031    98.688844    40.728590    57.960254    37.937220    38.249043     0.230978   286.033290   279.742633     7.471447     1.781444     0.255293
      1859.0     0.136266   284.915360   363.064313   620.345808     0.388334    97.079538    39.463306    57.616231    38.170815    38.242970     0.234893   286.151899   279.759349     7.608608     1.000652    -0.368764
      1860.0     0.345729   285.104940   362.349322   620.287710     0.453633    95.864182    39.145932    56.718250    37.732256    37.806080     0.239896   285.980995   279.433597     7.741871     2.054844     0.131922
      1861.0    -0.038976   285.294520   361.972769   620.320709     0.312276    95.167951    38.706077    56.461874    37.597870    37.594063     0.202449   286.164050   279.775982     7.546594     1.488568    -0.036805
      1862.0     1.421345   285.464156   361.920025   620.524228     0.436989    95.719147    39.441103    56.278044    36.988442    37.364692     0.200354   285.768597   279.320913     7.384470     2.129155     0.172731
      1863.0     1.622039   285.633761   362.615842   620.737659     0.564250    98.018095    40.390601    57.627494    37.793756    38.054646     0.198204   285.898868   279.326687     7.234024     1.640138     0.047460
      1864.0     0.142383   285.803396   362.616409   621.067231     0.272667    96.384987    39.206196    57.178792    37.842754    38.181349     0.196961   285.991900   279.455002     7.109716     1.024280     0.009023
      1865.0    -0.047993   285.973002   362.042857   621.073757     0.350836    96.023602    39.076650    56.946952    37.989584    37.404121     0.194873   286.109226   279.639250     7.005541     2.246081    -0.591987
      1866.0    -0.495471   286.142637   361.775287   620.787594     0.518159    95.184145    38.533816    56.650328    38.067706    37.935936     0.193008   286.239563   279.970838     6.925471     0.865449     0.154392
      1867.0    -0.115626   286.312273   360.686052   620.268561     0.424067    93.278330    37.959950    55.318380    37.051280    36.528683     0.190689   286.093220   279.710092     6.868980     2.520502    -0.003564
      1868.0     1.195701   286.471890   361.252260   620.183997     0.298102    96.843589    39.905249    56.938340    37.459022    37.707544     0.189322   285.947524   279.626749     6.832730     1.631497     0.333086
      1869.0     0.997196   286.591649   361.540560   620.420745     0.368838    97.205449    40.004891    57.200557    37.744432    37.879490     0.187065   285.897458   279.367175     6.817376     1.837100    -0.101689
      1870.0     0.032211   286.721335   361.526808   620.583176     0.366828    95.742416    38.860601    56.881815    37.611173    37.820178     0.185354   286.023983   279.543985     6.785831     1.054176     0.046574
      1871.0    -0.435294   286.851051   360.433576   620.555810     0.367370    94.316351    38.342430    55.973922    37.430156    37.182085     0.259890   286.109419   279.673831     7.364721     2.253576    -0.220705
      1872.0     0.511862   287.020686   360.692567   620.280711     0.292314    97.073907    39.714608    57.359299    37.806697    37.843932     0.264370   286.214789   279.897180     7.884590     1.611685     0.312334
      1873.0     0.301187   287.220223   360.534306   620.300125     0.432273    95.891130    39.102688    56.788442    37.613393    37.701926     0.266893   286.219322   279.945213     8.357700     1.559022     0.069120
      1874.0     0.740294   287.419791   359.763649   620.235365     0.552968    96.067270    39.470876    56.596394    37.595463    37.083618     0.270297   286.128850   279.675301     8.777380     3.157915    -0.447085
      1875.0     2.299584   287.649291   360.752511   620.314915     0.523371    99.832251    41.464573    58.367677    37.989859    38.491049     0.272573   286.036120   279.532854     9.158412     1.984663     0.421640
      1876.0     0.582221   287.878760   360.942441   620.728195     0.574729    98.279025    39.999631    58.279394    38.330632    38.569765     0.276379   286.149039   279.787977     9.503185     1.239935    -0.174148
      1877.0     0.064964   288.108260   360.370676   620.670786     0.550302    97.017121    39.421548    57.595573    38.245819    38.028916     0.278774   286.163432   279.920799     9.799819     1.964396    -0.159493
      1878.0     1.906338   288.347717   360.486201   620.661223     0.654484    99.307426    41.155448    58.151978    38.184850    38.738132     0.282020   286.054073   279.623005    10.055782     2.301792     0.562845
      1879.0     1.873206   288.577217   360.778455   621.242034     0.640481    98.912088    40.866807    58.045282    37.899366    38.282559     0.285308   285.981580   279.543234    10.267137     2.291993    -0.197618
      1880.0     0.466740   288.826661   360.812125   621.547199     0.611380    97.413008    39.704472    57.708536    38.082931    38.444985     0.289690   286.058608   279.706977    10.416486     1.225817     0.056889
      1881.0     1.002103   289.096050   360.243235   621.510536     0.706375    97.111906    39.804873    57.307033    37.877059    37.559951     0.275890   285.966625   279.656847    10.377034     2.813811    -0.280446
      1882.0     1.342811   289.375427   360.429439   621.463926     0.646631    97.721590    40.184485    57.537105    37.798474    37.991915     0.274246   285.812055   279.320880    10.330750     2.006366     0.240051
      1883.0     1.420964   289.614914   360.623833   621.961711     0.600902    97.544664    40.158559    57.386105    37.564450    38.098081     0.273294   285.722505   279.306070    10.297709     1.866084     0.035845
      1884.0     1.245489   289.864358   360.334743   622.350189     0.700779    96.704296    39.746021    56.958276    37.514475    37.784954     0.273095   285.568850   278.873267    10.281576     2.250156    -0.117999
      1885.0     0.861900   290.153692   359.992930   622.713858     0.518126    95.652146    39.213401    56.438745    37.324577    37.479444     0.271665   285.650082   279.080484    10.285337     2.075771    -0.208801
      1886.0     1.051363   290.453043   360.375341   622.728237     0.501667    97.858188    40.100484    57.757704    37.911388    38.134274     0.270306   285.790153   279.309553    10.287945     1.583800     0.208506
      1887.0     1.661794   290.762352   360.182331   622.726804     0.422953    98.607728    40.846387    57.761341    37.933843    38.001571     0.268599   285.729619   279.283249    10.306999     3.037826     0.069161
      1888.0     1.207572   291.111580   360.757264   623.135409     0.537607    98.256560    40.398631    57.857928    38.170489    38.502553     0.268621   285.727548   279.205125    10.350010     1.321146    -0.076540
      1889.0     1.616912   291.460778   360.643580   623.334552     0.426363    98.643071    40.719224    57.923847    37.937687    38.322442     0.266505   285.723761   279.221969    10.392305     2.510466     0.185612
      1890.0     1.061415   291.810006   360.661390   623.669863     0.493883    98.356144    40.452057    57.904087    38.244626    38.425636     0.265468   285.942239   279.476809    10.461343     2.008612    -0.154301
      1891.0     0.364741   292.169222   360.028782   623.779429     0.574908    95.801770    39.041740    56.760029    37.662642    37.613340     0.310582   285.801354   279.110388    10.830896     2.061008    -0.158868
      1892.0     1.301196   292.518450   359.808487   623.548012     0.586681    98.629733    40.791063    57.838670    38.330733    38.157014     0.312588   286.008717   279.695890    11.174771     2.854344     0.057698
      1893.0     1.857285   292.827759   360.079593   623.618272     0.585425    99.219545    41.106495    58.113050    37.958268    38.158053     0.313439   285.816563   279.283876    11.501837     2.677336     0.129524
      1894.0     0.994247   293.137067   360.322780   623.851098     0.653936    98.714301    40.564710    58.149591    38.347112    38.464518     0.315550   285.975911   279.533235    11.799540     1.857006    -0.115420
      1895.0     0.043107   293.426401   359.597031   623.721172     0.627311    97.161189    39.622939    57.538249    38.299556    38.193505     0.317470   286.100811   279.753273    12.085156     2.155182     0.023876
      1896.0     2.181834   293.705777   359.413867   623.671944     0.601152    99.674300    41.563333    58.110967    38.001110    37.844359     0.320417   285.888297   279.406798    12.351924     3.902139    -0.107523
      1897.0     1.662964   293.995141   360.310842   624.125756     0.693296   100.235228    41.264474    58.970755    38.353191    39.030629     0.321428   285.960971   279.628607    12.597185     1.336869     0.223627
      1898.0     0.805915   294.294493   360.013728   624.463191     0.570731    98.760147    40.505695    58.254451    38.338081    38.724712     0.323312   285.962305   279.444735    12.814149     2.078098     0.049195
      1899.0     0.134360   294.643691   359.080148   624.657726     0.710627    96.761260    39.502858    57.258402    38.209326    38.086343     0.325058   286.108425   279.729912    13.013118     2.350096    -0.317518
      1900.0     0.717818   295.012894   358.149400   624.437846     0.714590    96.366602    39.650210    56.716392    37.830520    37.836379     0.326707   286.152448   279.875886    13.225368     2.744578     0.225738
      1901.0     2.257446   295.352135   358.563870   624.218895     0.715768    99.700293    41.525097    58.175195    38.067985    38.009127     0.325660   286.006697   279.648890    13.405761     3.101500     0.160094
      1902.0     2.204415   295.671400   359.259313   624.603276     0.711377   100.659368    41.888087    58.771281    38.327534    39.039638     0.325868   285.990951   279.486303    13.467500     2.153005     0.327723
      1903.0    -0.054881   295.990696   358.696926   624.953209     0.923888    96.241088    39.208106    57.032982    38.115450    38.124051     0.325492   285.988949   279.467785    13.522890     1.646443    -0.341331
      1904.0     0.370978   296.290048   357.178239   624.844165     0.853333    95.721191    39.389645    56.331546    37.833546    37.483930     0.325633   285.940914   279.404298    13.623034     3.424401    -0.240571
      1905.0     1.599259   296.629289   357.271069   624.612267     0.722406    97.542147    40.477528    57.064619    37.598127    37.453351     0.323783   285.890155   279.418881    13.713229     2.931348     0.087121
      1906.0     1.340194   296.998461   357.396361   624.602734     0.632231    98.569014    40.748054    57.820960    37.964491    38.278942     0.323310   285.884436   279.385686    13.808410     2.343819     0.323985
      1907.0     1.627710   297.437486   357.459007   624.820170     0.759684    98.705797    40.829701    57.876096    38.093407    38.217952     0.322677   285.874695   279.270658    13.913868     2.549102    -0.092891
      1908.0     1.109319   297.856536   357.013856   624.860391     0.730727    98.658530    40.622759    58.035771    38.339981    38.381882     0.322864   286.079958   279.531401    14.026178     2.686027     0.001681
      1909.0     1.058339   298.275615   356.591492   624.924036     0.719480    97.916931    40.373770    57.543161    38.155375    38.200145     0.322236   286.089833   279.643280    14.150271     2.595989    -0.018875
      1910.0     2.658132   298.714640   356.994401   624.815623     0.766355   101.028245    42.234413    58.793831    38.512190    38.290623     0.320832   286.083998   279.625005    14.332491     3.540881    -0.113153
      1911.0     1.830398   299.163622   357.789150   624.989690     0.748009   101.566071    42.000353    59.565718    38.972865    39.326560     0.332170   286.129229   279.693649    14.446059     1.879043     0.179627
      1912.0     1.657913   299.682485   357.477764   625.238388     0.918204    99.988345    41.309081    58.679264    38.779814    39.131752     0.332282   286.048785   279.471153    14.581151     2.488715     0.103240
      1913.0     2.422775   300.241238   357.074854   625.394491     0.931031    99.673045    41.486917    58.186128    38.248207    38.325542     0.330951   285.900212   279.240946    14.714410     3.564285    -0.078768
      1914.0     2.252731   300.750115   357.398479   625.709253     0.944226    99.999698    41.496568    58.503130    38.314623    38.715393     0.330720   285.919714   279.369066    14.851878     2.457549     0.086008
      1915.0     1.493932   301.268948   357.473523   625.908488     0.845634   100.739684    41.638178    59.101507    39.128336    39.023578     0.330339   286.082133   279.547111    14.981207     2.539556    -0.303993
      1916.0     0.435755   301.807756   356.427196   625.673574     0.906991    97.617933    39.857149    57.760784    38.541417    38.384122     0.331008   286.229627   279.909686    15.108665     2.519354     0.077619
      1917.0     3.086319   302.336577   356.196750   625.481272     1.106642   100.398555    42.051096    58.347459    38.270029    38.214383     0.329406   286.076245   279.819765    15.246617     4.067159     0.136655
      1918.0     2.193258   302.775602   357.089095   625.816921     1.083611   101.175595    41.989026    59.186569    38.764395    39.176989     0.329384   286.051904   279.571028    15.373192     1.919693     0.076945
      1919.0     1.745726   303.134787   356.539585   625.941869     0.989584    99.822246    41.370639    58.451606    38.307837    38.427117     0.329427   285.945098   279.403784    15.510418     3.493032    -0.005668
      1920.0     1.273041   303.573812   356.500149   626.151565     0.909834    99.686931    40.990795    58.696136    38.474705    38.585326     0.329685   286.094656   279.665382    15.661105     2.444906    -0.099075
      1921.0     1.680753   303.923040   356.425032   625.988072     0.991840   100.840876    41.795826    59.045050    38.679818    38.673600     0.363609   286.237574   279.912806    15.899261     3.197342     0.157275
      1922.0     2.330816   304.262281   356.488730   626.307924     0.976710   101.438574    42.368807    59.069767    38.577001    38.867487     0.364080   285.884395   279.493123    16.116232     3.437622    -0.029365
      1923.0     2.238725   304.591534   356.899604   626.712216     0.943683   101.934716    42.437009    59.497706    38.643993    39.200905     0.365602   285.818107   279.258243    16.327988     2.825230     0.152620
      1924.0     1.551312   304.950750   356.696453   627.048102     0.982108   101.713254    42.226501    59.486754    39.160470    39.182274     0.367476   286.090841   279.535913    16.517635     3.247378    -0.314082
      1925.0     0.906197   305.130342   356.347702   626.998312     0.845436   100.865458    41.676487    59.188971    38.815124    38.854889     0.367840   286.012936   279.719734    16.713818     3.170349     0.089554
      1926.0     1.096332   305.270046   356.334928   627.313507     0.923753   101.912668    42.298787    59.613881    39.120896    39.440192     0.368623   286.124334   279.781290    16.901348     2.871369     0.004101
      1927.0     2.064152   305.499515   356.500425   627.378113     0.824855   102.702296    42.935630    59.766666    38.854584    39.223829     0.369403   286.016844   279.704896    17.092424     3.546304     0.304640
      1928.0     1.753167   305.649176   356.936660   627.810736     0.901756   103.606169    43.255412    60.350757    39.288278    39.918707     0.371545   286.080701   279.665967    17.271214     2.900471     0.197806
      1929.0     0.277139   305.808824   356.401996   628.338248     0.848611   101.200020    41.916334    59.283686    39.421353    39.589450     0.370926   286.215339   279.752661    17.447506     2.861548    -0.359415
      1930.0     1.503245   305.938540   355.899721   628.272191     0.777319   102.072854    42.792818    59.280036    38.942198    38.929739     0.371982   286.063600   279.591362    17.616764     4.365354     0.053599
      1931.0     2.318786   306.138107   356.395002   628.835294     0.855090   103.730143    43.598924    60.131219    39.056186    39.649759     0.423811   285.929372   279.619739    17.950787     3.453885     0.030469
      1932.0     0.913742   306.407496   356.410103   629.201957     0.882271   101.706334    42.022331    59.684003    39.081906    39.431522     0.426264   286.123908   279.638606    18.267250     2.575707    -0.017046
      1933.0    -0.338533   306.716805   355.146324   629.338516     0.864439    98.523835    40.385630    58.138205    38.763369    38.787144     0.425823   286.230321   279.766414    18.557043     2.862264    -0.112783
      1934.0     0.367530   307.095965   353.617061   628.951429     0.917761    98.072212    40.670969    57.401242    38.621809    37.821041     0.426313   286.241408   279.916516    18.840437     4.379193    -0.413681
      1935.0     1.635518   307.544977   353.663768   628.681678     0.807308    99.985896    41.730954    58.254942    38.374407    38.440007     0.427694   286.129756   279.654481    19.126619     3.244240     0.335350
      1936.0     2.871165   308.323242   353.748338   628.835377     0.904968   101.975097    42.614785    59.360313    38.776184    39.010493     0.429316   286.205576   279.660971    19.375883     3.519722     0.080610
      1937.0     2.527071   309.071576   353.910305   628.871403     0.950387   103.299685    43.110496    60.189189    39.482405    39.691939     0.429639   286.382794   280.067757    19.595263     3.256590     0.173508
      1938.0     1.955276   309.600396   353.617243   629.044158     0.954669   102.716392    42.908428    59.807964    39.467484    39.563894     0.430383   286.324079   279.969954    19.787844     3.637596    -0.076346
      1939.0     3.385317   310.159149   354.298634   629.368911     0.907872   105.353111    44.436418    60.916692    39.414939    40.015186     0.432056   286.177314   279.715296    19.965300     3.739841     0.275495
      1940.0     2.401202   310.667995   354.486706   629.986290     0.893553   104.125590    43.613835    60.511755    39.500090    40.160064     0.435300   286.107504   279.624227    20.140717     3.265699     0.042595
      1941.0     1.732294   311.117007   354.185613   630.475610     1.023394   103.980105    43.372554    60.607551    39.812759    40.037398     0.568570   286.256751   279.866334    20.639679     3.636249    -0.264681
      1942.0     0.350326   311.476223   353.348871   630.258341     0.941095   102.459913    42.411363    60.048551    39.905461    39.488942     0.571533   286.509004   280.152222    21.155827     3.759164    -0.199251
      1943.0     1.362684   311.695735   352.863186   630.136915     0.981553   103.968104    43.490408    60.477696    39.657407    39.584378     0.573738   286.456051   280.128678    21.633801     4.391715     0.048398
      1944.0     1.584346   311.715680   353.091065   630.351336     0.861233   105.009718    44.138834    60.870884    39.458033    39.978714     0.577520   286.310736   279.798110    22.065851     3.932241     0.306261
      1945.0     0.988078   311.685748   353.319026   630.932868     0.925045   104.807444    43.889928    60.917516    39.721342    40.341959     0.579113   286.322326   279.865821    22.459684     3.320008     0.039085
      1946.0     0.625227   311.695735   352.603756   631.325445     0.697754   104.359214    43.772719    60.586494    39.785818    39.984467     0.580810   286.251841   279.706855    22.830093     4.503524    -0.193928
      1947.0     0.978631   311.795489   352.394010   631.614814     0.721899   104.394328    43.824034    60.570295    39.683550    40.139421     0.583399   286.344620   279.892080    23.172430     3.894359     0.166502
      1948.0     0.348695   311.825421   352.172588   631.912505     0.921928   104.574855    43.591733    60.983123    40.140993    40.108202     0.588022   286.438033   280.257786    23.477324     3.704953    -0.330482
      1949.0     0.308857   311.935192   351.461594   632.070150     0.875292   102.900924    42.793953    60.106971    39.478215    40.019413     0.589378   286.370662   280.037923    23.673880     3.485534     0.383553
      1950.0     2.086864   312.124772   350.955946   632.483976     0.847639   104.939685    44.484932    60.454753    39.543888    39.894168     0.591380   286.234608   279.851519    23.874393     5.096412    -0.063546
      1951.0     0.397201   312.314353   350.604322   632.867730     0.941064   103.732693    43.319509    60.413184    39.962517    40.125104     0.734287   286.392864   279.976302    24.574062     3.546029    -0.221166
      1952.0    -0.064385   312.643606   349.640205   632.732259     0.775825   103.216082    43.066198    60.149884    40.191534    40.175633     0.740218   286.534572   280.150391    25.209970     3.854683     0.119569
      1953.0     1.122585   313.032754   348.493783   632.657207     0.788802   103.853844    43.721254    60.132590    39.875377    39.872783     0.740249   286.419098   280.060209    25.858400     4.994892     0.072458
      1954.0     2.369590   313.391939   348.870188   632.820655     0.796225   106.508271    45.208984    61.299287    39.927857    40.330545     0.741736   286.303744   279.877571    26.422106     4.502034     0.239240
      1955.0     1.524797   313.711235   348.840385   633.369896     0.869311   106.644512    44.907896    61.736617    40.379454    40.738362     0.745750   286.431649   280.068290    26.934826     4.199337    -0.190333
      1956.0     0.365740   314.000599   347.836720   633.641621     0.908060   104.878436    43.959095    60.919341    40.520690    40.660599     0.751899   286.467510   280.002936    27.404774     4.302161    -0.131816
      1957.0     0.448549   314.289933   346.765663   633.778257     1.004804   104.239174    43.754483    60.484691    40.338016    40.487775     0.753411   286.578092   280.273664    27.820889     4.337765     0.013123
      1958.0     0.637722   314.639161   345.399986   633.551593     0.912336   103.968168    43.852480    60.115688    40.268333    39.979374     0.755300   286.600778   280.312663    28.195253     5.238783    -0.062295
      1959.0     2.167115   315.108117   345.358047   633.833925     1.054967   105.443055    44.741160    60.701895    39.956260    40.464051     0.756956   286.361032   279.845550    28.507858     4.319048     0.225460
      1960.0     2.182269   315.916315   344.730827   634.111265     0.958424   105.586556    44.509651    61.076905    40.262593    40.540962     0.762505   286.448061   280.015867    28.777800     4.595909     0.001029
      1961.0     2.280517   316.594796   344.595454   634.299482     1.089152   105.678956    44.713049    60.965906    40.303707    40.633659     0.549395   286.461579   280.075006    28.157103     4.214764     0.141735
      1962.0     1.535088   317.333172   343.916617   634.248047     1.030208   105.218568    44.231858    60.986710    40.591361    40.465612     0.543100   286.687032   280.441122    27.603264     4.445082    -0.074314
      1963.0     2.787377   317.941802   343.477198   634.398853     1.211662   105.614583    44.870668    60.743916    39.817120    40.164839     0.536991   286.491861   280.211146    27.139383     5.145248     0.196913
      1964.0     3.100820   318.620283   343.855220   634.703449     1.175789   107.156305    45.558578    61.597727    40.355280    40.831051     0.532768   286.374718   279.833338    26.771542     4.349505     0.171175
      1965.0     1.844713   319.109215   343.398951   634.888093     1.200829   105.377699    44.511249    60.866451    40.219723    40.160879     0.524935   286.422436   280.030732    26.444002     4.806639    -0.243488
      1966.0     4.102266   320.166857   343.608140   635.039298     1.234207   107.393237    45.719904    61.673333    40.430574    40.549067     0.517819   286.433470   280.134443    26.207127     4.961648    -0.032712
      1967.0     2.234053   320.765529   343.256505   635.414981     1.270387   105.614828    44.587150    61.027678    40.115552    40.699291     0.511749   286.451179   280.104764    26.031326     4.239494     0.208057
      1968.0     2.466940   321.673511   342.806838   635.821724     1.264880   105.601546    44.474988    61.126559    40.422116    40.732709     0.506488   286.451264   280.045322    25.924740     4.191946    -0.096150
      1969.0     2.767275   322.531585   342.045557   635.694119     1.191912   106.065439    45.008186    61.057252    40.476743    40.502786     0.498353   286.531160   280.272314    25.891270     5.266680     0.153648
      1970.0     5.766285   324.058183   342.430994   636.071475     1.376951   108.577409    46.498697    62.078712    40.580514    40.888437     0.492254   286.337027   279.918310    25.954811     5.224824    -0.069433
      1971.0     3.850372   324.676800   343.455972   636.528801     1.373972   110.587103    47.301285    63.285818    41.226705    41.950388     0.470811   286.374797   280.084448    25.974920     4.325919     0.266356
      1972.0     4.906304   326.622479   342.995090   636.925544     1.546238   107.144512    45.137150    62.007362    41.047497    41.102837     0.471593   286.508155   280.131076    25.992584     4.495195    -0.341403
      1973.0     6.703068   329.176787   342.679051   636.760668     1.686867   108.035139    45.686237    62.348902    41.182453    41.158697     0.470076   286.663332   280.505318    26.039450     4.843579     0.141120
      1974.0     4.294359   330.024904   342.541086   637.020319     1.590978   108.046742    46.160486    61.886256    40.435263    40.764637     0.467897   286.409959   280.227932    26.090450     5.533814     0.069723
      1975.0     2.959268   330.094725   343.308128   637.616811     1.549409   110.204616    47.100417    63.104200    40.797834    41.658095     0.467793   286.384698   280.065983    26.080240     4.675281     0.263769
      1976.0     2.985487   330.803169   343.239586   638.049227     1.507762   109.877657    46.578993    63.298664    41.574513    41.695445     0.468319   286.539013   280.291269    26.178207     4.952090    -0.311484
      1977.0     5.729694   332.609144   343.337707   638.270602     1.569913   109.494052    46.535120    62.958931    41.370884    41.777572     0.466001   286.533096   280.280289    26.258533     4.659427     0.185314
      1978.0     5.991591   334.265458   343.620142   638.476539     1.680763   110.206505    47.100320    63.106184    41.300104    41.574098     0.465399   286.491791   280.168586    26.369242     5.243788     0.068057
      1979.0     4.853976   335.851921   343.784466   638.924430     1.764600   108.781086    45.979677    62.801409    41.233434    41.657200     0.464112   286.565411   280.293609    26.489433     4.158153    -0.024126
      1980.0     6.722861   337.947260   343.484078   638.929189     1.893842   109.930713    46.863648    63.067065    41.418724    41.396175     0.464653   286.713853   280.558394    26.579058     5.767861    -0.027308
      1981.0     5.664588   339.304222   344.021130   639.233382     1.747675   111.774258    47.973878    63.800380    41.795341    42.339077     0.520468   286.615192   280.235502    26.914309     5.097749     0.239542
      1982.0     5.116801   339.882950   344.784205   640.005928     1.647853   113.040757    48.855149    64.185608    41.406466    42.469894     0.522892   286.341408   279.870204    27.288240     5.622180     0.290883
      1983.0     7.160772   341.509302   345.672164   641.269600     1.755209   113.238948    48.941565    64.297382    41.662872    42.873987     0.525423   286.197392   279.638940    27.732122     5.179619    -0.052557
      1984.0     6.201999   343.245456   345.791195   642.391522     1.807659   112.351834    48.063586    64.288248    42.003480    43.045141     0.529346   286.350785   280.006482    28.192959     4.899414    -0.080262
      1985.0     6.446761   344.692215   346.187426   643.094825     1.686363   113.796074    48.992139    64.803934    41.920738    42.819972     0.529997   286.259096   279.853971    28.556293     5.775937     0.195931
      1986.0     5.748103   346.129017   346.827528   644.159374     1.806527   114.293559    48.979816    65.313743    42.571837    43.604984     0.532507   286.565884   280.347443    28.927914     4.734730    -0.031403
      1987.0     5.734021   347.994856   346.439889   644.464848     2.010713   112.657160    47.978390    64.678770    42.652550    42.809264     0.535508   286.807910   280.560573    29.278442     5.556764    -0.148760
      1988.0     6.678016   350.499287   346.036811   644.553051     2.116924   112.069267    47.487819    64.581448    42.754521    42.484877     0.538860   287.014788   280.804296    29.616497     5.406021    -0.357847
      1989.0     5.847940   352.105725   345.697925   644.130636     2.127247   114.011201    48.896506    65.114694    43.046198    42.855145     0.539201   287.163912   281.099410    29.919416     6.380248     0.231362
      1990.0     6.841897   353.283095   346.941966   644.552033     2.090038   116.502450    50.500770    66.001680    42.511957    43.674091     0.541521   286.740338   280.467512    30.152149     5.582638     0.740737
      1991.0     6.762123   354.560249   348.198988   645.714046     2.049869   117.027978    50.606534    66.421444    43.021996    43.936930     0.429831   286.655225   280.269157    29.804300     5.412582    -0.247078
      1992.0     5.175723   355.438298   348.819344   646.550335     2.010274   115.712882    49.700428    66.012454    42.908343    43.825702     0.429187   286.559342   280.224181    29.483315     5.254370     0.081070
      1993.0     4.583308   356.126767   349.358907   647.347589     2.036797   115.237747    49.513195    65.724552    42.774425    43.642726     0.425340   286.607971   280.383756    29.254805     5.330906     0.071047
      1994.0     6.038108   357.453798   349.692453   647.932072     2.058787   116.313644    50.007244    66.306400    43.195174    43.597383     0.422692   286.675130   280.365480    29.054907     6.076315    -0.182273
      1995.0     7.630071   359.439365   350.848979   648.328508     2.146638   117.881386    50.615057    67.266329    43.639970    44.217138     0.420154   286.882123   280.789945    28.935581     5.241394     0.180731
      1996.0     6.774818   361.195464   351.503839   648.879906     2.182461   117.975670    50.526462    67.449208    43.839827    44.519389     0.418534   286.969592   280.835860    28.780649     5.352212     0.128165
      1997.0     6.047720   362.442686   351.722539   649.235174     2.156150   117.383778    50.465611    66.918167    43.573254    43.945570     0.414588   286.897257   280.745107    28.753677     6.301341     0.017048
      1998.0    10.347336   365.116722   353.367982   650.009644     2.335354   120.315372    52.147410    68.167962    44.093584    45.046615     0.412043   286.800601   280.608768    28.689316     5.455352     0.178561
      1999.0     7.756412   367.022481   354.243559   650.808485     2.417390   119.156177    51.066879    68.089298    44.027437    44.970053     0.410564   286.893076   280.741039    28.716539     5.221250     0.143775
      2000.0     5.583859   368.299635   354.554087   651.202068     2.302661   118.858231    50.993941    67.864290    44.619430    44.804151     0.409213   286.981493   280.793767    28.873077     5.879262    -0.208862
      2001.0     7.139952   369.846208   355.004705   651.647947     2.334537   119.201049    51.380174    67.820875    44.141635    44.359913     0.493073   286.888733   280.822353    29.341032     6.569644    -0.227601
      2002.0     8.836016   372.001381   356.282226   652.191901     2.279723   120.361497    52.119991    68.241506    44.432905    45.238088     0.398859   286.797288   280.509708    29.130510     5.604382     0.261228
      2003.0     9.424117   374.575664   357.352312   652.942518     2.365276   121.851310    52.488856    69.362455    44.797436    45.723646     0.625329   286.892138   280.840931    29.410900     5.695123     0.175594
      2004.0     8.175571   376.152139   358.240116   653.894814     2.438940   123.681003    53.645377    70.035626    45.095046    46.120730     0.657720   286.886254   280.765451    30.333521     6.636843     0.073388
      2005.0     7.196804   378.067885   359.010745   654.540204     2.547347   121.538090    51.972219    69.565871    45.370099    45.981266     0.434247   287.183180   281.192871    30.651354     5.220324    -0.034223
      2006.0     7.914277   380.163224   359.380965   654.779528     2.401580   121.320143    52.175933    69.144210    45.248825    45.353836     0.433647   287.197630   281.131539    30.460632     6.451876    -0.134312
      2007.0     8.708628   381.749687   360.963378   655.430039     2.348079   124.105145    53.868311    70.236834    45.022552    45.813230     0.418540   286.939732   280.873888    30.388241     6.472667     0.140168
      2008.0     9.721091   383.884915   363.032334   656.443392     2.417881   125.608319    54.369727    71.238592    45.540517    47.237146     0.477254   287.022871   280.792261    30.380501     5.063625     0.683276
      2009.0     6.003093   385.421501   363.879863   657.348322     2.500814   123.621278    52.723364    70.897914    46.498814    46.599841     0.527328   287.444877   281.554698    30.351175     5.275994    -0.803904
      2010.0     7.386409   387.856080   362.862149   657.294477     2.633907   121.550950    51.956967    69.593983    45.814539    45.833373     1.070137   287.493109   281.638214    32.335564     7.141307     0.072680
      2011.0    10.056349   390.071148   364.481498   657.585228     2.689912   125.412756    54.487890    70.924867    45.607029    46.521730     0.594004   287.118483   281.124062    32.598217     6.346811     0.623950
      2012.0     8.812438   392.146512   365.975185   658.508443     2.734920   126.444188    54.598367    71.845820    46.474536    47.385227     0.559259   287.356768   281.373470    32.761871     5.719454    -0.012523
      2013.0     8.881625   394.840523   365.782249   659.204343     2.681700   124.438246    53.622298    70.815948    46.341377    47.005899     0.992389   287.333080   281.356964    33.812046     6.809336    -0.031379
      2014.0     8.536769   396.666442   366.376325   659.889384     2.661253   125.893906    54.559264    71.334642    45.783689    46.583378     0.801317   287.207440   281.271848    34.705627     7.381810     0.114649
      2015.0    10.869313   399.061133   368.059107   660.854744     2.710373   128.062932    55.793585    72.269347    46.056360    47.312298     0.625384   287.251593   281.281357    34.708916     6.798505     0.290578
      2016.0     9.733079   402.224071   369.057059   661.607315     2.943509   126.402340    53.976189    72.426150    47.147585    47.617769     0.619586   287.671393   281.783884    35.208759     5.360469    -0.282388
      2017.0    10.125417   404.838243   368.925235   661.796164     2.880168   126.062123    54.712617    71.349506    46.252480    46.836185     0.620717   287.616050   281.730391    35.546921     8.008256     0.394856
      2018.0    10.997998   407.651983   370.638390   662.628197     2.919380   128.482698    55.831912    72.650785    46.867492    47.720136     0.617689   287.612437   281.611332    35.766659     6.398621     0.020611
      2019.0     9.555726   410.425803   370.560483   662.857082     2.963708   126.495711    54.552717    71.942994    46.976477    46.991049     0.646914   287.664336   281.792333    36.013035     7.639575    -0.214313
      2020.0    10.305217   413.179679   371.587256   663.588753     3.032846   126.626393    54.778546    71.847847    46.452231    47.405390     0.633732   287.384014   281.250252    36.168430     6.346383     0.221488
      2021.0    10.971975   415.913579   373.319516   664.135734     2.998286   129.677809    56.391861    73.285948    47.336748    47.896714     0.547907   287.554805   281.564909    35.546043     6.762888     0.012985
      2022.0    11.539158   418.677412   374.509396   664.749063     3.029684   129.796694    56.733595    73.063099    47.124628    48.046926     0.545310   287.399130   281.472809    35.035545     7.496790     0.308969
      2023.0    12.311752   421.501140   376.550542   665.778589     3.062860   131.996848    57.626060    74.370788    47.237143    48.356841     0.545189   287.336901   281.374175    34.622639     7.228072     0.090172
      2024.0    11.453667   424.384701   378.493767   666.770695     3.066873   133.681979    58.208268    75.473712    48.546309    49.778482     0.529480   287.678464   281.732042    34.281433     6.486560     0.240068
      2025.0    10.441740   427.338144   379.119535   667.650122     3.207924   130.320649    56.382264    73.938384    48.167054    48.752964     0.521318   287.771368   282.000128    34.001415     7.003533    -0.293517
      2026.0    12.416027   430.351421   380.310276   668.111475     3.168507   132.730582    57.951005    74.779576    47.840378    48.639011     0.521374   287.633345   281.837803    33.811924     8.121254     0.337280
      2027.0    12.821742   433.424593   382.239701   669.383389     3.227566   133.800621    58.496560    75.304062    48.047471    49.528505     0.524639   287.574610   281.684637    33.730679     7.038629     0.209121
      2028.0    12.620952   436.557599   383.494481   670.649358     3.387244   134.005810    58.512187    75.493623    48.545253    49.766314     0.506503   287.646240   281.653319    33.679417     7.491094    -0.044909
      2029.0    11.327202   439.750499   384.696800   671.444383     3.251717   133.420478    57.922613    75.497865    49.127450    49.754790     0.500821   287.893716   282.049336    33.681499     6.965504    -0.167685
      2030.0    11.716131   443.013221   385.779261   671.568724     3.272338   135.052421    58.733300    76.319121    49.585057    49.993257     0.483881   288.033703   282.314501    33.731041     7.657582     0.283860
      2031.0    13.343402   446.325849   387.358146   672.129470     3.451137   136.484122    59.761027    76.723095    49.250643    49.964227     0.522942   287.906681   282.087526    33.852409     8.217914     0.152837
      2032.0    12.329188   449.698342   388.524242   673.064797     3.554057   133.855794    58.116788    75.739007    48.992967    49.837353     0.518894   287.856717   282.121030    33.989536     7.113339    -0.090942
      2033.0    13.168379   453.080792   389.734858   673.748644     3.418910   135.765342    59.365698    76.399644    49.103018    50.098186     0.512064   287.799369   281.952520    34.085732     8.056896     0.311322
      2034.0    13.224439   456.503162   391.580734   674.474958     3.413499   138.102276    60.282509    77.819767    49.902717    50.664383     0.513464   288.093556   282.463089    34.212379     7.772250     0.035352
      2035.0    13.065957   459.945506   392.739762   675.410410     3.426137   137.052524    59.979831    77.072692    49.873520    50.785678     0.508833   287.908508   282.104628    34.314831     8.035126    -0.023293
      2036.0    12.118954   463.427740   393.693237   676.478834     3.556630   134.877503    58.435139    76.442364    49.529908    50.515919     0.520211   287.966980   282.159754    34.401577     6.965746    -0.082412
      2037.0    12.623612   466.929949   394.095223   676.865412     3.586757   134.842914    58.961739    75.881175    49.520672    50.142343     0.504937   288.145442   282.409773    34.500832     8.417409     0.235093
      2038.0    13.048314   470.472047   395.515945   677.563439     3.525203   136.633786    59.856192    76.777594    49.973491    50.652758     0.508212   288.157634   282.371515    34.661697     7.782713    -0.018759
      2039.0    14.082530   474.044108   397.020376   678.425362     3.687097   136.918469    60.089088    76.829381    49.481650    50.539930     0.496571   287.921332   282.234944    34.738091     8.044726     0.196357
      2040.0    14.364943   477.656058   399.242983   679.422586     3.749757   141.082891    61.822675    79.260216    50.727619    51.877772     0.510330   288.050517   282.317554    34.866821     7.722295     0.152930
      2041.0    12.351249   481.297939   399.521854   680.225248     3.762412   136.432387    59.240356    77.192031    50.369828    50.977417     0.491540   288.264129   282.580464    34.951511     7.984068    -0.195073
      2042.0    13.422115   484.949809   400.824560   680.815263     3.741312   138.837977    60.702537    78.135440    50.673708    51.457567     0.474210   288.350022   282.698104    35.032921     7.942264     0.193844
      2043.0    13.276015   488.611666   402.048731   681.098299     3.692933   139.742545    61.085746    78.656799    51.131138    51.282317     0.491763   288.454578   282.731455    35.114563     8.579258    -0.131857
      2044.0    14.796093   492.283480   404.024599   681.509085     3.834973   143.298840    63.042134    80.256707    51.643643    52.197206     0.479779   288.385372   282.861395    35.174934     8.869060     0.142777
      2045.0    13.972399   495.955294   405.945105   682.552569     3.937704   141.043049    61.601495    79.441555    51.051014    52.725577     0.494358   288.216433   282.541975    35.350845     6.955412     0.631079
      2046.0    14.521483   499.637095   407.037507   683.474290     3.814260   142.283891    62.573153    79.710738    51.468326    52.022707     0.505759   288.293820   282.485233    35.444046     9.458044    -0.367339
      2047.0    14.035256   503.318897   409.039043   684.363147     3.777318   142.966376    62.494441    80.471935    51.650470    52.679680     0.495428   288.481738   282.904340    35.550007     7.813224     0.140353
      2048.0    12.463017   507.020643   409.708874   684.837260     3.841963   140.863393    60.967733    79.895660    51.873681    51.846770     0.502348   288.703596   283.276369    35.679970     8.451133    -0.501024
      2049.0    14.812117   510.732376   411.664025   685.020640     3.922158   144.679527    63.461679    81.217848    51.994316    52.642061     0.510311   288.568633   282.885403    35.863445     8.864467     0.464365
      2050.0    13.746841   514.444140   413.428161   685.734795     3.841246   144.210993    62.765535    81.445459    52.236650    53.364710     0.527432   288.676876   283.182089    36.151421     7.636689     0.413905
      2051.0    14.288032   518.175819   414.192042   686.354986     3.997385   143.505761    62.687590    80.818171    52.059955    52.154397     0.538218   288.682674   283.190028    36.497398     9.769312    -0.525749
      2052.0    14.681625   521.907497   416.827116   687.088232     3.869809   147.011788    64.551491    82.460297    53.083045    54.204137     0.527537   288.630121   283.044356    36.767941     7.712280     0.387846
      2053.0    13.234551   525.639175   417.929824   688.290941     3.878761   142.759828    62.062726    80.697102    52.050890    53.676710     0.533094   288.578770   282.945043    37.099396     7.283308     0.423112
      2054.0    12.723181   529.370853   417.973128   688.947250     3.888234   142.355141    62.058195    80.296946    52.690237    52.644386     0.523798   288.828837   283.386066    37.397095     9.370505    -0.702161
      2055.0    13.525611   533.092605   419.205018   689.144630     3.902275   144.738800    63.255859    81.482942    52.783576    53.367813     0.546930   288.961001   283.608957    37.688396     8.656156     0.386857
      2056.0    14.629883   536.814295   420.615066   689.469857     3.858317   147.720187    65.035968    82.684219    53.421160    53.540214     0.560354   288.950614   283.520593    37.914722    10.085705    -0.206172
      2057.0    13.387518   540.535986   422.386800   690.232835     3.943476   145.710612    63.621761    82.088851    53.259577    54.235885     0.539144   288.836455   283.327505    38.136608     7.614142     0.213330
      2058.0    12.827516   544.257677   423.285588   690.911185     3.906697   143.975236    62.370815    81.604420    52.731882    53.184617     0.541902   288.981731   283.563270    38.424915     8.287410    -0.225616
      2059.0    13.173572   547.989416   424.339478   690.739188     3.847073   146.308534    63.791611    82.516924    53.651223    53.212356     0.529865   289.161507   283.821880    38.627541     9.525365    -0.266869
      2060.0    13.862215   551.711107   425.861815   690.813891     4.034496   147.100283    64.324142    82.776140    53.550436    54.069226     0.529888   289.122082   283.672962    38.834881     8.732579     0.444086
      2061.0    14.560406   555.432797   427.716926   691.200329     4.033502   149.403207    65.503362    83.899845    53.922139    54.519701     0.529353   289.129348   283.989163    38.947041     9.128550     0.211125
      2062.0    14.644968   559.144561   429.428881   691.985750     4.018132   149.200754    65.403640    83.797114    53.835539    54.644631     0.532347   289.015536   283.626751    39.133350     9.047054     0.023670
      2063.0    13.504870   562.846277   430.744845   692.664018     4.006435   147.801900    64.412467    83.389433    53.837738    54.480256     0.529832   289.117174   283.790076    39.299713     8.616247    -0.035749
      2064.0    13.653106   566.528078   431.713434   693.266245     3.965152   148.282210    64.912972    83.369238    53.975144    54.462630     0.530286   289.151582   283.804386    39.457855     9.481753    -0.114742
      2065.0    14.023014   570.189966   433.245731   693.982995     3.923641   148.435851    65.066348    83.369503    53.757492    54.459835     0.507044   289.075957   283.684925    39.528347     9.074217    -0.014408
      2066.0    13.088778   573.841805   434.843537   694.500631     3.934613   149.176045    65.222061    83.953984    54.514916    55.222742     0.550003   289.207090   283.898492    39.743900     8.401512     0.190190
      2067.0    11.975334   577.473730   435.402566   694.842366     3.886175   147.200311    63.976138    83.224173    54.535768    54.536551     0.573457   289.406905   284.247626    39.980011     8.880558    -0.340951
      2068.0    15.561725   581.095667   437.071891   694.847451     3.893645   154.002610    68.232293    85.770316    54.936632    55.439318     0.557827   289.316264   284.012299    40.166828    11.123651     0.497601
      2069.0    13.507105   584.707617   439.567869   695.937190     4.031265   152.894086    66.772127    86.121958    55.574806    56.632906     0.568319   289.343958   284.100317    40.420002     7.643243    -0.031639
      2070.0    13.616385   588.299591   439.845496   696.644826     4.097070   150.296154    65.855740    84.440414    54.710923    55.312710     0.607214   289.427018   284.149549    40.702320    10.265402    -0.105849
      2071.0    13.126759   591.881639   441.133764   697.285663     3.854143   151.668887    66.458449    85.210439    55.366807    56.107841     0.586953   289.586003   284.280987    40.938187     9.062340     0.100198
      2072.0    12.662887   595.413750   441.963449   697.651175     3.841740   151.627227    66.332648    85.294579    55.572269    56.015395     0.637375   289.675697   284.324606    41.217911     9.487568     0.077613
      2073.0    13.116477   598.876070   442.979990   698.196782     3.889096   150.446727    66.106157    84.340570    54.978290    55.528992     0.595230   289.511983   284.136133    41.410374     9.560624     0.005094
      2074.0    12.700223   602.268477   444.469069   698.648473     3.885706   151.848411    66.541934    85.306477    55.596457    55.827580     0.559637   289.609785   284.459532    41.677765     9.225276    -0.220567
      2075.0    13.447926   605.601080   445.979491   699.083749     3.815561   152.437950    66.998672    85.439278    55.258448    55.755090     0.582931   289.400986   284.144752    41.882534     9.733160     0.061365
      2076.0    12.823057   608.863771   447.794185   699.976672     3.958491   152.853868    66.886461    85.967406    55.482644    56.806121     0.483257   289.487648   284.059969    41.885830     8.265647     0.430553
      2077.0    11.911949   612.056672   448.760469   700.487016     3.770077   153.180293    67.085578    86.094715    56.234570    56.446957     0.482049   289.811259   284.633405    41.897816     9.672337    -0.297956
      2078.0    11.356077   615.189708   449.242700   700.636890     3.820001   149.830697    65.349244    84.481453    55.291209    55.074578     0.490529   289.770460   284.578067    41.958893     9.792434    -0.366506
      2079.0    12.776634   618.252892   450.948389   700.832795     3.876566   153.131967    67.353281    85.778687    55.506170    56.155264     0.488923   289.657550   284.387670    42.038574     9.492327     0.453190
      2080.0    10.651135   621.256212   451.582507   701.215389     3.667730   150.977119    65.847966    85.129153    55.725899    55.737642     0.491342   289.883853   284.649796    42.123505     9.476206    -0.370852
      2081.0    12.326192   624.189681   453.562017   701.189446     3.768995   155.551978    68.533100    87.018878    56.633472    56.950164     0.465794   289.939418   284.893389    42.171043     9.603427     0.342635
      2082.0    10.298008   627.063285   454.527567   701.609765     3.833364   151.806587    65.957434    85.849153    56.182732    56.639723     0.451500   289.959711   284.773792    42.221218     8.352162     0.036672
      2083.0    12.756115   629.867037   455.771928   701.470873     3.755044   156.187159    69.002111    87.185048    56.554688    56.516441     0.451359   289.986137   284.899396    42.261612    11.241308     0.100645
      2084.0     9.436201   632.600938   457.140199   702.136984     3.732944   152.085649    65.700743    86.384906    56.326557    56.886287     0.456635   290.034252   284.966297    42.368454     7.446185    -0.106380
      2085.0    11.913556   635.264987   458.104179   701.792857     3.750517   155.465314    68.329766    87.135548    56.496642    56.125351     0.447263   289.995359   284.964624    42.447914    11.240434    -0.027164
      2086.0     9.892749   637.859245   459.278866   702.102646     3.665837   152.095701    66.171647    85.924054    56.192875    56.021776     0.426211   290.042299   285.016059    42.494953     8.975185    -0.480888
      2087.0     9.714114   640.383590   460.166050   702.001665     3.669586   150.631093    65.340363    85.290730    55.451784    55.550115     0.416706   289.919932   284.903114    42.547371     8.903064     0.199312
      2088.0    12.019634   642.848132   461.976854   702.085144     3.707050   155.914823    68.750048    87.164775    56.363566    56.823214     0.387652   289.891018   284.864430    42.558472    10.116030     0.376170
      2089.0    11.568813   645.232774   464.295556   702.784347     3.561940   157.829509    69.599762    88.229747    57.166507    58.048092     0.378453   289.916337   284.792532    42.609783     9.232968     0.182382
      2090.0     9.005139   647.547626   465.579342   703.523699     3.440919   153.946771    66.931888    87.014884    56.759813    57.135294     0.383670   290.042340   284.994030    42.694599     8.512808    -0.363871
      2091.0     9.977471   649.792625   466.542179   703.488223     3.456976   156.039772    68.500753    87.539019    57.154371    57.460665     0.404769   290.125794   285.221826    42.801994    10.077251     0.341770
      2092.0     8.822626   651.977760   467.423619   703.806624     3.673865   152.946130    66.319716    86.626414    56.408394    56.368803     0.394541   290.132442   285.064734    42.925571     9.069472    -0.357991
      2093.0     9.642747   654.083056   467.981681   703.541883     3.540360   153.457581    67.130039    86.327541    56.169520    56.144258     0.386680   289.985345   284.919431    43.038837    10.427719     0.239478
      2094.0     9.861961   656.128549   470.302824   704.004896     3.607431   156.124832    68.227445    87.897387    56.953286    57.508436     0.391011   290.112829   285.115229    43.142078     8.397866     0.092137
      2095.0     8.233638   658.104129   471.033453   704.206290     3.305778   154.099204    67.190712    86.908492    56.990970    57.163255     0.376935   290.215869   285.087334    43.286076     9.296828    -0.029108
      2096.0     7.909204   659.999870   471.520892   704.255790     3.378329   153.294425    66.753228    86.541197    56.792303    56.716367     0.426285   290.303219   285.371116    43.533890     9.549422    -0.125436
      2097.0     8.796464   661.835807   472.491445   704.221652     3.410626   153.424498    66.873571    86.550927    56.094586    56.415396     0.422486   290.147079   285.013296    43.713703     9.487621     0.354949
      2098.0     8.602806   663.601893   473.844600   704.587399     3.314497   155.127508    67.965310    87.162199    56.983031    57.268844     0.425175   290.221422   285.091102    43.909557     9.343310    -0.079934
      2099.0     6.847746   665.298127   474.541859   704.459986     3.277528   153.684402    66.623819    87.060583    57.200899    56.743131     0.419182   290.510300   285.612515    44.003609     9.183429    -0.330355
      2100.0     8.760801   666.914521   475.635087   704.420450     3.208232   156.424359    68.697677    87.726682    56.974070    57.308709     0.412898   290.262245   285.230264    44.107536    10.295740     0.374174