        time     emission          CO2         cveg        csoil        fgco2         fgpp         fnpp           ra          frh     fvegsoil         fluc          tas     tas_land        cprod     fcvegout    fcsoilout
      1850.0    -0.274891   285.015034   545.450655  1980.685713    -0.278520    95.202908    37.961730    57.241177    36.603935    37.081178     0.028763   286.920497   281.691854     2.969004     0.597143     0.689355
      1851.0     0.244650   285.148844   545.257807  1980.636088    -0.174248    96.945004    39.074294    57.870710    37.070083    37.474536     0.188004   286.964653   281.757393     5.699495     1.792606     0.454079
      1852.0    -0.713995   285.292624   544.588701  1980.748948    -0.185674    95.698785    38.281115    57.417669    36.918980    37.429760     0.217657   287.047929   281.846264     7.943914     1.520461     0.397919
      1853.0    -0.277900   285.424814   543.868596  1980.649848    -0.213868    96.709868    38.905840    57.804028    37.330570    37.313264     0.240841   287.024706   281.857901     9.742354     2.312681     0.081794
      1854.0    -0.189207   285.539022   543.488564  1980.721960    -0.077711    96.708074    38.835994    57.872080    36.880172    37.719535     0.259717   286.930843   281.716335    11.337529     1.496491     0.767250
      1855.0    -0.613185   285.638215   542.586040  1980.934425    -0.059832    96.020335    38.448147    57.572188    36.679002    37.478252     0.275521   287.045404   281.740480    12.692865     1.872418     0.586785
      1856.0    -0.363621   285.752035   541.673207  1980.930894     0.020866    95.225667    38.335494    56.890173    36.649594    37.068204     0.287511   287.095444   281.975335    13.831986     2.180123     0.422142
      1857.0     0.020603   285.904021   541.173416  1981.066548     0.119239    96.256621    38.899750    57.356871    36.774926    37.499675     0.297113   287.006896   281.811413    14.957952     1.899865     0.589094
      1858.0    -0.832680   286.069966   539.844325  1981.645363     0.095451    95.106773    37.553041    57.553732    36.179628    37.538095     0.304260   287.188712   281.975627    15.825027     1.344038     0.779652
      1859.0    -0.931828   286.248010   537.899483  1981.765353     0.093323    95.933305    38.439199    57.494106    37.416058    37.409751     0.310254   287.257632   282.285852    16.710178     2.974289    -0.126297
      1860.0     0.214297   286.440534   537.873811  1980.922525     0.210622    97.416336    39.294536    58.121801    37.479533    37.485925     0.316064   287.046236   281.897369    17.503447     1.834282     0.849219
      1861.0    -0.577284   286.631073   537.004420  1981.039241     0.037303    95.669695    38.069651    57.600044    36.685192    37.387017     0.291210   287.181249   282.244882    18.135260     1.552024     0.585110
      1862.0     0.468566   286.801930   536.334088  1980.974028     0.041014    96.884453    39.248508    57.635945    37.189685    37.131586     0.293178   286.818121   281.450878    18.709314     2.787255     0.007114
      1863.0     0.735164   286.972957   537.163450  1980.469182     0.003161    98.637377    39.914806    58.722571    37.202380    37.422179     0.295249   286.858243   281.600414    19.258133     1.663266     0.724644
      1864.0    -0.128333   287.144482   537.393230  1980.381947    -0.012492    97.608318    38.898130    58.710188    37.100093    37.909715     0.297099   287.068272   281.733170    19.802094     0.758635     0.896857
      1865.0    -0.624774   287.316115   536.354986  1980.479543    -0.081895    97.199642    38.866026    58.333616    37.592366    37.493635     0.297969   287.205420   281.998458    20.286100     2.410635    -0.196327
      1866.0    -0.114690   287.485043   536.055710  1980.161785    -0.088555    96.923225    38.957464    57.965762    37.085404    37.464838     0.299083   287.049064   281.928121    20.744902     1.791901     0.697191
      1867.0     0.455122   287.655116   535.850772  1980.162368     0.003181    97.280976    38.946950    58.334026    36.845797    37.767263     0.299856   287.021245   281.760959    21.193092     1.384626     0.920883
      1868.0    -0.599845   287.803513   535.244499  1980.424495    -0.077400    97.422154    38.538771    58.883383    36.977016    37.445896     0.300351   287.230892   282.234128    21.746618     1.699147     0.206754
      1869.0    -0.240513   287.928433   534.394435  1980.332332     0.039869    96.453535    38.803222    57.650313    36.981387    37.376833     0.301573   287.190592   282.103036    22.082043     2.276453     0.487609
      1870.0    -0.408693   288.059078   534.104218  1980.200107     0.075816    96.713065    38.492296    58.220769    37.005091    37.503151     0.301861   287.204395   282.091471    22.538736     1.279363     0.630285
      1871.0    -0.448938   288.202068   533.123803  1980.014803    -0.012795    97.696593    39.210218    58.486376    37.595822    37.119760     0.378698   287.319172   282.511833    23.370539     3.070873    -0.290759
      1872.0     0.398847   288.373008   533.320641  1979.504120     0.115913    97.978317    39.558786    58.419531    36.903988    37.795058     0.385115   287.047989   281.931568    24.090361     1.566890     1.401753
      1873.0    -0.408183   288.567537   532.331107  1980.069322     0.246064    96.666567    38.361847    58.304720    36.731212    37.814214     0.389191   287.291903   282.203220    24.788950     1.537167     0.517801
      1874.0    -0.224862   288.772790   531.347021  1979.857608     0.026201    97.606531    39.308901    58.297630    37.684746    37.140396     0.392810   287.295776   282.239359    25.430189     3.152591    -0.332636
      1875.0     0.616179   289.000189   531.793816  1979.235166     0.054053   100.442971    40.482726    59.960245    37.691269    37.968602     0.397231   287.190092   282.279315    26.039585     2.067329     0.899774
      1876.0    -0.038543   289.230287   531.561740  1979.265599     0.108447    98.792210    39.082210    59.710000    37.070175    38.209395     0.400045   287.313302   282.270221    26.595613     1.104891     1.108787
      1877.0    -0.606206   289.463969   530.075042  1979.570490     0.072168    97.639552    38.911901    58.727651    37.574634    37.668283     0.401284   287.332824   282.325548    27.163952     2.730316    -0.211242
      1878.0     0.562618   289.702523   529.745743  1979.131865     0.025867    98.443960    39.894424    58.549535    37.434207    37.692919     0.404351   287.076925   281.934870    27.631945     2.530805     0.697338
      1879.0    -0.081865   289.935477   529.616410  1979.299037     0.070882    97.783177    38.919521    58.863656    36.737558    37.974845     0.406352   287.219567   282.130394    28.172789     1.074009     1.070115
      1880.0    -0.721611   290.185656   527.897141  1979.701705     0.116085    95.893974    38.142273    57.751701    36.796966    37.613046     0.407435   287.422301   282.455096    28.773949     2.248496     0.413412
      1881.0    -0.337650   290.453569   526.822672  1979.532458     0.175494    97.335782    39.071449    58.264333    37.427133    37.199486     0.406865   287.427760   282.374043    29.122705     2.946432    -0.058401
      1882.0    -0.763484   290.729200   526.122669  1979.064771     0.206246    96.399762    38.507629    57.892133    37.118796    37.831755     0.407388   287.451106   282.412335    29.571573     1.375878     1.180646
      1883.0    -0.736017   290.978438   524.451812  1978.893866     0.182231    95.347702    38.240930    57.106772    36.970002    36.833829     0.408747   287.464663   282.390557    30.067377     3.077958     0.034732
      1884.0     0.745163   291.232801   524.021919  1978.503116     0.332181    97.008208    39.390328    57.617880    36.525862    37.044402     0.410389   287.085997   281.917992    30.468792     2.775818     0.909290
      1885.0     0.840159   291.517328   524.181575  1978.240303     0.328856    97.470549    39.403710    58.066839    37.006830    37.225533     0.411749   286.983961   281.669714    30.857256     2.018521     0.481516
      1886.0     0.637233   291.820849   524.104834  1978.264159     0.289562    96.794374    38.722288    58.072087    36.579019    37.137899     0.414024   287.009358   281.675949    31.229195     1.661129     0.535025
      1887.0     0.505506   292.139735   523.459011  1978.504581     0.227702    98.020568    39.099993    58.920575    36.925175    37.394266     0.415344   287.079442   281.960213    31.717787     2.351551     0.228668
      1888.0     0.578802   292.486002   523.355759  1978.155773     0.349348    98.009756    39.097210    58.912546    37.022670    37.465334     0.417760   287.062164   281.735697    32.106953     1.735128     0.791472
      1889.0     0.998501   292.836075   522.968632  1978.063650     0.270912    98.519888    39.446240    59.073648    36.924258    37.423137     0.418817   287.303889   282.298402    32.528217     2.410231     0.591001
      1890.0     0.439315   293.184243   522.522305  1978.240564     0.315811    97.647034    39.019633    58.627401    37.031268    37.473192     0.420953   287.130534   281.907307    32.970390     1.992768     0.265011
      1891.0     0.442751   293.540856   521.765934  1978.287659     0.413557    98.502560    39.290536    59.212024    36.975895    37.643058     0.475001   287.327317   282.317257    33.753429     2.403849     0.620068
      1892.0     0.090363   293.887316   521.101730  1978.050777     0.365729    97.133493    38.881090    58.252403    36.930444    37.187389     0.479603   287.411175   282.340512    34.459415     2.357905     0.493827
      1893.0     0.173571   294.202925   520.230386  1977.748515     0.433717    97.538188    38.958658    58.579530    37.072806    37.390946     0.483567   287.523162   282.595112    35.040775     2.439056     0.620402
      1894.0     0.026565   294.513346   519.201963  1977.852075     0.390730    96.511898    38.737363    57.774536    36.875071    37.228908     0.487661   287.311070   282.292789    35.537285     2.536878     0.250276
      1895.0     1.261590   294.804404   519.639660  1977.002458     0.327010    99.734173    40.559653    59.174520    37.741750    37.364894     0.490267   287.144487   282.005940    36.119114     2.757062     0.472763
      1896.0     0.495243   295.090732   519.741595  1977.047542     0.294238    98.308113    38.988421    59.319691    36.504730    38.141860     0.493941   287.254068   282.250140    36.690556     0.744625     1.592046
      1897.0    -0.364782   295.376825   518.422806  1977.475371     0.264227    97.710583    39.032485    58.678098    37.084824    37.483109     0.495367   287.243548   282.244266    37.258423     2.868165    -0.029543
      1898.0     0.646119   295.688444   517.747580  1977.081209     0.226190    98.999681    40.223628    58.776054    37.658833    37.392731     0.497363   287.085573   282.004312    37.822239     3.506122     0.128060
      1899.0     1.395407   296.035672   518.353037  1976.553654     0.345214   100.067531    40.327529    59.740002    37.426202    37.812128     0.500432   287.195334   282.085812    38.231728     1.909944     0.913481
      1900.0    -0.049448   296.402136   518.050054  1976.726896     0.262196    97.944285    38.754309    59.189977    36.724260    37.866705     0.501978   287.290696   282.237715    38.651241     1.190586     0.969203
      1901.0     0.351623   296.737347   516.380620  1977.065984     0.418453    98.429247    39.318357    59.110890    37.290119    37.521328     0.537470   287.284402   282.313439    39.399635     3.466462    -0.107879
      1902.0     0.268440   297.059186   515.972888  1976.689728     0.214147    98.997174    39.947762    59.049412    37.462602    37.741912     0.542124   287.079393   281.982203    40.083447     2.613582     0.655565
      1903.0     1.108476   297.383644   515.762065  1976.605827     0.477359    99.545582    39.817967    59.727615    36.802901    37.690749     0.545942   286.918187   281.617699    40.766747     2.338042     0.971750
      1904.0    -0.063235   297.692461   514.919700  1976.764106     0.366532    98.365394    39.042652    59.322742    37.062936    37.387066     0.550257   287.105523   281.957058    41.299339     2.497951     0.165852
      1905.0     0.869201   298.030257   514.305897  1976.638986     0.269455    99.549508    39.698526    59.850982    36.823783    37.365997     0.553698   287.084565   281.891575    41.885914     2.946331     0.667335
      1906.0     0.493123   298.409496   513.843652  1976.744655     0.277438    98.280026    39.342877    58.937150    36.747205    37.485168     0.557267   287.159983   282.065101    42.434765     2.319955     0.632293
      1907.0     0.763272   298.837743   513.120396  1976.924086     0.413323    98.242536    39.264045    58.978491    36.750198    37.728492     0.559249   287.180222   281.916193    42.893860     2.258809     0.798863
      1908.0     0.442265   299.260052   512.174977  1976.921091     0.395130    98.563839    39.620057    58.943782    37.412897    37.438345     0.561174   287.287576   282.218839    43.427822     3.127130     0.028443
      1909.0     1.107661   299.682663   512.279399  1976.305709     0.396067    99.335841    40.346473    58.989369    37.579240    37.532894     0.565686   287.206149   282.109321    44.091984     2.709157     0.569037
      1910.0     0.601021   300.123892   512.255029  1976.139196     0.418375    98.992641    39.666648    59.325993    37.200253    37.869296     0.569375   287.213987   282.146759    44.575207     1.821722     0.835555
      1911.0     0.828455   300.586566   511.299224  1976.230014     0.457653    98.789580    39.733105    59.056476    37.068957    37.622306     0.558579   287.233208   282.065091    44.998127     3.066604     0.462531
      1912.0     2.031533   301.109068   511.598143  1975.727299     0.499931   100.627956    40.761920    59.866036    37.307391    37.946346     0.561061   287.202450   282.181924    45.555721     2.516655     1.141670
      1913.0     1.052976   301.656835   511.119852  1976.117484     0.631288    99.799319    39.566773    60.232546    37.202515    37.681844     0.564974   287.129791   281.948912    45.936054     2.363220     0.089144
      1914.0     0.934575   302.173531   510.273434  1976.131744     0.528634    98.967009    39.599069    59.367940    37.018018    37.603693     0.566123   287.279600   282.289986    46.448376     2.841793     0.571415
      1915.0     1.443122   302.696156   509.991958  1976.004767     0.513493    99.118525    40.129925    58.988600    36.926603    37.826234     0.568137   287.073642   281.919874    46.755177     2.585168     1.026609
      1916.0     1.601986   303.239208   509.875962  1976.096623     0.439444   100.488504    40.213648    60.274856    36.967542    37.828783     0.569704   287.187048   282.132815    47.116524     2.500860     0.769384
      1917.0     1.250537   303.755872   509.304602  1976.341504     0.527222   100.417348    39.815263    60.602084    37.181239    37.659994     0.572016   287.236526   282.055254    47.484589     2.726629     0.233875
      1918.0     0.250524   304.193307   508.399158  1976.357035     0.464985    99.325772    39.568733    59.757039    37.278837    37.760668     0.573569   287.467739   282.506861    47.866741     2.713510     0.466299
      1919.0     1.256131   304.576654   507.973000  1976.102785     0.542359    99.190745    39.969458    59.221287    37.045982    37.377368     0.575366   287.335310   282.114336    48.173592     3.018248     0.585636
      1920.0     1.379656   304.991228   508.166451  1975.898149     0.599327   100.627625    40.317786    60.309838    37.206912    37.755278     0.578364   287.422278   282.423009    48.696911     2.369057     0.753001
      1921.0     0.359508   305.352828   507.831557  1975.775434     0.539093    99.745714    40.315385    59.430329    37.719737    37.930416     0.627959   287.354236   282.373485    49.457657     2.719863     0.333394
      1922.0     1.516484   305.696920   507.846699  1975.190528     0.633783   102.178590    41.331767    60.846824    37.716102    38.124122     0.633017   287.391331   282.513476    49.961597     3.192503     0.992926
      1923.0     0.456919   306.030402   507.416365  1975.258574     0.541068   100.699329    40.231639    60.467690    37.511432    38.256476     0.637363   287.330966   282.141254    50.535748     2.405497     0.676999
      1924.0    -0.369238   306.360961   506.319680  1975.380207     0.558873    99.108766    39.257501    59.851265    37.026434    38.185970     0.642238   287.331196   282.251648    51.124733     2.168216     1.037903
      1925.0     0.385930   306.556641   504.680392  1975.338087     0.648010   100.302120    40.160910    60.141211    37.432499    37.745554     0.643625   287.437073   282.337570    51.634422     4.054644     0.355175
      1926.0    -0.340628   306.714252   503.941226  1975.310235     0.583671    98.400570    39.266289    59.134282    36.938601    37.830081     0.646486   287.562931   282.515594    52.174950     2.175373     0.919332
      1927.0     1.138754   306.918960   503.022385  1975.397420     0.699410   100.525281    40.519531    60.005750    37.255540    37.721254     0.650166   287.270007   282.041653    52.698334     3.717118     0.378529
      1928.0     0.450471   307.080858   502.906433  1975.329509     0.704696   100.943274    40.173595    60.769678    37.322665    37.996130     0.654005   287.353482   282.334587    53.172359     2.293418     0.741376
      1929.0     0.732031   307.239708   502.258369  1975.354661     0.621328    99.913274    40.048447    59.864827    37.007037    37.770117     0.657472   287.333474   282.268201    53.710125     2.926395     0.737928
      1930.0     0.206631   307.380655   502.049317  1975.245857     0.467844   100.748958    40.668197    60.080761    37.605880    37.965921     0.661538   287.212496   282.090276    54.277969     2.911328     0.468846
      1931.0     0.110959   307.585229   501.604244  1974.779406     0.613917   100.714009    40.562148    60.151861    37.777120    37.681908     0.748826   287.237391   282.239337    55.393845     3.325313     0.371238
      1932.0     0.224491   307.855303   500.984091  1974.518598     0.515647   100.354290    40.184628    60.169662    37.270303    37.978405     0.759162   287.279322   282.180613    56.273167     2.826377     0.968910
      1933.0     1.342301   308.171932   500.539000  1974.333357     0.550092   101.791910    41.216990    60.574920    37.803353    38.019726     0.766815   287.270511   282.265474    56.921463     3.642354     0.401614
      1934.0     1.006400   308.556826   500.532394  1974.286516     0.512465   102.197233    40.808578    61.388655    37.546713    38.037006     0.775973   287.213113   282.095486    57.766270     2.778178     0.537133
      1935.0     1.265614   309.044164   500.269727  1974.147988     0.721546   102.435356    40.792915    61.642442    37.797089    38.375479     0.783681   287.377133   282.396647    58.474670     2.680102     0.716918
      1936.0     1.796371   309.790591   499.454114  1974.188986     0.674282   101.183295    40.837220    60.346075    37.819103    38.040266     0.790558   287.280649   282.313130    59.114231     3.612566     0.180165
      1937.0     1.377550   310.515237   499.098345  1974.155748     0.636363   101.122534    40.571858    60.550676    37.555430    38.369108     0.797183   287.192030   282.069134    59.646957     2.558520     0.846916
      1938.0     1.274257   311.073726   498.130701  1974.114713     0.554844   101.807366    40.887197    60.920168    37.760647    38.057389     0.800890   287.267519   282.284986    60.261368     3.797452     0.337777
      1939.0     1.410010   311.621617   498.109538  1973.852066     0.610069   101.822651    40.939722    60.882930    37.702347    38.141301     0.805478   287.208195   282.005706    60.867825     2.819584     0.701601
      1940.0     0.457757   312.126539   497.443506  1973.888109     0.554118   100.712678    40.114816    60.597862    37.364886    38.039100     0.809495   287.308395   282.262179    61.469242     2.741747     0.638170
      1941.0     1.280937   312.573309   496.391192  1973.727336     0.524537   101.590940    40.916097    60.674843    37.234108    38.022072     0.854531   287.249808   282.077471    62.088467     3.946339     0.948737
      1942.0     0.861484   312.923748   495.983456  1973.874488     0.554917   101.579429    40.700687    60.878742    37.182555    37.825621     0.862328   287.364486   282.387998    62.821056     3.282802     0.495914
      1943.0    -0.333991   313.128542   495.014755  1974.251891     0.523261   100.005395    39.689985    60.315410    36.829945    38.315597     0.869691   287.459998   282.442429    63.544209     2.343090     1.108249
      1944.0    -0.964011   313.164220   492.774100  1974.585122     0.650448    98.826040    39.824499    59.001541    37.286749    37.868349     0.875039   287.460289   282.427509    64.048790     4.196805     0.248369
      1945.0    -0.290472   313.146402   491.587587  1974.488822     0.624022    99.553108    39.991096    59.562012    36.986817    37.380047     0.880535   287.267020   282.179374    64.435379     3.797562     0.489530
      1946.0    -0.235667   313.161345   490.802195  1974.467627     0.521297    99.796332    39.973151    59.823181    37.046986    37.412921     0.885406   287.275700   282.182336    65.025642     3.345622     0.387131
      1947.0     0.724639   313.239369   491.184117  1973.679109     0.418948   102.284517    41.710425    60.574093    37.905216    37.676498     0.890736   287.170538   282.082618    65.526596     3.652004     0.559800
      1948.0     0.155943   313.291809   491.339379  1973.514054     0.375663   102.426251    41.099596    61.326656    37.634580    38.188969     0.898126   287.142705   281.856208    65.952156     2.755364     0.719444
      1949.0    -0.291148   313.406600   490.685338  1973.481504     0.318428   101.204020    40.465316    60.738705    37.485511    37.965229     0.902727   287.284419   282.195946    66.406960     3.154128     0.512268
      1950.0     0.345105   313.588668   490.224870  1973.341028     0.457617   102.072894    41.098373    60.974521    37.600837    38.189072     0.903278   287.296450   282.226016    66.869141     3.369768     0.728711
      1951.0    -0.126175   313.801466   489.297652  1973.224195     0.486999   101.123399    40.496615    60.626784    37.489024    37.777697     1.060332   287.307210   282.041711    67.773857     3.646136     0.405507
      1952.0    -0.027384   314.124997   488.236009  1973.115622     0.506040   100.839820    40.585081    60.254739    37.517443    38.005753     1.074122   287.541329   282.502706    68.812531     3.640971     0.596883
      1953.0    -0.035872   314.504400   486.384365  1973.495100     0.553705    99.579146    40.048368    59.530778    37.027220    38.005647     1.085445   287.427204   282.197266    69.696320     3.894365     0.598949
      1954.0     1.054509   314.866239   485.705622  1973.147446     0.627678   101.828610    41.435708    60.392902    37.866002    37.844459     1.096203   287.401629   282.262454    70.985527     4.269992     0.326111
      1955.0     0.372194   315.186098   485.175506  1972.825285     0.624434   101.277081    41.066122    60.210959    37.912954    37.965548     1.112214   287.425649   282.411758    72.083298     3.630689     0.374755
      1956.0    -0.216302   315.475193   484.255908  1972.727593     0.741014    98.691532    39.567267    59.124266    36.884648    37.985758     1.125838   287.372564   282.143205    73.255653     2.501107     1.198801
      1957.0     0.361399   315.777382   482.502830  1973.041317     0.581266   100.526327    40.744755    59.781572    37.474270    37.646823     1.136996   287.387327   282.375808    74.033554     4.851010    -0.141171
      1958.0     0.397379   316.141199   481.355530  1973.129921     0.664216   100.581269    40.881903    59.699366    37.434889    38.258698     1.148679   287.257295   282.173018    74.953743     3.770505     0.735205
      1959.0     1.285947   316.645296   480.640431  1972.820234     0.746067   100.574059    40.973426    59.600633    37.655196    37.731897     1.151504   287.327969   282.064396    75.974281     3.956628     0.386388
      1960.0     1.289240   317.407085   480.183500  1972.592436     0.607139   101.736642    41.183980    60.552662    38.037941    38.239428     1.146370   287.478609   282.382486    76.917213     3.401483     0.429285
      1961.0     1.731196   318.108292   479.992938  1972.395192     0.770185   102.504095    41.800282    60.703813    37.875501    38.558030     0.930176   287.359309   282.220882    76.565453     3.432813     0.879773
      1962.0     1.355114   318.827317   479.086730  1972.434638     0.722930   100.854823    40.774670    60.080152    37.589237    38.246152     0.919953   287.361160   282.164121    76.271042     3.434727     0.617469
      1963.0     0.910110   319.460472   478.017322  1972.775942     0.920924   101.010348    40.732998    60.277350    37.301142    38.397193     0.915636   287.477368   282.418737    76.305046     3.405213     0.754747
      1964.0     2.510506   320.107617   477.068722  1972.716955     0.919235   102.607009    41.847691    60.759318    37.648623    38.250633     0.907748   287.160083   281.897889    76.336433     4.545658     0.660997
      1965.0     1.560293   320.698139   476.824253  1972.978087     0.977215   100.523318    40.687546    59.835773    37.119655    38.178334     0.907691   287.104916   281.821930    76.779343     2.753681     0.797547
      1966.0     2.607002   321.635967   475.799695  1973.227129     0.689791   101.598893    41.343293    60.255600    37.539801    38.107449     0.904093   287.141962   282.024692    76.809219     4.260402     0.318605
      1967.0     2.372756   322.331194   475.949493  1973.361447     0.680602   102.772258    42.080796    60.691462    37.720831    38.461708     0.907067   286.935884   281.636207    77.086411     3.469290     0.606559
      1968.0     3.058397   323.203428   476.168949  1973.500967     0.636452   103.549513    42.080250    61.469263    37.566334    38.621309     0.904523   287.138747   282.003042    77.334145     3.239485     0.915455
      1969.0     2.592788   324.170918   475.542473  1974.153321     0.892523   101.657080    41.055036    60.602044    37.292536    38.619272     0.903423   287.265987   282.012716    77.564232     3.062239     0.674382
      1970.0     2.518806   325.502311   474.429719  1974.578288     0.913627   100.683411    40.807458    59.875953    37.942580    38.308957     0.901175   287.517846   282.398450    77.804153     3.611255    -0.058590
      1971.0     2.881640   326.411989   474.274687  1973.993112     1.036414   102.543498    42.356904    60.186594    38.183315    38.606850     0.907514   287.483089   282.479657    78.283447     3.905086     1.008712
      1972.0     5.340743   328.317200   473.588143  1974.324009     1.299528   100.865578    41.455026    59.410552    37.430083    38.323161     0.908490   287.503987   282.408420    78.686401     3.818409     0.562181
      1973.0     6.654571   330.567576   473.689565  1974.394148     1.540330   102.337349    42.131374    60.205975    37.917137    38.250349     0.910237   287.411980   282.174033    79.175331     3.779604     0.263073
      1974.0     4.209081   331.480662   474.436926  1974.467437     1.511521   104.637996    42.758192    61.879804    38.079640    39.148431     0.914153   287.374207   282.124711    79.960464     2.862400     0.995502
      1975.0     1.806540   331.727835   474.169472  1974.929530     1.309443   104.090865    42.677951    61.412914    38.414237    39.140280     0.916582   287.335462   282.114894    80.507553     3.805124     0.263950
      1976.0     4.214174   332.540700   474.291083  1975.213570     1.324731   105.839715    43.596098    62.243616    38.290102    39.031718     0.918093   287.245103   281.893272    80.737686     4.442770     0.457576
      1977.0     5.271671   334.217348   474.726192  1975.623636     1.335920   104.332889    42.726796    61.606093    38.195656    39.338920     0.923286   287.488220   282.213218    81.047462     2.952767     0.733198
      1978.0     4.713722   335.885056   474.268454  1976.253302     1.426481   103.316721    42.368473    60.948248    38.224108    39.397398     0.926923   287.572606   282.396688    81.654404     3.428812     0.543625
      1979.0     6.153127   337.564802   474.438233  1976.127304     1.556365   106.502456    44.240493    62.261962    39.117603    39.169920     0.930686   287.494584   282.408760    82.160408     4.900795     0.178315
      1980.0     5.911427   339.507495   474.935383  1976.548781     1.671341   104.602319    42.570222    62.032096    38.069883    39.678991     0.937053   287.431299   282.151143    82.805946     2.394081     1.187630
      1981.0     4.113428   340.829240   473.459192  1977.578607     1.703495   103.866794    42.294351    61.572443    38.216699    39.254164     1.048971   287.495624   282.327124    83.642021     4.516378     0.007640
      1982.0     4.995519   341.648229   473.590548  1977.758849     1.681428   106.082937    44.284539    61.798397    38.621192    39.248035     1.058246   287.444249   282.250094    84.976326     4.905149     0.446600
      1983.0     5.748021   343.183899   474.311654  1978.255265     1.632341   105.201720    43.720357    61.481363    38.469338    39.553331     1.069734   287.422953   282.059719    85.960365     3.445919     0.587577
      1984.0     5.143629   344.874798   474.332033  1978.632095     1.635761   105.850585    43.609669    62.240916    38.981174    39.745768     1.076414   287.590576   282.480990    87.092628     3.843522     0.387764
      1985.0     5.038817   346.358639   473.643622  1979.211437     1.676107   104.910444    43.480312    61.430131    38.310322    39.611200     1.084101   287.546311   282.393641    87.978012     4.557524     0.721536
      1986.0     6.188098   347.869916   474.156142  1979.383409     1.736856   107.056565    44.621477    62.435088    38.946902    39.462661     1.090449   287.510832   282.337467    88.682465     4.646297     0.343787
      1987.0     6.799760   349.794500   474.805260  1979.770500     1.679550   107.802882    44.771768    63.031114    39.147160    40.219727     1.101504   287.664835   282.610335    89.321136     3.902923     0.685477
      1988.0     8.556179   352.106068   475.955285  1979.987221     1.830004   111.505855    46.392486    65.113369    40.362252    40.464859     1.111726   287.638891   282.543166    90.089577     4.777601    -0.114114
      1989.0     6.314880   353.755052   477.183654  1980.412361     1.728127   110.490085    45.399017    65.091068    39.609573    41.163256     1.116391   287.707539   282.603047    91.121330     3.007392     1.128543
      1990.0     5.101147   354.997602   477.180458  1981.209562     1.682981   109.598996    45.155785    64.443210    39.762126    40.761611     1.092066   287.781524   282.866724    91.996941     4.397370     0.202284
      1991.0     5.629831   356.210651   477.590830  1981.744356     1.691128   109.176878    45.213586    63.963293    39.326601    40.696912     0.941920   287.576178   282.444995    91.187759     4.106302     0.835517
      1992.0     4.647847   357.104438   478.159319  1982.386306     1.835595   107.944991    44.832582    63.112409    39.600713    40.177439     0.931624   287.399311   282.117366    91.332161     4.086655    -0.065224
      1993.0     3.303333   357.913934   478.800203  1982.629483     1.671216   107.818807    44.333756    63.485051    39.564432    41.036915     0.920065   287.716810   282.645134    91.482498     2.655956     1.229307
      1994.0     4.161560   359.276965   477.733992  1983.058553     1.629117   107.936538    44.788633    63.147904    40.262981    40.496080     0.911569   287.981948   283.203305    90.308197     5.358765    -0.195971
      1995.0     7.084858   361.166279   479.281513  1982.247148     1.716193   110.536282    46.709217    63.827065    40.683873    40.788618     0.904205   287.586181   282.572514    90.228119     4.373078     0.916151
      1996.0     6.775961   362.883103   480.455357  1982.514754     1.792082   110.200500    45.483377    64.717123    39.541823    40.991233     0.900349   287.699027   282.657947    90.171730     3.318301     1.181803
      1997.0     5.794945   364.398327   480.883804  1983.056107     1.744105   111.570489    46.127965    65.442524    40.862472    41.191019     0.896050   287.896052   283.020264    89.714195     4.508498    -0.212805
      1998.0     8.895355   366.823327   482.575605  1982.744582     1.946920   113.379988    47.414433    65.965555    41.023055    41.639169     0.896140   287.768829   282.937720    89.725861     4.083463     0.927639
      1999.0     7.969377   368.726931   484.483046  1982.898119     1.921354   114.580174    47.532911    67.047262    41.072349    41.994349     0.895335   287.767340   282.859248    89.750648     3.631121     0.768463
      2000.0     6.328974   370.115290   485.573268  1983.470080     1.726193   113.762673    46.991693    66.770980    40.870008    42.215368     0.896237   287.821477   282.887855    89.781197     3.686102     0.773400
      2001.0     6.496870   371.729578   486.245065  1984.221564     1.778268   114.394454    47.167712    67.226742    41.042631    42.201687     1.096848   287.983540   283.041088    91.269714     4.294227     0.407571
      2002.0     7.366855   373.893861   486.936416  1984.725393     1.905841   113.560953    46.661441    66.899512    41.302689    41.989224     0.915623   288.188534   283.365117    91.030136     3.980866     0.182706
      2003.0     8.688632   376.285708   487.637783  1984.893986     2.185820   114.423043    47.542627    66.880416    41.287725    42.188509     1.110296   288.179003   283.423205    92.399796     4.652750     0.732192
      2004.0     6.841572   378.020148   487.985253  1985.466343     2.311516   114.496734    47.211122    67.285611    41.253660    42.289572     1.277388   288.181870   283.435574    94.481895     4.574081     0.463555
      2005.0     7.748713   379.936176   488.050258  1986.381536     2.370369   115.195184    47.043538    68.151646    41.043486    42.472804     1.110165   288.209336   283.382829    94.674026     4.505729     0.514125
      2006.0     7.812365   381.950069   488.931741  1986.973141     2.321427   115.063112    47.757258    67.305855    41.714765    42.633541     1.004327   288.279079   283.483289    94.630028     4.242234     0.327170
      2007.0     7.340694   383.679824   489.877827  1987.462603     2.310594   116.286122    47.927698    68.358425    41.614348    42.606026     0.985868   288.315888   283.587966    94.185249     4.375585     0.502216
      2008.0     8.428658   385.676968   490.951288  1987.694607     2.240364   117.202242    48.824214    68.378028    42.009870    42.948820     1.017529   288.324172   283.520586    94.588158     4.801933     0.706946
      2009.0     7.741082   387.415599   492.540872  1988.089567     2.233494   117.509329    48.665091    68.844238    42.061227    42.978941     1.069318   288.230230   283.465671    94.565971     4.096565     0.522755
      2010.0     6.045151   389.734206   491.188839  1989.443571     2.506858   113.149968    46.539651    66.610317    41.129387    42.930786     1.542460   288.319046   283.530158    96.577171     4.960899     0.447393
      2011.0     8.305032   391.965659   490.890918  1989.604722     2.311708   115.760326    48.730150    67.030176    42.434829    42.792474     1.139094   288.298080   283.598414    96.934929     6.235597     0.196494
      2012.0     9.155599   394.152552   493.240629  1989.146010     2.303304   118.265327    50.011023    68.254303    42.555348    42.975615     1.105822   288.080803   283.423038    97.251450     4.685697     0.878979
      2013.0     8.989765   396.671354   494.180127  1989.690712     2.219231   117.830765    49.122939    68.707826    42.362243    43.305248     1.256112   288.018456   283.043327    98.157051     4.878193     0.398303
      2014.0     7.079842   398.321744   495.232246  1990.230164     2.309932   118.225347    49.106634    69.118713    42.166412    43.398816     1.210112   288.315667   283.553084    98.839279     4.655699     0.692952
      2015.0     9.694692   401.135718   495.818039  1990.592874     2.521539   118.327168    49.345048    68.982121    42.954554    43.773938     1.095344   288.473435   283.814535    98.782555     4.985316     0.456675
      2016.0    11.035715   404.153278   497.704253  1990.926354     2.645238   119.371574    49.894442    69.477133    42.636985    44.202666     0.916598   288.359787   283.744484    97.908546     3.805562     1.232201
      2017.0    10.381741   406.880176   498.605407  1991.812330     2.696118   118.610440    49.094837    69.515603    42.461362    43.803989     0.897399   288.369632   283.614837    96.434547     4.389695     0.456651
      2018.0    10.111345   409.703520   499.287125  1992.754907     2.719489   117.776865    48.938320    68.838545    42.509365    43.710796     0.878687   288.443976   283.739911    96.089325     4.545805     0.258854
      2019.0    10.518799   412.535541   501.096735  1992.701875     2.731445   118.709773    49.786262    68.923511    43.036736    43.571808     0.861651   288.393147   283.668025    95.680542     4.404843     0.588105
      2020.0    11.150614   415.357674   503.089566  1992.864828     2.717849   120.109691    50.336325    69.773366    42.803176    43.849937     0.845369   288.386856   283.733463    94.749413     4.493558     0.883809
      2021.0    11.436065   418.168501   505.148456  1993.231350     2.910318   119.813229    50.277324    69.535905    42.698674    43.604816     0.803363   288.345188   283.615678    93.748718     4.613618     0.539620
      2022.0    10.393687   420.935493   507.119293  1993.795598     2.783762   119.350116    49.599842    69.750274    42.641157    44.391103     0.784794   288.580925   283.880799    92.974609     3.237902     1.185698
      2023.0    11.736672   423.629999   508.904545  1994.361707     2.745634   122.971403    51.591844    71.379559    43.441667    44.489115     0.768685   288.635385   284.064430    91.934013     5.317477     0.481338
      2024.0    11.924609   426.254457   511.938894  1994.873326     2.750866   123.746080    51.676306    72.069775    43.264980    44.806364     0.755264   288.606661   283.895772    91.181290     3.835593     1.029766
      2025.0    10.374348   428.812649   514.111986  1995.837674     2.761074   121.525974    50.399106    71.126868    43.448505    44.736401     0.741232   288.757021   284.016490    90.746574     3.489613     0.323549
      2026.0    10.537950   431.308178   515.553144  1996.453260     2.735578   122.531579    51.343623    71.187956    44.121605    44.937022     0.753848   288.832563   284.271569    89.896095     4.965444     0.199830
      2027.0    11.122900   433.744079   518.115161  1996.994808     2.796846   123.098845    51.513661    71.585184    42.975932    45.414215     0.742841   288.740218   284.054227    89.949821     3.537428     1.896736
      2028.0    10.575183   436.123649   519.801086  1998.089884     2.684221   123.525468    51.764927    71.760542    44.147081    44.937286     0.733212   288.843147   284.198725    89.487228     5.141717    -0.304872
      2029.0    11.177239   438.448403   523.029895  1998.377392     2.750660   125.565408    52.431840    73.133568    44.019493    45.556999     0.728202   288.731976   284.120221    89.057991     3.646032     1.249998
      2030.0    10.265283   440.720821   525.069319  1999.438949     2.807901   124.329729    51.320127    73.009602    44.095058    45.624559     0.721806   288.738564   284.015596    88.684296     3.656144     0.467944
      2031.0    10.144973   442.938338   527.114671  1999.834058     2.613186   125.777350    52.873802    72.903548    45.390500    45.615920     0.745138   288.848657   284.194929    88.973564     5.212530    -0.169689
      2032.0    11.154881   445.085763   530.748679  1999.623682     2.702043   128.058934    54.057432    74.001502    45.090483    46.264628     0.744038   288.721309   284.000295    89.450851     4.158795     1.384522
      2033.0    10.100134   447.148685   533.571357  2000.410769     2.633858   127.529513    53.120635    74.408878    45.146317    46.423247     0.741682   288.862131   284.170480    89.271400     3.874710     0.489843
      2034.0     9.968963   449.128936   536.083597  2001.048015     2.543598   127.769224    53.268879    74.500344    45.206688    46.270242     0.741644   289.023964   284.485680    89.217453     4.486398     0.426309
      2035.0    10.560225   451.027648   538.924475  2001.791531     2.598240   129.657452    54.094430    75.563022    45.265690    47.076472     0.740193   288.977656   284.338674    89.263634     4.177081     1.067266
      2036.0     9.208906   452.847682   541.429624  2002.938314     2.600469   128.110454    53.304666    74.805788    45.487545    47.222478     0.759484   289.157385   284.596927    89.056519     3.577039     0.588151
      2037.0     8.743951   454.590192   542.651723  2003.830601     2.659347   126.368605    53.038527    73.330078    45.633764    46.605136     0.760340   289.124048   284.648661    89.136192     5.211292     0.079084
      2038.0     9.707480   456.257006   545.086930  2004.524276     2.763877   127.607645    53.202108    74.405537    44.839159    46.852573     0.761153   289.000483   284.357408    89.505730     3.914327     1.319740
      2039.0     8.540134   457.849443   546.882201  2005.584421     2.507901   126.564155    53.085463    73.478691    45.358521    46.641347     0.760521   289.171416   284.620152    89.463898     4.648845     0.222681
      2040.0     8.656439   459.367459   549.257836  2006.252743     2.643019   128.392555    53.465479    74.927076    45.410266    47.029399     0.761443   289.371489   285.001602    89.400047     4.060445     0.950812
      2041.0     9.476896   460.813499   551.817178  2006.495282     2.775518   129.495961    55.055566    74.440395    46.693526    46.880984     0.741942   289.288342   284.933174    88.751183     5.615240    -0.055081
      2042.0     9.185155   462.185356   555.240666  2007.140279     2.470016   129.940318    54.720377    75.219941    45.877905    47.619220     0.741917   288.976467   284.497959    88.817711     3.677669     1.096319
      2043.0     9.975966   463.481446   558.666505  2007.917991     2.518358   132.522594    55.403356    77.119238    45.922905    47.998773     0.740630   289.012335   284.542209    89.088913     3.978744     1.298155
      2044.0     7.450240   464.702434   560.348115  2009.724212     2.395372   128.497311    53.274711    75.222600    45.772036    47.516965     0.739966   289.123856   284.597196    89.285461     4.076137    -0.061292
      2045.0     8.134547   465.848706   562.759031  2010.249918     2.403275   130.501522    54.731463    75.770058    46.811282    47.399899     0.736595   289.174890   284.645540    89.100693     4.920648     0.062911
      2046.0     8.744220   466.920141   565.917922  2010.746225     2.408642   132.349508    55.550144    76.799364    46.526975    47.972657     0.740185   289.237631   284.709003    89.190086     4.418596     0.949375
      2047.0     7.425202   467.917587   568.528569  2011.647543     2.279666   130.807259    54.625402    76.181857    46.625443    48.408511     0.736528   289.317721   284.838289    88.726509     3.606243     0.881751
      2048.0     8.348971   468.841588   570.989934  2012.721292     2.406796   131.616956    55.048217    76.568739    46.355537    48.021157     0.734374   289.113265   284.429967    88.693268     4.565695     0.591871
      2049.0     6.611365   469.692747   572.992086  2014.090783     2.311092   129.353557    53.645806    75.707751    46.018430    48.328058     0.734700   289.285933   284.738120    88.559860     3.315596     0.940136
      2050.0     6.687187   470.471801   574.451951  2015.233010     2.336179   130.175606    54.553710    75.621897    46.625037    47.706178     0.730916   289.400064   284.982867    88.398033     5.387667    -0.061086
      2051.0     7.552354   471.180286   577.185104  2015.665676     2.414150   130.493339    54.784333    75.709006    46.218138    48.003545     0.734709   289.324727   284.890625    88.207504     4.047636     1.352740
      2052.0     6.954002   471.824149   578.779722  2017.268888     2.331245   129.360468    54.398130    74.962338    46.242485    47.831495     0.733124   289.255320   284.678958    88.486961     4.972016    -0.014201
      2053.0     6.397776   472.409879   581.239739  2018.219416     2.314256   129.627668    54.373820    75.253847    46.144312    48.033167     0.733317   289.232893   284.734964    88.733185     3.880636     0.938327
      2054.0     6.327915   472.937845   583.581717  2018.429059     2.100508   131.804783    55.946161    75.858623    47.842378    48.271145     0.732164   289.219223   284.852628    88.401550     5.333038     0.219124
      2055.0     7.323180   473.408375   586.730320  2019.219311     1.759641   133.021889    56.217425    76.804464    46.246340    48.911674     0.733364   288.933090   284.317661    88.443558     4.157148     1.875082
      2056.0     5.259638   473.821003   588.566281  2021.191634     1.913779   131.081369    54.028910    77.052459    46.330838    48.365702     0.780513   289.139879   284.586942    88.786308     3.827247     0.062541
      2057.0     5.160227   474.176449   589.799538  2021.955856     1.810757   131.927292    55.652427    76.274865    47.805982    48.853454     0.782537   289.311795   284.905335    88.559959     5.565716     0.283251
      2058.0     6.259987   474.474720   592.821604  2022.567333     1.695189   133.502078    56.406295    77.095782    47.256305    48.934746     0.785444   289.099965   284.548410    88.778687     4.449483     1.066964
      2059.0     4.296702   474.715100   594.550852  2023.831077     1.860021   129.402113    53.824750    75.577363    46.857644    48.508215     0.787231   289.256593   284.729304    88.412727     3.587286     0.386827
      2060.0     5.081477   474.898829   595.511213  2024.899379     1.816173   129.740038    54.498350    75.241688    46.664302    48.291991     0.790046   289.372241   284.847178    88.433472     5.245998     0.559387
      2061.0     5.052376   475.026210   597.836434  2025.977204     1.902951   131.236921    55.019539    76.217382    46.418997    48.839837     0.837947   289.287868   284.614825    89.319016     3.854481     1.343016
      2062.0     3.459785   475.106303   598.056701  2027.446741     1.757925   129.534179    54.079983    75.454196    47.048207    48.676759     0.840651   289.479102   285.000306    89.207825     5.182958     0.159015
      2063.0     4.434859   475.144859   599.367474  2028.223947     1.756620   130.635713    54.904867    75.730847    46.987152    48.080798     0.843790   289.405604   284.855428    89.510803     5.513296     0.316440
      2064.0     3.693152   475.142558   600.965055  2028.858434     1.683225   129.494514    55.059512    74.435002    47.448317    48.719278     0.846038   289.507700   285.084492    89.666634     4.742652     0.636474
      2065.0     4.656852   475.098810   603.268702  2029.290604     1.702591   130.766363    55.223721    75.542641    46.884243    48.653930     0.848793   289.455419   284.912798    90.016891     4.266144     1.337517
      2066.0     3.807942   475.012671   604.721467  2030.193906     1.651610   131.002342    55.169282    75.833061    47.640568    48.626587     0.791408   289.465392   285.023031    89.756615     5.089930     0.082717
      2067.0     4.250274   474.884316   607.148350  2030.762227     1.606716   132.100729    55.894418    76.206311    47.548984    49.146365     0.793378   289.363528   284.764152    90.128288     4.321170     1.029060
      2068.0     3.288308   474.713000   608.667741  2031.816228     1.548246   130.424483    54.895876    75.528607    47.241899    49.031757     0.792235   289.452086   284.933300    89.930977     4.344727     0.735857
      2069.0     3.512145   474.497897   610.523724  2032.296725     1.657027   131.004997    55.245711    75.759285    47.777574    48.937480     0.787437   289.543379   285.039387    89.429619     4.452249     0.679409
      2070.0     3.465802   474.240361   612.118095  2032.733307     1.534385   131.952363    56.083932    75.868432    48.611460    49.036575     0.787294   289.532824   285.022475    89.128662     5.452986    -0.011468
      2071.0     3.889414   473.937029   614.139115  2033.477309     1.320883   133.844085    56.649900    77.194185    47.618666    49.411368     0.875576   289.262289   284.666736    90.295616     5.217511     1.048701
      2072.0     2.139009   473.579460   615.400373  2034.908223     1.393534   130.401416    54.236379    76.165037    46.861214    49.541926     0.881256   289.457340   284.867431    90.712006     3.433195     1.249798
      2073.0     1.937090   473.158945   615.107725  2036.042330     1.475511   130.356368    55.439164    74.917203    48.388611    48.943943     0.877690   289.570191   285.057488    90.566460     6.787870    -0.578775
      2074.0     2.174963   472.675025   616.911947  2036.368440     1.333600   130.542506    54.968026    75.574480    47.169948    49.261771     0.883441   289.382560   284.729129    90.573616     3.902034     1.765713
      2075.0     1.717925   472.128296   617.538135  2037.382615     1.213580   130.967320    54.974601    75.992719    47.831047    49.136491     0.879851   289.618010   285.218084    90.474899     5.211923     0.291269
      2076.0     1.750771   471.520267   618.719427  2037.710991     1.173563   131.753453    56.218290    75.535162    48.419931    49.295937     0.949297   289.499871   285.108326    91.139648     5.741061     0.547630
      2077.0     2.850404   470.850729   620.709456  2038.098774     1.299981   134.316048    57.235161    77.080888    48.359794    49.385148     0.956954   289.270375   284.730096    92.099991     5.859984     0.637570
      2078.0     0.540202   470.119883   621.857063  2039.249143     1.181830   131.001730    54.879354    76.122376    47.760983    50.332668     0.963743   289.468762   284.847194    92.665939     3.399079     1.421316
      2079.0     0.706549   469.329167   621.335832  2040.305553     1.225337   129.983508    55.200438    74.783070    48.093990    49.404669     0.964333   289.523177   284.950935    92.367668     6.317000     0.254270
      2080.0     0.610395   468.478470   622.175668  2040.899300     1.123907   131.694938    55.961526    75.733413    48.548330    49.375046     0.971872   289.479316   284.852319    93.490219     5.746643     0.232968
      2081.0    -0.368615   467.570357   622.366216  2041.502154     1.099183   129.671969    54.916989    74.754980    47.805302    49.268961     0.962804   289.517626   284.948631    93.546165     5.457481     0.860806
      2082.0    -0.056730   466.620472   622.870140  2041.823429     1.053793   131.018259    55.438643    75.579617    48.364144    49.683339     0.959147   289.583945   285.039287    93.776855     5.251380     0.997919
      2083.0    -0.600157   465.641765   622.404125  2042.823741     1.109511   127.845078    54.340714    73.504364    47.495114    49.091759     0.953650   289.518712   284.865993    92.727280     5.714969     0.596334
      2084.0    -0.035474   464.634996   622.745604  2042.821268     1.021467   129.878057    55.679893    74.198164    48.672039    49.014183     0.949485   289.581050   285.103172    92.276146     6.324230     0.344616
      2085.0    -0.893971   463.600098   623.274871  2043.501206     1.074798   127.220236    54.053104    73.167132    47.492624    48.989672     0.949574   289.551438   285.028180    92.684807     4.534166     0.817111
      2086.0     0.401789   462.535182   623.797898  2043.507001     0.999949   129.665237    55.883324    73.781913    48.430802    48.790106     0.855287   289.508947   284.960725    92.478889     6.570192     0.353509
      2087.0    -0.276224   461.440474   625.611278  2043.621953     0.814650   129.515346    55.279439    74.235907    47.699064    49.686010     0.846661   289.430758   284.836772    92.201256     3.780048     1.871994
      2088.0    -0.312421   460.316181   625.889037  2044.237670     0.805465   130.120123    55.770448    74.349676    48.734069    48.793053     0.838127   289.462088   285.003080    91.318932     6.699637    -0.556733
      2089.0    -1.005512   459.161422   626.730916  2044.954149     0.716246   127.961766    54.300715    73.661051    47.250943    49.465350     0.830947   289.372838   284.709470    91.765121     3.993486     1.497928
      2090.0    -1.442994   457.977002   626.760356  2045.513775     0.881030   127.511236    53.951837    73.559399    47.174001    48.976709     0.824604   289.548984   285.119008    91.174355     4.945688     1.243081
      2091.0    -0.982068   456.766269   626.170601  2046.367891     0.917792   126.857247    54.359667    72.497579    47.674027    48.587155     0.711059   289.500486   284.997592    89.495255     6.362267     0.059012
      2092.0     0.049422   455.556511   627.109452  2046.554460     0.787872   128.319741    54.692814    73.626926    47.322937    48.743907     0.699962   289.410610   284.813546    88.703308     5.010057     1.234401
      2093.0    -0.688622   454.371254   628.291364  2046.815141     0.497565   129.079126    55.365073    73.714053    48.793687    48.736199     0.690439   289.430292   284.860104    88.459984     5.446962    -0.318169
      2094.0    -0.734192   453.210303   630.008093  2047.005409     0.665916   128.201220    54.428268    73.772952    47.554237    49.246966     0.682268   289.509534   284.992829    87.900444     3.464573     1.502461
      2095.0    -0.549978   452.072305   630.314988  2047.551031     0.523203   128.519182    54.711369    73.807813    48.119028    49.150295     0.675192   289.527098   284.955753    86.514420     5.254180     0.485645
      2096.0    -0.295422   450.954906   631.144491  2048.361366     0.712526   128.356349    54.670239    73.686111    47.934078    49.299255     0.621961   289.509172   284.902065    86.275780     4.541481     0.554841
      2097.0    -0.609768   449.856286   631.840208  2048.846975     0.690950   127.774536    54.696214    73.078321    48.265941    49.471834     0.611989   289.617929   285.177031    85.409065     4.528663     0.720283
      2098.0    -0.418595   448.776034   633.033642  2048.951966     0.472634   128.035310    55.261852    72.773458    48.377221    48.753116     0.602473   289.444277   284.840464    84.755577     5.315301     0.270904
      2099.0    -0.750465   447.711927   634.448621  2049.149791     0.441549   127.838012    54.406541    73.431471    47.691041    49.338065     0.595580   289.473735   284.856896    84.114182     3.653497     1.449199
      2100.0    -0.489252   446.662873   634.887323  2049.470917     0.332601   128.900755    55.167640    73.733115    48.440075    49.091781     0.589090   289.586243   285.038511    83.304161     5.637157     0.330580