        time     emission          CO2         cveg        csoil        fgco2         fgpp         fnpp           ra          frh     fvegsoil         fluc          tas     tas_land        cprod     fcvegout
      1850.0     0.097764   282.603215   425.597491   956.487163    -0.099111   121.342261    62.717726    58.624536    58.930197    60.233750     0.427809   286.467898   280.643713    38.000420     3.651816
      1851.0    -1.187154   282.467002   424.244608   957.438183    -0.158258   118.429767    61.058263    57.371505    58.550348    59.501368     0.705721   286.562581   280.738167    42.774208     2.909777
      1852.0    -0.704242   282.600416   422.706683   958.036669    -0.101895   118.346351    61.170324    57.176027    58.869903    59.468390     0.758505   286.535775   280.689546    45.547230     3.239859
      1853.0    -2.004775   283.283253   420.502455   957.829838     0.104814   113.440940    58.206434    55.234506    58.530631    58.323799     0.779761   286.671144   281.019991    47.644032     2.086862
      1854.0     1.446670   283.915479   419.539611   956.770864     0.359579   117.929597    60.940778    56.988819    58.104459    57.045485     0.795203   286.625783   280.713933    49.184322     4.858136
      1855.0    -0.845843   284.396458   418.099258   956.838093     0.165968   116.721202    59.570094    57.151108    58.579464    58.646692     0.806255   286.804156   281.175837    50.711334     2.363755
      1856.0    -0.151841   285.084845   415.954547   957.121465     0.401361   115.859381    59.328446    56.530934    57.829404    58.112776     0.813521   286.698102   281.132178    52.000763     3.360382
      1857.0     1.496900   285.488716   415.453342   956.727033     0.261872   120.226613    62.413154    57.813459    58.750944    58.356513     0.817440   286.610511   280.860024    52.882809     4.557847
      1858.0    -0.047958   285.703706   414.775530   957.085702     0.241149   117.412246    60.383457    57.028789    57.801676    58.160345     0.821080   286.533411   280.799620    53.563007     2.900924
      1859.0     1.243142   285.912166   414.483655   956.914839     0.137391   120.297054    62.450992    57.846062    58.499641    58.328777     0.820479   286.530882   280.713477    54.077370     4.414089
      1860.0     0.112338   285.678144   415.076730   957.233091     0.100880   121.874959    63.046072    58.828887    59.404863    59.723114     0.811084   286.462560   280.590457    54.580170     2.729883
      1861.0    -0.398419   285.660018   415.027846   957.291204     0.229349   118.939550    61.211631    57.727919    58.541800    58.599914     0.798409   286.585678   280.767755    54.934147     2.660601
      1862.0    -0.806234   285.901133   413.881343   957.429598     0.294829   116.494011    59.709360    56.784651    58.041302    58.179696     0.791107   286.595417   280.875814    55.093014     2.676168
      1863.0     1.121809   286.198632   413.133137   957.151970     0.329592   119.988029    62.087603    57.900426    58.696196    58.418568     0.783330   286.639399   280.998194    55.273426     4.417241
      1864.0    -0.181732   286.210590   411.813312   958.414369     0.354396   118.643363    61.135855    57.507508    58.367681    59.630080     0.779071   286.589100   280.946005    55.555393     2.825600
      1865.0     0.305356   286.325949   411.054483   958.746699     0.257827   118.956784    61.644252    57.312532    58.761929    59.094259     0.770998   286.594736   280.733742    55.587017     3.308823
      1866.0     0.354890   286.452948   411.078899   958.410569     0.099310   119.422487    61.697217    57.725270    58.544663    58.208533     0.766486   286.616714   280.747718    55.777328     3.464267
      1867.0    -0.742807   286.646811   410.475065   958.522774     0.026173   118.216446    60.872260    57.344186    58.791768    58.903974     0.761302   286.671678   281.001735    55.957150     2.572121
      1868.0     1.623926   286.718567   410.958944   958.185523     0.044564   122.907408    63.858102    59.049305    59.091032    58.753781     0.759869   286.514240   280.667406    56.235073     4.620442
      1869.0    -0.012868   286.403495   411.010394   959.218588     0.028616   122.656394    63.426562    59.229832    59.606348    60.639412     0.755489   286.592403   280.776097    56.690456     2.735701
      1870.0    -2.063854   286.610002   409.967533   959.411841     0.193475   116.371191    59.408070    56.963121    58.836140    59.029393     0.785214   286.788466   281.191953    57.046947     1.421538
      1871.0     0.378710   287.393974   408.259077   958.600921     0.300620   117.084179    60.075142    57.009037    58.446936    57.636016     0.801086   286.846780   281.308331    57.204739     4.147581
      1872.0     1.623328   287.828263   408.161112   957.757407     0.209254   120.412908    62.487797    57.925111    58.752425    57.908911     0.804960   286.549493   280.741557    57.701500     4.676851
      1873.0    -0.513846   287.794904   408.072482   958.381441     0.137863   118.414856    60.882762    57.532093    58.045793    58.669827     0.806610   286.621589   280.715547    58.224922     2.301565
      1874.0     1.602706   287.945183   407.571392   958.677985     0.114507   121.356671    63.047985    58.308686    58.568546    58.865089     0.805762   286.653546   280.872119    58.566326     4.683986
      1875.0     0.271231   287.696339   408.029566   959.203927     0.196606   122.718435    63.628333    59.090103    59.567345    60.093287     0.808486   286.611673   280.735484    59.113483     3.076872
      1876.0    -0.680961   287.684322   407.666402   959.443125     0.270033   120.184637    61.835794    58.348843    59.461751    59.700949     0.808873   286.730544   280.811825    59.397423     2.498009
      1877.0    -1.826705   288.025766   406.231991   959.474432     0.258787   116.811002    59.260596    57.550406    58.778265    58.809572     0.804097   286.915922   281.102041    59.735405     1.885435
      1878.0     1.014079   288.896381   404.594904   958.418478     0.358486   120.185449    61.384379    58.801069    59.282518    58.226565     0.799371   287.025351   281.324983    60.139660     4.794902
      1879.0     0.592082   289.241857   404.784486   957.647060     0.345054   120.145537    61.895033    58.250504    58.973768    58.202349     0.799236   286.890570   281.131290    60.364338     3.503101
      1880.0     0.328963   289.535905   404.669484   957.143206     0.332512   119.279345    61.180085    58.099260    58.475231    57.971377     0.803771   286.904708   281.273042    60.810379     3.323711
      1881.0     0.753572   289.793786   404.481348   956.759813     0.345792   121.136710    62.467741    58.668969    59.139498    58.756105     0.804330   286.820947   281.098131    61.230968     3.899772
      1882.0     0.403858   289.750784   404.527938   957.020411     0.303357   119.883132    61.742678    58.140453    58.127448    58.388047     0.806859   286.732857   280.848160    61.526409     3.308041
      1883.0     0.115850   289.875806   403.401957   957.593373     0.475315   117.497870    60.432016    57.065854    57.636380    58.209342     0.806664   286.820593   280.978504    62.169727     3.348655
      1884.0     0.337526   290.183062   401.435850   958.460192     0.582125   116.596530    60.256020    56.340510    57.832130    58.698949     0.805467   286.560153   280.575158    62.302773     3.523179
      1885.0     0.518611   290.365077   401.371655   957.970974     0.438106   118.664409    61.341622    57.322787    58.293733    57.804515     0.802195   286.574848   280.782922    62.810730     3.601301
      1886.0     0.543718   290.360391   401.140341   958.300759     0.275816   120.230924    61.998792    58.232132    58.160280    58.490064     0.802055   286.582015   280.826659    63.188805     3.740043
      1887.0     0.055378   290.429234   400.700819   958.648798     0.198031   119.146055    61.571932    57.574124    58.302550    58.650590     0.802259   286.553306   280.779322    63.399036     3.360864
      1888.0    -1.309339   290.629463   399.921105   958.853368     0.175160   117.947022    60.375906    57.571116    58.756549    58.961119     0.803687   286.759228   281.025556    63.531651     2.194500
      1889.0     0.636534   291.264297   399.228458   957.805056     0.279640   117.737209    60.751148    56.986061    58.334775    57.286463     0.799997   286.679770   280.893674    63.755688     4.157333
      1890.0     1.431032   291.637400   399.306875   956.990678     0.328675   119.362819    61.724939    57.637879    57.877009    57.062632     0.797388   286.563346   280.798581    64.248634     4.583890
      1891.0     0.904982   291.498244   400.020843   957.201242     0.146419   122.081400    63.228161    58.853239    58.735632    58.946196     0.798613   286.467982   280.470903    64.795265     3.567998
      1892.0    -1.002915   291.701939   399.184291   957.548547     0.334375   118.192604    60.399571    57.793033    58.720058    59.067363     0.796435   286.693319   280.860983    65.204750     2.168759
      1893.0     0.447457   292.080930   397.875009   957.683964     0.517994   119.566233    61.193900    58.372333    58.526299    58.661716     0.791596   286.717237   280.919947    65.536751     3.841467
      1894.0    -0.267466   292.588083   396.279872   957.825561     0.388966   115.793680    59.192653    56.601028    57.412074    57.553670     0.789268   286.751010   281.014519    65.804558     3.234120
      1895.0     0.910501   293.149710   395.116798   957.613108     0.433249   118.416952    61.112621    57.304331    58.346187    58.133734     0.788477   286.673443   280.860190    66.221107     4.141961
      1896.0     1.138441   293.364463   395.463336   957.140403     0.239024   120.739776    62.105391    58.634385    58.137145    57.664440     0.794163   286.637975   280.841392    66.806030     4.094413
      1897.0     1.640750   293.296867   396.547035   956.803990     0.323968   123.633280    64.105017    59.528263    59.216477    58.880064     0.797401   286.550096   280.709759    67.379562     4.141254
      1898.0    -0.873330   293.109631   397.008105   957.117455     0.176485   121.485926    62.036765    59.449160    59.104382    59.417846     0.798755   286.749383   281.014872    67.768684     2.157850
      1899.0     0.576140   293.474542   396.237636   956.912224     0.320626   119.744104    61.632155    58.111950    58.686002    58.480771     0.797509   286.677920   280.811567    68.190887     3.921853
      1900.0     0.349065   293.644942   395.715578   957.199833     0.264292   120.046319    61.714302    58.332017    58.326953    58.614562     0.829685   286.596623   280.643470    69.215508     3.621797
      1901.0     0.538787   293.829436   394.869248   957.569673     0.471814   118.946362    61.267901    57.678460    58.076279    58.446119     0.852364   286.580317   280.572130    69.971977     3.668113
      1902.0     1.321490   294.021553   394.757493   957.461007     0.386376   121.206884    62.962045    58.244838    58.945580    58.836914     0.859840   286.595581   280.626705    70.911339     4.236886
      1903.0    -0.505965   293.917467   393.966255   958.680750     0.500907   117.059608    60.086702    56.972905    57.231931    58.451673     0.866878   286.525223   280.468091    71.828285     2.426267
      1904.0     0.600612   294.495522   392.301081   958.650258     0.456912   116.595125    59.896749    56.698375    57.211046    57.180555     0.868379   286.611318   280.677901    72.433006     4.381368
      1905.0    -0.020746   294.849814   391.236476   958.998514     0.366706   116.957406    60.201504    56.755902    57.361343    57.709599     0.869219   286.648257   280.902597    73.205444     3.556511
      1906.0     1.899081   295.369058   391.399086   957.874543     0.348223   121.553143    62.743796    58.809347    58.434477    57.310506     0.877960   286.636621   280.871787    73.827393     5.270679
      1907.0     0.740738   295.301986   392.778658   957.301909     0.362121   123.883642    63.638599    60.245043    59.335070    58.762436     0.885895   286.581774   280.716617    75.059120     3.496591
      1908.0     1.008396   295.441475   392.904163   957.275379     0.235123   122.481113    63.166254    59.314860    58.864702    58.838173     0.889929   286.618838   280.743085    75.948730     4.202575
      1909.0     0.190594   295.502076   392.297539   958.305928     0.237622   120.491769    62.148932    58.342838    58.613880    59.644429     0.890852   286.541041   280.589335    76.754852     3.111127
      1910.0     0.050462   295.934417   391.167317   958.534400     0.385921   121.834440    62.258720    59.575720    59.685693    59.914165     0.870836   286.752954   280.981982    77.488579     3.474777
      1911.0     0.693608   296.404023   390.493767   958.278446     0.509381   122.213746    62.242126    59.971620    59.249815    58.993861     0.857701   286.771722   280.866078    78.260040     3.921815
      1912.0     1.094878   296.872814   390.152742   957.867079     0.462820   121.778180    62.548238    59.229942    59.036547    58.625180     0.859101   286.645949   280.759562    78.857597     4.264083
      1913.0     0.368093   297.231348   389.737141   957.865692     0.569486   119.205895    61.110877    58.095018    58.312819    58.311433     0.859272   286.658204   280.846797    79.339638     3.215045
      1914.0     0.682032   297.854248   388.419322   957.796751     0.653802   119.403927    60.957246    58.446681    58.536412    58.467471     0.860170   286.761138   280.960160    79.650139     3.807595
      1915.0     1.095551   298.559562   387.555808   957.050630     0.740209   119.315974    60.783457    58.532517    58.043017    57.296896     0.859248   286.814288   280.984509    80.216064     4.350075
      1916.0     1.183251   299.017060   387.771574   956.212270     0.659748   120.060789    61.881043    58.179747    58.592857    57.754497     0.863146   286.805179   281.073627    80.550117     3.910780
      1917.0     1.387419   299.288386   387.902114   955.855249     0.712406   123.565021    63.434138    60.130883    59.533249    59.176228     0.869117   286.836361   281.050866    81.283546     4.127370
      1918.0    -0.100103   299.562733   387.153595   956.456574     0.392127   120.615187    60.926391    59.688796    58.003619    58.604944     0.873373   286.951481   281.274639    82.265594     3.069966
      1919.0     1.554282   300.205096   385.710356   956.732686     0.521963   121.813284    62.458105    59.355179    58.839147    59.115259     0.874974   286.843891   281.141730    82.975250     4.786085
      1920.0     0.545078   300.498801   385.589877   956.428641     0.618228   120.126184    61.456636    58.669548    58.275871    57.971827     0.902952   286.771736   280.974202    83.743576     3.605288
      1921.0     0.965920   301.028256   384.979390   956.135043     0.470076   120.846630    61.738243    59.108387    58.321028    58.027430     0.921543   286.860810   281.078517    84.674377     4.321300
      1922.0     2.724530   301.064855   385.593761   956.119878     0.574015   125.588659    64.969603    60.619056    58.930392    58.915227     0.933398   286.622396   280.742422    85.570930     5.440004
      1923.0    -0.909305   300.910787   385.745183   956.923050     0.467622   121.974350    62.146306    59.828043    59.094268    59.897439     0.944866   286.782524   280.993436    86.533394     2.097445
      1924.0    -0.012830   301.688310   384.128521   956.639923     0.582173   119.816798    60.852274    58.964525    59.021350    58.738224     0.943734   286.964909   281.349467    87.187553     3.730711
      1925.0     2.362306   302.368451   383.529990   955.767886     0.655973   122.735370    63.071000    59.664370    58.871989    57.999952     0.941828   286.750060   280.952464    87.705803     5.669580
      1926.0     1.446293   302.383924   384.257187   955.927500     0.524801   123.701735    63.571062    60.130673    58.640351    58.799966     0.953072   286.737026   280.901072    88.684441     4.043899
      1927.0     0.724041   302.641214   383.614640   956.548791     0.376096   122.686668    62.436886    60.249782    58.445508    59.066799     0.959769   286.772152   280.943642    89.586037     4.012634
      1928.0     0.883552   302.916075   383.468453   956.780977     0.395695   125.034479    63.822062    61.212417    59.656476    59.888662     0.965858   286.850671   281.016185    90.502968     4.079587
      1929.0     1.655146   303.118183   383.354504   957.097347     0.533295   125.866231    64.382217    61.484014    59.493798    59.810168     0.969439   286.847712   281.173491    91.406769     4.685998
      1930.0    -0.643181   303.526040   382.895723   956.818801     0.778408   123.224821    62.167949    61.056871    60.248882    59.970335     0.965573   287.005631   281.377814    91.890625     2.656395
      1931.0     1.786341   304.127546   382.033429   956.279737     0.808912   123.563912    62.614687    60.949225    58.810437    58.271374     0.961815   287.000668   281.406419    92.282013     5.205607
      1932.0     0.942263   304.514179   381.008608   956.781240     0.742363   123.892773    63.123376    60.769397    59.493710    59.995212     0.967955   286.858280   281.308114    93.086311     4.152984
      1933.0     1.943626   304.699155   380.790830   957.098353     0.663241   125.063717    64.279167    60.784550    59.252761    59.569874     0.969980   286.655115   280.810890    93.767357     4.927071
      1934.0     0.780054   304.778566   380.760457   957.468216     0.592436   125.931484    64.242328    61.689156    59.987096    60.356959     0.977013   286.789144   281.089493    94.316711     3.915742
      1935.0     1.361651   305.039096   380.837477   957.279376     0.499825   125.725432    64.389310    61.336122    59.885589    59.696749     0.983252   286.746800   280.953644    94.988350     4.615541
      1936.0     0.505556   305.312984   381.042838   956.917244     0.541105   123.283271    62.875688    60.407583    59.201024    58.838892     0.990721   286.773884   281.010168    95.656319     3.831435
      1937.0     0.553394   305.679134   380.206353   957.220240     0.728909   124.285196    62.885318    61.399877    59.514001    59.816998     0.992145   286.889939   281.090555    96.282394     3.904805
      1938.0     0.086870   306.529706   378.790853   956.684063     0.832284   120.426594    60.826644    59.599950    59.209597    58.673420     0.993617   286.945612   281.257010    96.761841     3.568725
      1939.0     2.437948   307.292038   377.575741   956.542625     0.763553   124.500234    63.153236    61.346998    58.695658    58.554219     0.996658   286.890166   281.201874    97.584755     5.814129
      1940.0     1.168446   307.727866   377.202081   956.738183     0.793776   125.731813    63.689999    62.041814    59.791133    59.986691     1.000910   286.849887   281.157507    98.383560     4.076967
      1941.0     1.699429   308.294320   377.113258   956.310767     0.654615   124.724984    62.874858    61.850126    58.437644    58.010228     1.001517   286.850388   281.119757    98.922752     4.953453
      1942.0     2.861687   308.520204   377.159694   956.735137     0.666078   128.494842    65.925240    62.569602    59.689103    60.113472     1.009938   286.735489   280.885193    99.378494     5.765331
      1943.0     1.089603   308.376658   377.956895   957.513348     0.554230   128.730782    65.495601    63.235182    60.130484    60.908695     1.014103   286.907888   281.096946   100.399658     3.789705
      1944.0     1.070690   308.717153   377.447039   957.883307     0.557047   125.661198    64.065797    61.595401    59.933052    60.303011     1.017104   286.800053   280.936077   100.656288     4.272642
      1945.0     0.583407   308.958149   377.475926   957.761308     0.773746   125.196868    63.131044    62.065824    59.334847    59.212848     1.020360   286.939515   281.233434   100.998474     3.889309
      1946.0    -1.079809   309.760840   374.918793   958.436976     0.729659   121.383770    60.468950    60.914821    59.650111    60.325779     1.019923   287.129377   281.478440   101.676079     2.700304
      1947.0     3.251611   311.149733   372.943146   957.278098     1.023921   123.808822    62.708817    61.100005    58.981702    57.822823     1.021429   287.038329   281.444184   101.928047     6.861641
      1948.0     3.395960   311.226930   374.303104   957.163949     0.849214   129.001777    65.990089    63.011687    59.225836    59.111688     1.032631   286.775259   280.986067   102.539154     5.518444
      1949.0     1.335224   311.079345   374.779376   958.526044     0.728937   128.106012    65.044614    63.061397    59.489609    60.851704     1.044190   286.815886   280.989294   103.369644     3.716638
      1950.0     0.019879   311.431439   373.491769   959.531972     0.869703   125.343890    63.002520    62.341370    59.987521    60.993448     1.094944   287.068275   281.431244   104.532059     3.296678
      1951.0     1.164729   312.303272   372.627073   958.743314     0.846078   126.777370    63.752875    63.024495    60.696348    59.907690     1.124795   287.111931   281.479971   105.606232     4.709881
      1952.0     0.994968   313.536225   371.414542   957.396792     1.053946   123.916043    62.131692    61.784351    60.149438    58.802915     1.136056   287.128922   281.721504   106.782013     4.541307
      1953.0     4.774848   314.273426   371.657763   956.599668     1.003216   129.878798    65.985210    63.893588    59.026630    58.229507     1.148291   286.878662   281.321004   107.635284     7.512483
      1954.0     2.920643   313.992225   373.327934   957.628526     0.732935   132.194139    67.563116    64.631024    60.140488    61.169346     1.175612   286.720656   280.957719   108.900406     4.723599
      1955.0     1.083833   313.949861   373.500308   959.228454     0.697856   129.951640    65.880113    64.071527    60.617830    62.217758     1.196120   286.834604   281.084350   110.250793     3.489981
      1956.0     1.128145   314.647935   371.901217   959.999040     0.892304   126.548462    63.586841    62.961621    60.028023    60.798609     1.205484   286.882679   281.176872   110.849594     4.387323
      1957.0     2.026208   315.519318   370.828228   960.035241     0.902831   128.114114    64.446414    63.667700    60.315581    60.351782     1.210175   286.990998   281.252477   111.527878     5.167621
      1958.0     2.393437   316.384947   370.743843   959.699473     0.745261   129.576393    65.577390    63.999003    60.900914    60.565146     1.219184   286.983802   281.271363   112.728714     5.096629
      1959.0     2.832229   317.159761   370.242674   960.126218     0.901970   130.765810    65.866366    64.899444    60.660661    61.087406     1.232129   287.035650   281.351965   113.682281     5.280129
      1960.0     2.662386   317.830637   370.129658   960.521375     0.915336   131.829881    66.460198    65.369684    61.200969    61.596126     1.201464   287.104033   281.402396   114.643860     4.977088
      1961.0     2.627238   318.713310   369.623163   960.848746     1.076653   129.073589    65.029778    64.043811    60.375016    60.702387     1.172345   287.051073   281.403565   114.962486     4.833887
      1962.0     2.934401   319.579338   369.281572   961.092833     1.036779   129.563560    65.274082    64.289479    60.294561    60.538648     1.173769   286.916133   281.085810   115.399101     5.077025
      1963.0     2.857882   320.421146   368.600137   961.772999     1.182946   128.056002    64.637781    63.418222    59.797557    60.477723     1.181528   286.850045   281.095760   115.957947     4.841492
      1964.0     1.140390   321.643623   366.705066   962.429499     1.311508   124.428630    62.059129    62.369501    60.020649    60.677148     1.182318   286.888157   281.232449   116.163765     3.277052
      1965.0     4.189600   323.348287   365.035551   961.692007     1.482331   124.142559    62.422260    61.720299    58.449584    57.712093     1.173704   286.856322   281.191871   116.374390     6.379683
      1966.0     4.443130   324.343592   365.663921   961.436451     1.311898   129.420163    65.675277    63.744886    59.694111    59.438555     1.179264   286.867206   281.187023   117.020470     5.608351
      1967.0     4.092625   325.071980   366.265792   962.005172     1.215113   133.549801    67.242483    66.307318    60.873218    61.441939     1.189280   286.935577   281.342176   117.990662     5.198673
      1968.0     2.503325   326.187453   365.339031   962.647351     1.467897   129.265940    64.727540    64.538400    61.033535    61.675714     1.196155   286.929824   281.205023   118.994553     3.978588
      1969.0     3.934076   327.583840   365.080828   962.106788     1.319573   129.631359    65.021502    64.609857    60.358798    59.818234     1.195629   286.975390   281.271972   119.665024     5.461471
      1970.0     5.612688   328.881405   365.283624   961.738089     1.583371   132.079811    66.818678    65.261132    60.751941    60.383242     1.166487   286.834135   281.080394   119.621628     6.232640
      1971.0     4.783459   329.610591   366.552080   962.477390     1.252642   133.547457    67.085739    66.461718    60.032158    60.771459     1.154044   286.832814   281.224934   120.180954     5.045825
      1972.0     3.576152   330.634764   366.505848   963.751765     1.361403   134.455460    67.501259    66.954201    62.389079    63.663454     1.154356   286.884246   281.306301   120.596680     3.884037
      1973.0     4.356776   332.176483   365.043890   964.763803     1.400468   130.799237    65.528730    65.270507    60.817824    61.829861     1.147889   286.951968   281.255113   120.815392     5.160826
      1974.0     6.435769   333.468678   366.281073   964.385881     1.383754   138.123259    70.063780    68.059479    62.597670    62.219748     1.148118   286.967933   281.283597   121.568947     6.606850
      1975.0     4.349682   334.244416   367.644413   965.301821     1.417021   137.565387    69.002748    68.562639    62.500392    63.416331     1.156418   287.079413   281.412218   122.303558     4.223076
      1976.0     3.752801   335.805536   366.919688   965.687207     1.667408   134.162151    66.428167    67.733984    62.315891    62.701278     1.154043   287.288371   281.856698   122.688286     4.451614
      1977.0     5.243329   337.645848   365.948031   965.902564     1.584761   134.378311    67.392714    66.985597    62.494747    62.710104     1.150584   287.200766   281.596754   123.303108     5.654268
      1978.0     6.560760   339.178663   366.890483   965.448788     1.754155   138.915118    70.168767    68.746351    63.464316    63.010540     1.155183   287.038691   281.290842   123.978172     6.215775
      1979.0     5.838679   340.248634   368.365061   966.105430     1.504285   140.053305    70.133836    69.919469    62.706031    63.362673     1.159981   287.064372   281.377206   125.110901     5.296585
      1980.0     6.004661   341.655970   368.437815   967.106302     1.576981   141.050043    70.789236    70.260807    64.002456    65.003329     1.232161   287.164360   281.440628   126.441116     5.713153
      1981.0     4.505396   342.812304   369.031542   967.853944     1.659430   138.860447    69.412825    69.447622    63.598959    64.346601     1.282216   287.290540   281.624358   127.949226     4.472497
      1982.0     4.360794   344.724733   367.573649   968.471038     1.704501   135.398330    66.989867    68.408463    62.938897    63.555990     1.289190   287.511924   282.004876   129.175858     4.891769
      1983.0     6.051715   346.993052   366.070708   968.344568     1.968069   134.373064    67.097365    67.275699    62.358258    62.231788     1.291164   287.329618   281.975795   129.651154     6.368518
      1984.0     7.100884   348.451578   367.691518   967.597783     1.987017   140.405839    70.810015    69.595824    63.388165    62.641380     1.311784   287.020025   281.392930   131.087189     6.547825
      1985.0     6.173183   349.433556   369.147439   968.395440     1.700643   141.706705    70.721537    70.985168    62.696616    63.494273     1.328866   287.034100   281.452831   132.798355     5.771343
      1986.0     4.806853   350.795950   367.834807   970.684414     1.790281   138.501359    68.926397    69.574962    63.241366    65.530340     1.340718   287.101843   281.427082   134.272141     4.708690
      1987.0     4.642749   352.631756   366.694491   971.407844     1.721469   136.364444    67.156345    69.208099    62.531063    63.254492     1.345550   287.316859   281.756256   135.267120     5.042168
      1988.0     7.360529   354.738225   366.229895   971.085477     1.926088   141.198508    70.889241    70.309267    64.343190    64.020823     1.350078   287.324190   281.866884   136.314316     7.333014
      1989.0     7.321414   355.749408   368.848097   971.290854     1.877752   147.701618    73.896318    73.805301    64.884806    65.090184     1.362351   287.257487   281.748188   137.700211     6.187932
      1990.0     5.292569   356.879725   369.529319   972.891698     1.785726   143.933216    71.574182    72.359035    64.800754    66.401597     1.274367   287.425466   281.753319   137.821777     4.491363
      1991.0     5.317199   358.629871   369.048366   973.615532     1.868853   141.322880    69.862022    71.460858    64.716977    65.440812     1.207577   287.459481   281.801053   137.495102     4.902163
      1992.0     6.068444   360.600148   367.840397   974.629306     2.175462   138.557269    68.225745    70.331524    62.954996    63.968770     1.191216   287.271554   281.628003   137.631348     5.464945
      1993.0     7.619822   362.476240   367.274942   975.309667     2.251184   139.150220    70.004568    69.145653    63.197154    63.877516     1.174645   287.079831   281.407314   137.275253     6.692507
      1994.0     8.184416   363.509408   369.571404   975.645430     2.104097   146.845799    73.544882    73.300917    64.155219    64.490982     1.172833   287.045225   281.357407   137.446991     6.757439
      1995.0     5.108964   364.284949   371.337030   976.934323     1.774586   146.890785    72.656476    74.234309    65.523847    66.812740     1.174003   287.273216   281.698108   138.009460     4.078109
      1996.0     4.344112   366.073218   370.531394   977.884526     1.877377   140.444606    68.913132    71.531475    64.665752    65.615955     1.170310   287.529157   282.150347   137.778427     4.102813
      1997.0     7.982890   368.126637   370.145545   977.908135     2.151196   143.819652    71.590614    72.229037    64.474223    64.497833     1.160878   287.338405   281.949854   137.633713     7.478631
      1998.0     6.564420   369.349868   371.684953   978.601029     1.974874   147.742334    73.368803    74.373531    65.820049    66.512943     1.165422   287.282506   281.749539   138.231003     5.316452
      1999.0     6.684693   370.873314   372.029800   979.647943     1.994697   146.133934    72.318919    73.815015    65.321198    66.368111     1.162081   287.443021   281.927275   138.450424     5.605962
      2000.0     6.139780   372.427533   372.372731   980.835181     2.002517   144.652418    71.579469    73.072949    65.053459    66.240697     1.249065   287.449131   281.935048   139.530609     4.995841
      2001.0     7.586424   374.196865   373.435582   980.597626     2.238857   147.227475    72.881092    74.346384    65.859671    65.622117     1.185908   287.468420   281.943387   139.310425     6.196124
      2002.0     5.141865   375.966193   373.599996   981.248828     2.170485   143.836503    70.294268    73.542236    65.600694    66.251896     1.193949   287.696051   282.303232   139.563431     3.877957
      2003.0     6.958545   378.500716   372.337285   981.338315     2.288590   143.960132    70.507170    73.452962    65.403942    65.493429     1.364993   287.710357   282.408919   141.934158     6.276452
      2004.0    10.463061   380.646168   373.362048   981.157943     2.392011   150.878631    75.155038    75.723594    65.878482    65.698109     1.374435   287.443228   282.046576   143.401245     8.432166
      2005.0     8.444261   381.846323   375.985011   982.493355     2.125967   153.031120    75.681934    77.349187    66.186493    67.521905     1.260854   287.358997   281.879267   143.657166     5.537066
      2006.0     7.326929   383.481688   376.954862   984.209614     2.152447   149.653504    73.547688    76.105816    66.109523    67.825782     1.205791   287.391098   281.858060   143.633957     4.752055
      2007.0     6.950061   385.324531   377.850560   985.276215     2.189848   151.203112    74.057272    77.145840    67.474036    68.540636     1.220456   287.618400   282.226422   143.656204     4.620938
      2008.0     9.124983   388.040913   377.343688   985.601382     2.473515   149.684842    73.579381    76.105460    67.043135    67.368302     1.253261   287.563837   282.156587   143.881805     6.717951
      2009.0     9.558868   389.966973   378.704400   986.322390     2.416543   155.036163    76.349135    78.687028    66.964840    67.685848     1.684518   287.411171   281.971318   148.764008     7.302576
      2010.0     8.397762   391.681774   380.093836   987.877012     2.341978   157.685086    76.852552    80.832534    68.229431    69.784053     1.613416   287.559178   282.057794   150.959747     5.679062
      2011.0     7.144961   394.061080   379.120125   989.943689     2.463006   150.298113    72.383012    77.915101    66.597015    68.663691     1.427416   287.739569   282.235729   150.339996     4.693032
      2012.0    10.029427   397.064994   377.360337   991.448805     2.591627   153.133960    74.807251    78.326709    67.566408    69.071524     1.550189   287.757643   282.273649   151.820251     7.495514
      2013.0     9.887028   399.965687   377.474643   991.782570     2.683443   153.608855    75.195175    78.413681    68.068681    68.402446     1.631410   287.645348   282.136408   153.807739     6.678423
      2014.0     9.879590   402.629709   379.237195   991.438500     2.661541   157.603734    76.091597    81.512137    68.027815    67.683746     1.519866   287.772598   282.534860   154.182388     6.645299
      2015.0     9.830922   404.995049   380.358934   992.587418     2.597356   158.587220    76.727122    81.860098    68.360760    69.509678     1.390243   287.783953   282.448264   153.463074     6.095706
      2016.0     9.671143   407.623011   381.473599   993.107109     2.809837   156.803785    75.317899    81.485886    68.092528    68.612219     1.342133   287.740167   282.294647   153.016907     5.591016
      2017.0    10.447121   410.187329   382.728482   993.949361     2.712712   159.309214    76.584077    82.725138    68.076849    68.919101     1.330711   287.727640   282.259869   153.143021     6.410093
      2018.0    10.878314   412.704646   383.920005   995.217095     2.714336   161.986520    78.357360    83.629160    69.439809    70.707544     1.328711   287.856245   282.473113   153.369934     6.458294
      2019.0    11.100722   415.337276   384.676771   996.663761     2.798554   161.926438    78.229435    83.697003    69.443994    70.890660     1.326159   287.833698   282.472468   153.869308     6.582009
      2020.0     9.529999   418.138479   385.501218   998.058603     2.780155   158.864337    75.859694    83.004643    68.784438    70.179279     1.315830   287.893185   282.412656   154.127121     4.855968
      2021.0    10.928471   421.601027   385.295913   998.618437     3.004990   160.664847    77.130779    83.534068    70.300146    70.859981     1.302048   288.063645   282.910433   154.049316     6.476103
      2022.0    12.802383   424.736052   387.676028   998.153858     3.031226   165.131578    79.568373    85.563206    70.225357    69.760777     1.302684   287.944158   282.591597   154.466003     7.427481
      2023.0    11.722891   427.514918   389.523001   999.289541     3.008539   166.363445    79.498032    86.865413    70.231900    71.367583     1.307106   288.045067   282.791062   155.160721     6.283475
      2024.0    11.480332   430.493089   389.921857  1001.482430     3.130032   163.078180    77.685357    85.392823    69.322957    71.515846     1.309348   288.001930   282.758596   155.780106     5.770655
      2025.0    12.613053   433.532664   390.952872  1003.201415     3.059003   166.729075    79.657997    87.071079    70.284756    72.003741     1.288845   287.979303   282.629690   156.091446     6.623241
      2026.0    11.448804   436.996781   391.763736  1003.987056     3.060718   164.112607    77.589384    86.523223    70.235380    71.021021     1.276604   288.167666   282.904049   156.443512     5.757499
      2027.0    11.751615   440.822556   391.412137  1005.135335     3.236348   162.781876    77.103520    85.678355    70.306191    71.454470     1.262255   288.162474   282.951738   156.785629     6.000650
      2028.0    14.309149   444.712713   392.821742  1005.128208     3.248338   166.508443    79.330598    87.177845    70.375373    70.368247     1.256274   288.071042   282.810174   156.579788     7.552746
      2029.0    12.755138   448.160125   394.086987  1006.602320     3.361838   165.214875    78.161034    87.053841    69.791639    71.265751     1.253652   288.021162   282.711953   156.849487     5.630038
      2030.0    14.573257   451.636866   395.379027  1008.102405     3.293359   171.876691    81.695901    90.180790    71.462993    72.963078     1.231075   288.058716   282.860221   157.283066     7.440783
      2031.0    12.885634   454.851333   397.546159  1009.511680     3.261445   173.686911    81.540843    92.146068    72.357149    73.766424     1.220277   288.094269   282.796656   157.758636     5.607287
      2032.0    12.515790   458.729884   397.611069  1011.010767     3.438540   165.527426    77.969461    87.557965    70.639399    72.138486     1.215164   288.215636   282.983546   157.650604     5.766066
      2033.0    13.051859   463.048550   397.639449  1011.676800     3.483677   166.823687    78.129534    88.694153    71.503043    72.169076     1.200846   288.368515   283.151588   157.388275     5.932077
      2034.0    15.797521   467.400453   398.548716  1012.142862     3.631097   170.529270    80.203345    90.325924    70.828193    71.294255     1.197489   288.325912   283.108649   157.585403     7.999823
      2035.0    14.260299   471.263149   399.844238  1013.636098     3.613054   171.013029    80.280994    90.732035    71.355330    72.848566     1.186911   288.354167   283.218653   157.667770     6.136906
      2036.0    15.565105   475.247769   400.895064  1015.157946     3.619104   174.306207    82.597763    91.708445    72.847426    74.369274     1.181870   288.245665   283.063386   158.110626     7.177663
      2037.0    15.353295   478.625737   403.511810  1016.841171     3.659609   175.379951    82.489756    92.890195    71.553673    73.236898     1.179646   288.201619   283.056930   158.591507     6.636111
      2038.0    13.645649   482.173017   404.523667  1019.342904     3.631056   174.693117    82.212238    92.480878    73.195642    75.697375     1.181290   288.186820   282.919308   159.041794     5.503007
      2039.0    15.260329   486.021137   406.744114  1019.787999     3.702389   178.155927    83.244944    94.910983    73.289064    73.734159     1.182884   288.197329   283.083775   158.772385     7.290338
      2040.0    15.534195   489.342721   409.845832  1020.981385     3.698626   184.638973    86.159264    98.479709    74.929582    76.122968     1.198373   288.254291   283.102511   159.565750     6.934578
      2041.0    13.597981   493.188714   411.227692  1022.684983     3.644536   179.952781    83.458467    96.494314    74.984573    76.688171     1.203956   288.384020   283.270927   160.271805     5.388435
      2042.0    14.984165   497.597872   412.245939  1023.391150     3.704282   175.992746    81.728570    94.264177    73.185389    73.891556     1.201660   288.296199   283.121846   160.081299     6.818766
      2043.0    15.658080   501.932911   413.785114  1023.959401     3.757437   180.671969    83.558779    97.113189    74.350673    74.918924     1.198184   288.366902   283.224540   160.225845     7.100681
      2044.0    14.800603   506.222309   415.164232  1025.604391     3.545944   181.875460    83.096470    98.778990    74.282895    75.927885     1.199411   288.408176   283.306840   161.156296     5.789466
      2045.0    16.237721   510.745071   415.688531  1027.173405     3.845546   180.735317    83.422618    97.312699    73.948930    75.517944     1.199164   288.439921   283.382869   161.446350     7.380375
      2046.0    16.226567   515.104461   417.910104  1027.991584     3.693931   184.209500    84.978524    99.230976    75.178273    75.996452     1.200839   288.443103   283.202993   161.806427     6.760499
      2047.0    15.472803   519.622421   419.137139  1029.375505     3.762510   181.327711    82.606086    98.721625    73.772993    75.156913     1.202653   288.589221   283.454271   161.907852     6.222138
      2048.0    15.038295   524.439504   419.641234  1030.633089     3.796121   180.877943    83.185187    97.692756    75.521049    76.778634     1.203382   288.757491   283.777947   161.910950     5.902458
      2049.0    17.280841   529.520117   420.550893  1030.983373     3.950972   182.883432    83.574057    99.309375    74.452134    74.802418     1.199987   288.645277   283.614887   161.727493     7.861980
      2050.0    16.687307   534.027052   422.199265  1032.536758     3.962818   184.876489    84.592224   100.284264    74.762356    76.315741     1.244565   288.533164   283.439217   162.865936     6.628111
      2051.0    15.506596   538.608176   422.033328  1035.249138     3.947824   180.137260    81.985248    98.152012    73.162251    75.874632     1.276043   288.703412   283.741064   163.816925     6.276554
      2052.0    18.142266   543.553313   423.162644  1036.345435     4.049659   186.693554    86.579683   100.113871    76.344905    77.441202     1.288038   288.685880   283.723242   164.111511     8.009164
      2053.0    16.270099   547.919076   425.967565  1037.015300     3.941758   188.724048    86.028270   102.695777    75.923820    76.593685     1.294290   288.674442   283.769964   164.574417     6.629665
      2054.0    17.276015   552.276450   428.073588  1038.436246     3.982007   193.366045    87.713468   105.652577    76.857129    78.278075     1.303342   288.494302   283.253362   165.250610     7.329370
      2055.0    15.388403   556.764653   428.986202  1040.469404     3.895567   188.765995    85.179530   103.586465    76.290921    78.324078     1.324860   288.719971   283.651058   166.388550     5.942837
      2056.0    17.762330   561.960432   429.502898  1041.434413     4.063519   190.428420    86.163842   104.264577    76.374463    77.339472     1.343833   288.711548   283.642295   166.445633     8.307674
      2057.0    16.801452   566.585679   431.394786  1042.681832     4.111693   193.380332    87.013862   106.366470    77.033310    78.280729     1.351805   288.687489   283.750637   167.382782     6.841245
      2058.0    16.580592   571.241412   432.607475  1044.471585     4.029852   193.229077    86.612130   106.616946    76.864196    78.653949     1.359835   288.708000   283.621738   167.760300     6.745493
      2059.0    15.854208   576.404765   432.956924  1045.931754     4.118145   189.393989    83.978978   105.415011    76.089458    77.549626     1.363536   288.861847   283.747619   168.157837     6.079903
      2060.0    16.486822   582.130577   431.523907  1048.060326     4.219770   184.709328    82.714561   101.994767    75.584466    77.713039     1.342239   289.081596   284.172594   167.343674     6.434539
      2061.0    19.703344   588.006162   431.706561  1048.490135     4.403191   190.372849    86.861324   103.511525    77.129054    77.558863     1.326430   288.893460   283.772998   166.782639     9.119807
      2062.0    18.339578   592.630159   435.263933  1049.001504     4.222764   198.997704    88.918257   110.079447    77.559077    78.070446     1.330124   288.911534   283.942433   167.557388     7.290440
      2063.0    17.081895   597.637761   436.051752  1050.964565     4.123631   196.098284    87.376001   108.722282    77.745629    79.708690     1.336005   288.958289   283.968069   168.274597     6.879492
      2064.0    17.037714   602.720695   437.272958  1052.532766     4.101221   199.401690    87.599271   111.802419    78.004766    79.572967     1.340648   289.105498   284.187517   168.301285     6.805097
      2065.0    18.395031   608.075756   437.543831  1054.361769     4.208665   198.189002    88.219945   109.969057    77.969109    79.798112     1.338650   289.150204   284.256110   168.484955     8.150959
      2066.0    17.585713   613.310077   438.856476  1055.761859     4.151585   197.494392    87.781327   109.713065    78.297530    79.697619     1.344449   289.062035   284.052524   168.349991     6.771063
      2067.0    17.849492   618.827776   439.580293  1056.928162     4.129982   198.579005    87.620118   110.958886    78.374249    79.540553     1.348106   289.160462   284.264029   168.778976     7.355749
      2068.0    17.593038   624.230880   440.220339  1058.725682     4.181495   200.099545    87.914955   112.184591    78.458749    80.256268     1.349942   289.233680   284.439114   169.174576     7.018641
      2069.0    17.867594   630.220320   439.763737  1059.848624     4.294441   196.468546    87.273243   109.195303    79.073567    80.196509     1.344871   289.209436   284.318966   169.324890     7.533336
      2070.0    18.895980   635.834663   442.051121  1059.965641     4.191124   203.544172    89.501036   114.043136    79.382354    79.499371     1.309692   289.245959   284.480426   169.181213     7.714280
      2071.0    18.743797   641.325979   443.535805  1060.929612     4.250197   206.640058    90.676422   115.963636    80.552852    81.516823     1.286794   289.330459   284.459532   168.616364     7.674915
      2072.0    17.152886   647.141044   443.641647  1062.874037     4.150016   200.787294    87.370130   113.417164    79.371868    81.316292     1.284999   289.523108   284.758271   168.437515     5.947995
      2073.0    19.330208   653.536416   444.066564  1062.686306     4.349391   197.951415    87.605480   110.345935    79.069657    78.881926     1.272537   289.372659   284.599987   167.662354     8.298638
      2074.0    19.895623   658.915661   447.424570  1062.708657     4.424508   208.755278    90.731744   118.023534    79.470323    79.492674     1.269923   289.349693   284.498338   167.801224     7.881064
      2075.0    18.666845   664.144856   448.600436  1065.070493     4.365377   208.081744    90.268592   117.813152    79.667948    82.029785     1.252634   289.381534   284.555338   168.318344     7.062942
      2076.0    18.504623   669.464638   449.381211  1067.598979     4.361965   207.153861    89.278616   117.875245    78.865618    81.394104     1.240977   289.479422   284.591519   168.024475     7.103737
      2077.0    17.511441   675.514202   448.554584  1069.809294     4.225610   202.953064    87.320061   115.633003    79.524144    81.734459     1.229992   289.636138   284.926133   167.222473     6.412229
      2078.0    19.302311   681.907474   449.545069  1069.814931     4.389475   204.033557    88.881589   115.151968    80.412302    80.417938     1.223569   289.509398   284.683316   167.208420     7.473166
      2079.0    20.190420   688.037903   451.395383  1069.775898     4.371420   209.239832    91.218177   118.021654    81.034123    80.995090     1.220784   289.528994   284.689085   167.232330     8.372773
      2080.0    19.169430   693.950599   452.604665  1071.035870     4.273639   209.430268    89.406914   120.023354    79.323655    80.583628     1.211139   289.582924   284.785386   167.088730     7.614005
      2081.0    20.138616   699.795324   453.873737  1072.661469     4.272624   214.345593    92.606880   121.738714    81.697031    83.322630     1.198674   289.533376   284.714382   167.044388     8.015177
      2082.0    18.627559   705.441240   455.120939  1074.596164     4.186854   215.418639    90.959595   124.459044    80.742632    82.677326     1.197893   289.713027   285.032832   167.576736     7.035066
      2083.0    17.758647   711.897105   454.868585  1075.895338     4.298090   209.689756    88.919528   120.770228    81.511373    82.810548     1.192632   289.936050   285.357427   167.450439     6.361335
      2084.0    20.699169   718.925736   455.225921  1075.458738     4.560634   209.663367    90.765263   118.898104    82.152128    81.715528     1.187194   289.815993   285.257296   166.129593     8.692400
      2085.0    20.217059   725.247846   457.373487  1075.673090     4.463716   213.896501    91.446189   122.450312    81.942629    82.156981     1.174932   289.761354   285.064085   165.573166     7.141642
      2086.0    19.331639   731.766244   457.999995  1077.043473     4.236861   210.978585    89.321121   121.657464    80.688456    82.058839     1.166110   290.047546   285.432626   165.387436     6.635774
      2087.0    19.725743   738.892029   457.329689  1078.101453     4.345813   209.497378    88.652913   120.844465    80.950309    82.008290     1.159478   290.094791   285.612326   165.228500     7.314930
      2088.0    22.467998   745.666584   459.857052  1077.413001     4.576532   219.859768    94.166019   125.693749    83.310110    82.621658     1.159518   289.885875   285.342614   165.101624     9.016998
      2089.0    19.510236   751.868820   461.565259  1078.774339     4.311911   216.110250    90.571173   125.539077    80.885193    82.246531     1.154876   289.814689   285.102935   165.160110     6.616435
      2090.0    20.065808   758.385894   460.986203  1081.577024     4.269488   214.127627    89.184922   124.942705    79.331077    82.133762     1.156347   290.153552   285.735738   165.028366     7.630216
      2091.0    20.771099   765.572343   459.900252  1083.429221     4.475703   213.840037    91.070441   122.769596    82.440910    84.293108     1.151806   290.108657   285.685662   164.696045     7.863285
      2092.0    21.654407   772.403768   461.342926  1083.757523     4.473426   217.888954    92.351475   125.537479    82.146433    82.474734     1.151049   289.931357   285.322877   164.407318     8.434066
      2093.0    19.557994   778.940014   462.716333  1084.816132     4.399344   221.831451    91.863368   129.968083    82.744135    83.802744     1.146290   290.076831   285.682339   164.580811     6.687217
      2094.0    21.336122   785.893598   463.165678  1085.987178     4.562746   219.065081    91.244964   127.820117    81.675676    82.846722     1.139570   289.999476   285.518954   164.016632     7.948898
      2095.0    21.293666   792.710352   464.446267  1086.819368     4.585182   221.573679    92.553650   129.020030    82.614870    83.447060     1.113600   290.105334   285.660586   164.068054     7.826000
      2096.0    21.274447   799.827595   465.574660  1087.449632     4.529877   218.962403    91.646971   127.315432    82.301251    82.931515     1.098044   290.131729   285.652288   164.021683     7.587063
      2097.0    21.424279   807.350927   466.220571  1087.932303     4.387176   218.282575    90.414709   127.867866    82.065809    82.548480     1.088109   290.098337   285.514158   162.954041     7.220318
      2098.0    22.003149   814.624303   466.993937  1088.955155     4.340344   222.685744    92.005621   130.680122    81.996367    83.019220     1.084092   290.190564   285.723033   163.135361     8.213036
      2099.0    21.281243   822.025758   467.348374  1089.829309     4.542021   220.583002    91.147206   129.435796    82.569416    83.443569     1.079602   290.230547   285.716712   163.216583     7.349200