        time     emission          CO2         cveg        csoil        fgco2         fgpp         fnpp           ra          frh     fvegsoil         fluc          tas     tas_land        cprod     fcvegout    fcsoilout
        1850    -0.675652   284.316986   389.700041  2910.564944    -0.208786    88.653496    37.108028    51.545468    35.061488    36.945294     0.114276   287.163264   281.541118     0.098847      2.62077     1.964135
        1851     0.780229   284.450989   389.323155  2910.047073     -0.03073    89.563409    38.106973    51.456436    35.503379    34.951082     0.144582   287.266668   281.684522      0.27792     3.532776    -0.034427
        1852     0.960033   284.597992    391.02742  2909.091663    -0.025985    90.560496    38.387017    52.173479    34.879288    36.087801     0.171148   287.165728   281.472617     0.432492     0.594951     2.163924
        1853     0.663171   284.730988   391.676868  2908.809847    -0.170987    92.505332    39.200394    53.304938    35.986461    35.183949     0.189597   287.144472   281.485632     0.563232     3.366997    -0.520697
        1854     0.603726   284.846008   393.546401  2908.021428     -0.19223    93.545275     38.81586    54.729414    35.710951    36.504318     0.205452   287.165133   281.441726     0.674828     0.442009     1.581786
        1855    -0.628281    284.94101   392.637592  2909.088958    -0.140057    91.834407    37.849221    53.985185    35.866475    38.453403      0.21787   287.308811   281.732285     0.771495     0.304628     1.519398
        1856    -1.280707   285.049011   390.663769  2909.515421    -0.147946     90.01784    37.890917    52.126923    36.208004    36.351669     0.228348   287.368673   281.902522     0.855983      3.51307    -0.282798
        1857     2.075071    285.20401   392.348682  2907.695633    -0.099939    93.237101    40.141273    53.095828    36.240967    34.433575     0.237669   287.257167   281.793521     0.930351     4.022786     0.012397
        1858     0.244027   285.368988    394.53189  2907.097566    -0.079952    92.413177    38.557397     53.85578     35.62308    37.138291     0.244993   287.252354    281.81024     0.996787    -0.764102     2.113277
        1859    -0.495551   285.545013   394.004981  2907.294684     0.045005    92.057967    38.223034    53.834933    35.886587    37.404248     0.247724   287.339389   281.873301     1.056672     1.345696     1.320544
        1860    -0.737121   285.739014   392.016825  2907.779378     0.051311    89.214806    37.262828    51.951978    35.916076    36.860168     0.227758   287.273729    281.74518     1.102545     2.390815     0.459397
        1861     2.007705   285.933014   393.167428  2906.605683     0.151806     92.38707    39.667497    52.719573    35.843247    35.831008     0.231008   287.256179   281.670291      1.14131     2.685885     1.161456
        1862     1.085705   286.100006   393.924124  2906.715879     0.282819    91.499035    38.817872    52.681164    35.820344    36.726115     0.233964   287.225658   281.583935     1.181385     1.335062     0.795574
        1863     2.171015   286.270996   395.492536  2906.019054     0.209146    93.627511    39.762104    53.865407    35.818612    36.410065     0.237229   287.258473   281.736317     1.218761     1.783626     1.288278
        1864      0.09913   286.441986    395.40312  2906.755222     0.159685    92.059656    38.587507    53.472149    36.061548    37.054694      0.23635   287.187596   281.618529     1.253648     1.622229     0.256978
        1865     -0.46056   286.614014   394.947905  2906.948669     0.151113    90.866781    37.689964    53.176818    35.520503    38.050971     0.235887   287.229053    281.64334     1.286558     0.094207     2.337021
        1866    -1.293122   286.781006   392.766998  2907.276051     0.198717    90.101705     38.00723    52.094475    36.610324    36.334636     0.235102   287.378128   282.013645     1.317217     3.853501    -0.603069
        1867    -0.138168   286.954987   392.698282  2906.069937     0.367528     89.95756    38.086364    51.871196    35.979629    36.230654     0.236337    287.44633   281.997632     1.346263     1.924425     1.457138
        1868     1.014919   287.105011   393.145523    2905.0579     0.289321    92.674519    39.602105    53.072415     36.83386    35.672714     0.238782   287.414067   282.138325     1.374336      3.48215    -0.149109
        1869     2.773997   287.225006   396.942096  2903.207086     0.209881    95.034984    40.508399    54.526585    35.743634    35.694174     0.240614   287.094621   281.616678     1.401349     1.017652     1.801354
        1870     0.481962   287.355011   397.337718  2904.320056     0.257067    92.221032    37.942773    54.278259    35.668357    38.228103      0.29703   286.947532   281.077571     1.444066    -0.680953     1.446777
        1871    -0.262971   287.493988   395.781412  2905.331642     0.114866    91.989034    38.279047    53.709987    36.202509     38.12123     0.302741   287.231757   281.669153     1.494746     1.714124     0.907135
        1872    -0.079775   287.664001   394.628154  2905.492775     0.149767    91.164439    38.532894    52.631545    36.489435    36.868005     0.307453   287.273366   281.778401     1.536823     2.818147     0.217437
        1873     1.314173   287.859985   395.530254  2904.488545     0.390919    92.146029    39.363286    52.782743    35.988584    35.842018     0.312867   287.312663   281.933611     1.576675     2.619168     0.857665
        1874     1.231215   288.061005   396.353123  2904.247776       0.3077    93.228383    39.460385    53.767998     36.35203    36.939115     0.312906   287.264489   281.894357     1.614686     1.698401     0.827854
        1875     1.500005   288.290985   397.742404   2903.58489     0.286909    93.304756    39.503973    53.800783    36.093173    36.199981     0.311295   287.061945   281.526177     1.650729      1.91471     0.769695
        1876     0.125216   288.519989   397.223059  2904.282239      0.29502    91.575206    38.007956    53.567251    35.902452    38.485224       0.3126    287.10628   281.579296     1.685257     0.042076     1.885423
        1877    -0.112195   288.752014   395.776126  2904.732427     0.291945    90.331385    38.061562    52.269824    36.103946    37.003143     0.315529   287.217883   281.789306     1.718911     2.505351     0.449009
        1878      0.59285   288.993011   395.394466  2903.997144     0.426801    91.068106     38.77589    52.292216      36.2659    36.187497     0.316318   287.190936   281.764122     1.751498     2.970053      0.65688
        1879     1.085665   289.221008   396.217472  2903.118763     0.270126    92.600887    39.552566    53.048321    36.348425    35.452798     0.317217    287.05313   281.550043     1.783227     3.276762    -0.017245
        1880     1.866653   289.470001   398.003333  2902.448018     0.361473    92.120814    38.602143    53.518671    35.204717    36.693895     0.300469   286.893033   281.369862     1.809688     0.122387     2.159922
        1881     1.773767      289.737   398.414987  2902.830946      0.27118     93.05261    38.962379    54.090231    35.876026    36.176076     0.300165    286.99641   281.385467     1.829786      2.37465    -0.082878
        1882    -0.346945   290.019012   397.927919   2903.27126     0.276742     90.98342    37.915466    53.067954    36.355078    38.188169     0.302357   287.104245   281.645783     1.849051     0.214366     1.392776
        1883     1.788609      290.263   397.194364  2903.199922     0.443043    91.504626    39.106365    52.398261     36.10351    36.635195     0.301015   287.107684   281.539247     1.869406     3.204725     0.603024
        1884     3.675021   290.511993    399.14656  2902.691426     0.494666    93.169802    40.444257    52.725545    35.209842    35.859019     0.302108   286.581973   280.754838     1.891042     2.633042     1.157674
        1885     2.189841   290.796997   401.062436   2902.91671     0.358344    92.954003    39.213844     53.74016     35.76001    36.230678     0.300929   286.587668   280.891784     1.913813     1.067289     0.245384
        1886     0.367237   291.100006   401.640021  2902.938512     0.245596    92.939191    38.357284    54.581907    36.090715    37.846403      0.30141   286.790187   281.173754     1.937491    -0.066704     1.733887
        1887    -0.483395   291.414001   398.863207  2904.522402     0.221984    89.998021    37.355374    52.642647    36.129747    38.700025     0.300846   286.929209   281.418526     1.961393     1.432163     0.986389
        1888     0.981754      291.763   398.507377  2903.858339      0.36036    91.328583    38.921764     52.40682     36.43134    35.710321      0.30395   287.044999   281.657584     1.985691     3.567273    -0.056956
        1889     1.899007   292.113007   399.700711  2902.778742      0.37814    91.789614    39.221763    52.567851    36.209116    36.049901     0.304282   286.983422    281.56604      2.01038     1.978526     0.920382
        1890      2.72874   292.458008   401.754246  2901.961453     0.376239    93.039588    39.486644    53.552944    35.719133    35.427242     0.347186   286.804073   281.005612      2.04618     2.005867     0.525398
        1891     1.663643    292.81601   402.876341   2902.40303     0.330669    92.867534    38.687767    54.179767    35.711632    38.144804     0.351538   286.895101   281.296283     2.090403    -0.579132     1.991594
        1892     0.589447   293.166992   402.160769  2902.809492     0.283098    91.960587    38.336037     53.62455     36.19106    36.302449     0.356039   286.946543   281.412124     2.131699      2.74916    -0.295073
        1893     1.356761    293.47699   401.945752  2902.812023     0.313214    92.285079    38.984645    53.300434    36.225732    37.277822     0.358857    286.75721   281.079789     2.170949     1.921841     1.049559
        1894     2.010222   293.790985   403.206727  2902.148345     0.146788    93.814737    39.757028    54.057709    35.825036    35.795892     0.360826   286.760555   281.185558     2.208907      2.70016     0.634534
        1895     1.302438    294.07901   403.714917  2902.519053      0.11509    93.191108     39.19394    53.997167    36.171601    37.855874     0.360988   286.820235   281.098984     2.245166     0.829877     1.313565
        1896     -0.34759    294.36499   402.474496  2903.598342     0.310826    90.003689    37.397028    52.606661     35.74108    38.870481     0.362211   287.015449   281.287288     2.280462    -0.233032     2.050112
        1897     0.229205   294.645996   400.219659  2903.642558     0.437052    90.149043    38.355816    51.793227    36.564292    35.844934     0.364685   287.195287   281.766622     2.314549     4.765719    -0.763574
        1898     2.123349    294.95401   402.409947  2901.921584     0.370102     94.00789    40.486705    53.521185    36.953818    35.947305     0.368001   287.124192   281.621639     2.347611     2.349112     0.714461
        1899     2.064555   295.299988   404.320394  2901.634434     0.314549    93.858744    39.728679    54.130065    36.275478    37.838549     0.369303   287.022252   281.559649     2.380208    -0.020317     1.850221
        1900     0.767319   295.674988   403.613855   2902.22808     0.268134    92.231894    38.552784    53.679109    36.583457    37.427815     0.384689   286.935711    281.25736     2.415243     1.831509     0.250712
        1901     1.095249   296.006989   403.592498  2902.392162     0.340058    92.749665    38.951778    53.797886    36.389908    37.459598     0.387998   287.065798   281.570683     2.453356     1.513537     0.905608
        1902     0.118422   296.325012   402.669892  2902.493169     0.361342     91.20762    38.450419    52.757201    36.352636    37.754411     0.391147   287.161472   281.633883      2.49058     1.618614     1.300768
        1903     2.000729   296.653992   401.985258  2902.453671     0.602939    92.202975    39.964561    52.238414    36.601188    36.505751     0.392152   286.895789   281.174733     2.525677     4.143445    -0.055939
        1904     2.707604    296.95401   404.408108  2901.509725     0.466397    94.793784    40.566954     54.22683    36.395688    36.576586     0.395982   286.912166   281.352089     2.559978     1.567517     1.124845
        1905     1.575967   297.289001   405.817243  2901.374352     0.297728    94.431878    39.319313    55.112565    36.228854    37.437849     0.399859   287.012533   281.483267     2.594078     0.472329     1.344368
        1906     0.073885   297.661987   404.426807  2902.631518     0.397081    92.275495    38.243302    54.032193    36.727807    38.830554      0.40058   287.174239   281.593312     2.628368     0.803184     0.845581
        1907     1.834549   298.097992   404.011358  2902.534058     0.368494    94.673723     40.23337    54.440353    37.183947    37.934932     0.403715   287.212548   281.701094     2.662833     2.713887     0.848444
        1908     1.825384   298.518005    404.79915  2902.400701     0.401932    94.249048     40.04405    54.204998    37.100889    36.789153      0.40643   287.122591     281.6503     2.697306     2.467105    -0.178379
        1909     1.892848   298.936005   405.661041  2902.208003     0.351591    94.572344    39.834135     54.73821    36.776185    37.883604     0.409055   287.131314   281.539361     2.732346      1.08864     1.300117
        1910     1.648167   299.376984   405.545999   2902.49178     0.409922    94.296894     39.66884    54.628054    36.871681     36.60727     0.413948   287.090157   281.605171      2.76638     3.176612    -0.548188
        1911     1.685045   299.828979   406.843756  2902.027203     0.531565     95.23134    39.736924    55.494416    36.861391    38.255544     0.417154   287.178421   281.774543     2.802685     0.183624      1.85873
        1912      0.82336   300.352997   405.333608  2902.939115      0.59874    93.496184    39.317864    54.178321    37.151044     38.95772     0.421682    287.35921   281.975459     2.840823     1.870292     0.894764
        1913     2.257461   300.910004   404.718219  2902.333055     0.716768    94.798758    40.877739    53.921018    37.812501    36.997273     0.425477   287.242442   281.782048     2.875797     4.495855    -0.209168
        1914       3.3865   301.418976   407.468272  2901.297253     0.595677    95.569972    40.917942     54.65203     36.57996    36.616544     0.427229   287.034488   281.603166     2.908764     1.551344     1.072386
        1915     0.632293   301.936981   407.512067  2902.249049     0.428454    94.010617     38.68508    55.325538    36.757963    39.413851     0.428087   286.984676   281.391945       2.9408    -0.772566     1.704093
        1916     1.378953   302.484985   405.704822  2903.078851     0.468689    94.772575     39.82106    54.951515    37.625585    38.222197      0.43197   287.134562   281.643274     2.971653     3.406108     -0.23319
        1917     1.669269   303.010986    405.98197  2902.694519      0.48178     95.30584    40.590461    54.715379    37.900944    38.072108     0.433927   287.233227   281.730961     3.001812     2.241205     0.555497
        1918     2.806613   303.448975   407.630136  2901.755356     0.536985    96.082197    40.878486    55.203711    36.900012    37.563311     0.436064   287.157068   281.715283     3.031622     1.667009     1.602462
        1919     0.718502   303.813995   407.641431  2902.498243     0.436498     94.01959    39.323637    54.695953    36.976631    39.034573     0.436515   287.175724   281.594215     3.060403     0.277769     1.315056
        1920    -0.063764   304.246002   405.268025  2903.434173      0.62333    91.599762    38.353964    53.245798    36.659791    38.597337     0.448007    287.20613   281.624461     3.089959     2.130033     1.001615
        1921     1.421474   304.599976   404.563958  2902.699847     0.631921     93.70667    40.233245    53.473425    37.620391    36.041493     0.449967   287.352348   282.003247     3.119832      4.89582    -0.844573
        1922     1.870972   304.944977   405.939926  2902.170317     0.572975    94.839851    40.523104    54.316748     36.90486    38.304595      0.45058   287.173285    281.71531     3.148222     0.842541     1.929266
        1923     1.814176   305.270996    406.90826  2901.693637     0.399274    95.232228      40.6353    54.596928      37.0036    37.269502     0.452467   286.985502   281.463371     3.175156     2.397465     0.742581
        1924     1.651712   305.629974   408.127547  2901.376968     0.225141    97.093054     40.98523    56.107825    37.568374    38.611422     0.454246   287.003047   281.324772     3.200955     1.154521     1.359717
        1925     0.504926   305.812988   407.672559  2902.206149     0.253028     94.56164    39.452003    55.109637    36.987408     38.92309     0.458823   287.120519   281.615778     3.226796     0.983902     1.106501
        1926     0.506806   305.953979   406.460207  2902.964396     0.290024    95.387266    40.431134    54.956133    37.893719    38.082042     0.456491   287.266925   281.769763     3.253615     3.561443    -0.569924
        1927     0.968059   306.176971   407.362847  2902.305996     0.345992    95.392455    40.385929    55.006525    37.528535    38.111003     0.461566   287.491707     282.1715     3.280903     1.372286     1.240868
        1928     0.881075   306.328979   407.314783  2902.268221     0.307219    95.752435    40.570062    55.182373    37.619801    38.151798     0.466399   287.492435   282.157298     3.307592     2.466328     0.569772
        1929     1.158144   306.494995   408.379545  2902.025411     0.341199    96.583982    41.136562     55.44742    37.769477    38.482654     0.464735   287.415279   281.999946     3.334989     1.589147     0.955987
        1930      0.18566   306.619995   408.361265  2902.089988     0.291207    95.971576    40.290358    55.681218      37.5643    39.375362     0.503924   287.333245   281.797536      3.37525     0.933276     1.746484
        1931    -0.110602   306.821991   406.791048  2903.031843     0.465446    94.128272    39.581029    54.547243    37.709374    38.524265     0.508169   287.528933   282.018863     3.424661     2.626981    -0.126964
        1932     1.340133   307.092987   406.819256  2901.906902     0.446787     96.84462    41.636668    55.207952    38.709256    37.584148     0.516704   287.667623   282.286454      3.46953      4.02431    -0.000166
        1933     3.038786   307.401978   410.023736  2900.400092     0.501543    98.314041    42.090776    56.223265    37.553938    37.379814     0.525285   287.370043   281.989824     3.510681     1.506482     1.332685
        1934     1.040832   307.784973   410.793367  2901.033579     0.349377    97.955539    40.489558     57.46598    37.615621    39.626915     0.528414    287.23024   281.749227      3.54957     0.093013     1.377807
        1935    -0.060859    308.22699    408.34664  2902.684328     0.486192    95.479849    39.581477    55.898372    38.095084    41.389163     0.528398    287.39464   282.054977     3.586438     0.639041      1.64333
        1936     1.149714   309.011993   405.894687  2903.249571     0.582465    94.539751    40.560048    53.979703    38.430757    38.559692      0.52922   287.501403    282.24459     3.621508      4.45231    -0.436307
        1937     3.317631   309.763977   407.102842  2901.905312     0.515395    96.855856     41.87785    54.978005    38.029975    37.068055     0.532849   287.352937   281.836754     3.654478      3.60164     0.382338
        1938     2.593399   310.293976   408.762176  2901.669797     0.588375    96.831763    40.992098    55.839665    37.237652    38.869558     0.537424    287.29662   281.759379     3.685851     0.463206     1.867421
        1939     0.594462   310.850983   407.642462  2902.799385     0.618099    95.802842    39.947551    55.855292    38.320247    39.755443     0.536066   287.460781   282.005323      3.71594     1.311822     0.305607
        1940    -1.601591   311.356964   404.305788  2903.760952      0.83759    91.612011    38.727773    52.884238     37.83935    40.485452     0.557998   287.519907   282.161513      3.74614     1.578995     1.684535
        1941     2.964967   311.810974    403.76422  2902.124517     0.810238    96.475407    42.246272    54.229135    38.603949    35.535344     0.561399   287.486306   282.116239     3.775268     7.252496    -1.432171
        1942     3.776042   312.171967   408.105216  2900.248079     0.624714    98.017353    42.295197    55.722156     37.12402    37.385728     0.569892   287.227224   281.731706     3.802538     0.568473     2.138146
        1943      0.55332   312.389984   408.373025    2901.3123     0.674523    96.754339    39.896679     56.85766    37.472983    40.373876       0.5725   287.243767   281.868433      3.82921    -0.745006     1.836673
        1944    -0.022376   312.412964   406.863297  2902.141769     0.344952    97.466896    40.910768    56.556128    38.273003    39.014322     0.572517   287.282353   281.790075     3.855616     3.406174     -0.08815
        1945     0.340711   312.384979   406.399845  2902.277721     0.462818    96.450785    40.681321    55.769464    38.112349    38.708752     0.572947   287.197686   281.609239     3.880875     2.436022     0.460451
        1946     -0.42445   312.389984   405.510058  2902.979526     0.516874    94.949401    40.068775    54.880626    37.685508    39.994034      0.57809   287.378083   281.902181      3.90526     0.964527     1.606721
        1947     0.362952   312.485962    404.16488   2902.90708     0.461595    95.650685    41.213204    54.437481    38.575598    37.832338     0.580972   287.465417   282.089544     3.928746     4.726044    -0.670815
        1948       1.9296   312.520966   406.583022  2901.534745     0.591563    97.196243    41.751396    55.444848    37.594664     37.81617     0.582968   287.377257   281.954582     3.951581     1.517083     1.593841
        1949     0.231486   312.631958   406.709882  2902.028064     0.394722    96.840787    40.717945    56.122842     38.15816    39.372336     0.584928   287.437608   281.927111     3.973838     1.218749     0.720857
        1950    -0.220489   312.820984   405.943963  2901.935451     0.424842     96.51211    40.949591    55.562519    38.160751    39.318184     0.655625   287.264632    281.85004     3.998031     2.397326     1.250045
        1951      1.81853   313.013977   405.957567  2901.822763     0.517865      97.3921    41.642766    55.749334    37.969615     38.49001     0.655379   287.238379   281.621504     4.020576     3.139152     0.633083
        1952    -0.134259    313.34198   405.180693  2902.570099     0.393075    95.090233    40.026362    55.063871    37.825395    39.747109     0.654522   287.369371   281.723875     4.040192     1.056127     1.174378
        1953     1.286606    313.72998   404.567724  2902.111041     0.435958    97.507739    41.950478     55.55726    38.546749     38.68442      0.65915   287.407444   282.055317     4.060639     3.879027      0.59673
        1954      2.31837   314.094971   405.404453  2901.986198     0.427224    97.503908    41.668423    55.835485    37.834405    38.412648     0.663861   287.341467   281.764938     4.088672     2.419047     0.703087
        1955     0.058409   314.414978   405.535196  2902.488264     0.352589    95.590577    40.328142    55.262435    37.769375    40.282478      0.66933   287.400137   282.020557     4.131043    -0.085079     2.011037
        1956     1.038938   314.697968   404.174668   2902.63642     0.302235    97.691745    41.891488    55.800257    38.711985    37.603561     0.674285   287.316778   281.834527     4.181171     5.648456     -1.25658
        1957     1.233769   314.991974   405.612194  2901.970849     0.424053    97.542514    41.370989    56.171525    38.066144    40.306601     0.683798    287.44415   282.070927     4.230179    -0.373139     2.906029
        1958    -0.169599   315.344971   403.189291  2903.556552     0.500932    94.727816    40.088131    54.639685    38.322517    39.662655     0.683985   287.456524   281.990465     4.276254     2.848378    -0.245565
        1959     2.638265   315.806976   403.540612  2902.622532     0.483367    97.632995    42.376432    55.256563    38.255464    37.345776     0.692011   287.304625   281.875594     4.318662     4.679334     0.024333
        1960     2.833451   316.624969   405.525345  2902.224932     0.540811     97.20289    41.411302    55.791588    37.727676    39.730545     0.579409   287.276758   281.751174     4.331075    -0.303975     2.400468
        1961     1.791967    317.29895   404.080109  2903.576355     0.603269    97.043503    41.098949    55.944554    38.404455    39.864975     0.573332   287.446967   282.046264     4.321214      2.67921     0.109097
        1962     1.133512   318.043976   402.652311  2904.178374     0.834662    94.440524    40.193887    54.246636     38.33141    39.341753     0.570306   287.549962   282.211858     4.323927     2.279932     0.408323
        1963     3.767884   318.649963    404.24197  2902.562252     0.852705    99.007003    43.038706    55.968297    38.704041    37.655581     0.572421   287.402016   282.007954      4.33356     3.793467     0.567662
        1964     4.182943   319.332947   406.845121  2902.306126      0.94969    99.166247    42.445827     56.72042    37.843521    39.817802     0.574332   287.183991   281.744481     4.343022     0.024874     2.230408
        1965     1.494478   319.815948   406.121827   2903.70383     0.800154    98.493519    41.383845    57.109674    38.724947    40.161151     0.572964   287.182909   281.745898     4.357446      1.94599     0.038499
        1966     3.725102   320.879974   406.424335  2903.681908     0.714809    99.507532    42.136444    57.371088    38.791788    39.765307     0.574757   287.363772    281.84655     4.375955     2.068628     0.995441
        1967     0.422663    321.47995   404.794696  2905.047097     0.839279    95.918651     40.50457    55.414081    38.422829    41.546502     0.577113   287.591206   282.212853     4.395583     0.587708     1.758483
        1968     2.925445   322.388947   403.243116  2904.692967     0.846659    97.266055    42.275209    54.990846    39.212569    38.520413     0.577218   287.623627   282.372269     4.416457     5.306376    -0.338025
        1969     4.775045   323.250946   405.971002  2903.747066     0.820568   100.197516    43.599638    56.597879     38.46741    38.097884     0.580335   287.303906   281.856059     4.437368     2.773867     0.576374
        1970     4.067472   324.782959   407.050638  2904.016731     0.742573    98.359662    41.202614    57.157048    38.249155    40.501678     0.600196    287.15231   281.587263     4.466002    -0.378698     1.982858
        1971     2.498944   325.399963   406.196096  2904.791853     0.922183    99.292878    41.800307    57.492571    39.043067    39.515929     0.603735   287.213989    281.49142     4.502527      3.13892     -0.30226
        1972      5.68737   327.348969   406.645256  2904.864486     1.233507    99.632607    42.227065    57.405542    38.860362    40.506398     0.609503   287.562465   282.280022     4.537846     1.271506     1.573402
        1973     6.060018   329.908966    405.13238  2905.754093     1.257297    97.948057    41.607081    56.340976    39.305595    40.486832     0.612003   287.799688   282.519596     4.570653     2.633126      0.29163
        1974     4.506765   330.755951   406.249325  2904.995294     1.097312   100.838331    43.746249    57.092082    39.500727    39.167356     0.618268   287.715378   282.342266     4.605605     3.461948     0.425428
        1975     3.040799   330.826965   408.961541  2904.585324      0.95586   102.212157    43.574507    58.637649    38.943559    40.061755     0.624038   287.559335    282.13249     4.640643     0.800536     1.528165
        1976     2.721939   331.544952   409.057309   2905.79893     1.018325   100.665516    42.092964    58.572551     39.07902    42.939046     0.625986   287.615264   282.184499     4.667819     -0.94185      2.64642
        1977     4.081815   333.352936   406.245978  2907.724891     0.954148    99.772469    42.531447    57.241022    40.342136    39.965623     0.626619    287.61791   282.271938     4.696319     5.377156    -2.302474
        1978     6.537718   335.009949    408.62187  2906.017216     1.258265     101.2455    43.606136    57.639364    39.080393    39.148531     0.633403   287.637627   282.261266     4.729393     2.081714     1.775813
        1979     5.413152    336.60495   409.740084  2906.409112     1.229143   101.182943    42.651087    58.531856    39.241083    40.967716     0.638424   287.799014   282.496106     4.762256     0.565157     1.334737
        1980     6.002467   338.704956   408.906023  2907.404464      1.35986   101.175443    42.954493     58.22095    39.683229    41.354655     0.762293   287.738623   282.487283     4.831825     2.433898     0.676074
        1981     4.200445    340.05896   408.036362  2908.008839     1.220657   100.774839    43.193771    57.581068    39.846878    40.534201     0.776024    287.64266   282.223771     4.926195     3.529232     0.082949
        1982     3.695946   340.643951   408.834628  2908.014192     1.273874   101.680885    43.855275    57.825609    39.508589    41.235107     0.786885    287.79228   282.371248     5.003861     1.821902     1.721165
        1983     4.763912   342.265961   407.941047  2908.874156     1.629363    99.183709    42.444721    56.738988    39.134455    41.086853     0.796119   287.898598   282.564539     5.065953     2.251449     1.092434
        1984     6.729784   344.007935   408.492372  2908.253183     1.567049   101.755675    44.209551    57.546123    39.930417    39.029352     0.803869   287.794455   282.313876     5.121726     4.628874    -0.280092
        1985     6.859405   345.458954   411.667092   2907.47527     1.532086   104.482857    45.100497    59.382361     39.65472       40.453     0.813914   287.717124   282.454818     5.182555     1.472777     1.576193
        1986     4.896183   346.902954   411.855555  2908.800735     1.648867   103.723792    43.392422     60.33137    40.372247    42.818479     0.821855   287.749956   282.375712     5.244034      0.38548     1.120767
        1987     5.924537   348.774933   410.628605  2909.890983     1.648745   103.075815    43.809584    59.266231    40.598894    41.774749     0.828866   287.783281   282.475415     5.303442     3.261785     0.085607
        1988     8.520052    351.27594   411.351993  2909.960822     1.649379   104.548586    44.962175    59.586411    40.547811    41.783401     0.831973   287.787017   282.340134     5.363565     2.455386     1.165752
        1989     5.265929   352.893921   411.619545  2910.867758     1.698524   102.332199     43.48556    58.846639    40.044478    42.104208     0.821961   287.904896   282.456516     5.416719       1.1138     1.152794
        1990     4.988798   354.072937   411.037181  2911.109412     1.742284   103.287679     44.38285    58.904829    40.658026    40.189812     0.706834   287.951777   282.714014     5.423386     4.775402    -0.709868
        1991     6.458788   355.352936    413.18416  2910.918906     1.707884   103.941907    44.754124    59.187783    39.835624    41.640623     0.696836   287.828238   282.488416     5.393807     0.966522     1.995506
        1992     5.336686   356.228943   413.731174  2911.999892     1.819009   104.286401    44.637086    59.649314    40.357944    41.275811     0.690418   287.636589   282.160622     5.365782     2.814261    -0.163119
        1993     4.366234   356.924957   415.041751  2912.388654     1.634416   103.715163    44.072751    59.642412    40.256487    42.573021     0.684376   287.570434   282.188601     5.335371     0.189153     1.927772
        1994     5.269094   358.253967    414.98434  2913.406052     1.573891   104.239532    44.836249    59.403282    40.630148     41.63521     0.670541   287.510126   282.123161     5.308683      3.25845    -0.012335
        1995     7.273422   360.238953   416.800659  2912.892606     1.521904   106.182792    45.247484    60.935308    40.626546    40.679012     0.666247   287.549125   282.183962     5.288102     2.752153     0.565912
        1996     6.258087   362.004974   417.806815  2913.283439     1.458354   106.185816    44.840638    61.345177    40.663895    43.654072     0.661811   287.726815   282.381925     5.273123     0.180411     2.599343
        1997     4.829496   363.251953   417.301431  2914.666827     1.540852   105.204615    44.509073    60.695543    41.057714     42.86503     0.656703   287.965696   282.618212     5.261283     2.149427     0.423928
        1998      8.06887   365.932953   416.935181  2915.092963     1.692396   104.806305    45.116088    59.690217     41.58876    42.078917     0.658172   288.049392   282.770637     5.254388      3.40342     0.064021
        1999     7.674901   367.844971   419.299948  2914.361806      1.66928   107.220917    46.285749    60.935168    41.403354    42.054427      0.65972   287.979319   282.627313      5.25196     1.866555      1.38223
        2000     4.882972   369.124969   419.390355  2915.733714     1.716613    105.65882    44.785426    60.873394    41.352217    44.429475     0.769114   287.971787   282.575484     5.266886     0.265544     1.705349
        2001     4.344893   370.673004   418.144815  2916.815296     1.743262   105.247782    45.237355    60.010427    41.802781    42.825721     0.692796   288.333089   283.292551      5.28891     3.657174    -0.058642
        2002     7.118195   372.834991    418.89122  2915.502227     1.921253    105.91035    45.812181    60.098169    41.577552    41.551941     0.819377   288.287031    283.12603     5.323174     3.513835     1.287458
        2003     9.427409    375.41098    420.28454  2915.514967     1.924294   108.291438    46.986444    61.304994    41.696089    42.323619     0.979201   288.089783   282.845246     5.417787     3.269505     0.614789
        2004     7.488294      376.987   423.313884  2914.942143     1.781818   110.123883    46.964985    63.158898    41.701474    41.928482     0.949585   288.028398   282.809944     5.463852     2.007158     0.799832
        2005     7.510057   378.907013   424.392672  2916.005177     1.925492   109.502557    45.860092    63.642465    41.521679    45.232765      0.75178   288.052118   282.787664     5.438157    -0.451461     2.648052
        2006     6.789218    381.01001   422.970247  2918.192223     1.899981   108.198136    45.821934    62.376203    42.725706     43.65372     0.804001   288.277418   282.994602      5.43312     3.590638    -1.259031
        2007     6.586326   382.603027    423.95099  2918.008642     1.987372   108.429727    46.601716    61.828011    42.197471    42.771625     0.735232   288.387697   283.097438     5.440281     2.849347     0.757735
        2008     8.455541   384.739014   425.718352  2917.508313     1.944847   110.456809    47.393891    63.062918    42.715628     42.85659     0.791897   288.497713    283.50585     5.462425     2.769938     0.641292
        2009     5.688711   386.280029   426.625577  2917.969749     1.906946   111.422785    47.998242    63.424544    42.920835     44.42203     1.175643   288.261923   283.151325     5.521291     2.668987     1.039758
        2010     8.587305   388.717041   427.631018   2918.18876     2.169873   110.658421    46.775527    63.882894    42.710239    44.132706      0.81414   288.229673   282.941335     5.542411     1.637379     1.203456
        2011      7.66254      390.944   427.424369   2919.45354     2.014967   109.108238    46.074401    63.033836    42.221304    44.796763      0.76169   288.379981   283.153689      5.52411     1.484288     1.310679
        2012     7.555594   393.015991   427.515345  2919.674139     2.196403   109.947963    47.128543     62.81942    42.830739    42.651792     0.978597   288.471979   283.417316     5.547832     4.385775    -0.399546
        2013    10.058651   395.724976   429.186942  2919.523333     2.313816   111.064474    47.583159    63.481315    42.444217    44.158738     0.846061   288.310343   283.203074      5.58172     1.752825     1.865326
        2014     5.778376   397.546967   428.608244   2921.34925     1.883211   110.227966    46.892567      63.3354    43.395695    45.091974     0.793107   288.229592     283.1251     5.589221      2.37929    -0.129637
        2015      8.53034   399.948425    430.61233  2919.834282     2.293678   111.644901    47.634691     64.01021    42.662931    42.131991     0.934026   288.068581   282.683724     5.635019     3.498614     0.984029
        2016     9.598825   403.116974   430.549072   2920.81592     2.472293    110.19967    46.481956    63.717714     42.27827    46.362865     0.944427   288.270133   283.042136     5.719345     0.182349     3.102957
        2017     7.647321   405.812958   427.504705   2922.57538     2.434004   108.174884    46.281933    61.892951    42.826594    44.413847     0.948378   288.510157   283.463772     5.795454     4.912453    -0.172206
        2018    11.122927    408.83197   428.782178  2921.815062     2.411414   110.621268    48.307779     62.31349    42.524154    42.390276     0.957025   288.138404   282.859781     5.866084     4.640029      0.62644
        2019    11.693983   411.945953   431.649386   2921.63241     2.574067   111.191652    47.885376    63.306275    41.357812    43.519612     0.969507   287.923025   282.589113     5.930014     1.498556     2.344452
        2020     8.709861   415.154968   430.474593  2923.687547     2.504085   109.772943    45.942872    63.830072    43.046177     45.50302     0.949031   288.041125   282.720688     5.982255     1.614645     0.401706
        2021     7.920527   418.460968   428.110895  2924.871359     2.647791    107.74053    45.690344    62.050186    42.525451    46.852518     0.950847   288.306409   283.152433     6.023732     1.201524     3.143255
        2022     9.312811   421.842957   425.409339  2925.069545      2.90234   107.859529    46.728359     61.13117    42.930861    41.907902     0.948995   288.607344   283.539423     6.058233     7.522013    -1.221146
        2023    13.510181   425.282959   428.696757  2922.908463     2.965565   114.261941    49.862928    64.399013    43.064057    42.761333      0.95084   288.485577   283.338596     6.082975     3.814177     1.858358
        2024    11.867096   428.783966   431.007794  2923.635396     2.814149   112.905037    48.130668    64.774368     42.57125      45.5003     0.953036   288.156075   282.914426     6.098804     0.319332     2.202117
        2025    10.522831   432.346954   430.732335  2924.904483     2.723488   112.312923     46.81669    65.496233    42.914045    45.446405     0.928248   288.092837   282.810901     6.107211     1.645744     1.263273
        2026     9.983302   435.974945   427.835478  2927.553214     2.818062    110.14507    46.466072    63.678998    43.390283    45.384766      0.92432   288.153718   282.626813     6.111248     3.978164    -0.654248
        2027    11.838564   439.669952   428.489225  2927.040296     2.981926   112.150492    48.394068    63.756425    43.500669    43.363718     0.923792   288.511043   283.299563     6.116076     4.376603     0.375967
        2028    12.172133   443.431946   430.639221  2925.993528      3.06429   114.260187    48.882695    65.377492    43.617156    44.819969     0.920773   288.621371     283.6047     6.122249      1.91273     2.249581
        2029    13.434961   447.262939   431.946557  2926.456508     3.091007   114.691664    49.647286    65.044378    43.680367    45.196472     0.922725   288.384438   283.207165     6.129764     3.143478     1.053125
        2030    12.699564    451.16394   433.206808    2927.3141     3.136147   113.848041    47.908947    65.939094    43.563268     46.14061       0.8979   288.365824   283.040848     6.133959     0.508085      1.71975
        2031    10.756207   455.135956   430.408247  2930.226338     3.331749   110.389787    46.649857     63.73993    43.574287    47.718749     0.893154   288.728038   283.727718     6.135476     1.729669     1.232224
        2032    12.897789   459.165955   429.782501  2929.692887     3.335946   113.979069    49.673335    64.305734    45.181156    43.046603     0.892386   288.830745   283.942036     6.138785     7.252479    -1.601102
        2033    15.249239   463.241943   434.549106  2927.888364     3.141906   118.175437     51.50375    66.671688    44.018643    44.810543     0.897914   288.609018   283.642895     6.144677     1.926601     2.596422
        2034    12.554585    467.36496   435.551342  2929.369173     3.227892    114.31588     47.48444     66.83144    43.307671    48.150903     0.894372    288.51088   283.238473     6.151519    -1.668699     3.362423
        2035    11.582546    471.53894   432.553325  2932.327927     3.186553   112.924471    47.672504    65.251966    44.594757    47.079834     0.889517   288.809246   283.633114     6.157973     3.590687    -0.473676
        2036    12.843622   475.764954   431.533203  2932.659139     3.491255   112.564315    48.553524     64.01079    44.725954    44.467808      0.88726   289.039597   284.031727     6.163405     5.105838    -0.589358
        2037    15.823228   480.044952   434.859728  2930.630916     3.499618    117.91444    51.480294    66.434146    44.818571    44.168071     0.892306   289.077979   284.278579     6.168881     3.985698     1.377723
        2038    13.752766   484.379944    438.05555  2930.858718     3.477008   116.574757    49.613671    66.961086    43.834192    47.214143     0.891963   288.875264   283.953524     6.175001    -0.796295      3.15215
        2039    13.359805   488.771942   437.047753  2932.115478     3.494216   117.299379    49.231792    68.067587    45.417929    45.756419     0.887944   288.821975   283.721047     6.181224      4.48317    -0.918269
        2040     12.35182   493.220947   436.331596  2933.205674     3.523168   114.868253    48.416737    66.451516    44.747473    48.702519     0.914123   288.990585    283.93644     6.195953     0.430374      2.86485
        2041    14.243662   497.730957   435.028223  2934.027328     3.530514   117.066593    50.400603     66.66599    45.762914    45.086759     0.911059   289.146234   284.304146     6.216256     6.617217    -1.497809
        2042    14.959952   502.291931   438.416255   2932.92689     3.644128   118.027297    50.492353    67.534944    44.316966    47.872154     0.917496   289.241253   284.442207     6.236977    -0.767834     4.655626
        2043    12.406581    506.90094   436.249276  2934.659398     3.797857   116.077865    49.733153    66.344712    46.047689    47.032483     0.916316    289.42747   284.839488     6.257956     4.867649    -0.747713
        2044    15.903074   511.556946   438.086277  2933.153398     3.699143   120.107913     51.83078    68.277134    45.509777    45.312271     0.920747   289.453404   284.912138     6.275961     4.681508     1.308495
        2045    16.056401   516.263916   441.011792  2932.792702     3.561357   121.101346    51.890178    69.211168    45.639244    46.247551     0.947904   289.178229   284.299773     6.299139     2.717112     0.969003
        2046    14.574471   521.020935   442.457372  2933.263829     3.451019   121.869722    51.338965    70.530758    45.700435    48.369444     0.946697   289.062712   284.035861     6.324957      1.52394     2.197882
        2047    14.888701   525.829956   443.023887  2934.186242     3.433677   121.698861    51.084353    70.614508     46.06768    48.054193     0.948302   289.172254   284.197209     6.344275     2.463645       1.0641
        2048     15.31851   530.691956   442.351584  2935.817502     3.628262   120.061679    50.688728    69.372951    45.601775    48.729396     0.949652   289.417688   284.509473     6.358446     2.631635     1.496362
        2049    14.052651   535.608948   441.645161  2936.678742       3.7776   119.691374    50.779383    68.911991     46.67807    47.378785     0.952104   289.772645   285.102002     6.369777     4.107021    -0.160526
        2050    16.772427   540.580933   443.864959  2935.566588     3.826175   122.722711    52.427654    70.295057    46.358159    46.776152     1.034283   289.603462   284.729062      6.40377     3.431704     1.530147
        2051    16.438853   545.609924   445.511963   2936.38866     3.669934    124.66986    52.981755    71.688105    46.428132    48.172033     1.037776   289.396893   284.542858      6.44945     3.162717     0.921829
        2052    13.924574   550.690918   445.902857  2937.080352     3.616486   123.923514    51.685319    72.238195    47.205367    48.727864     1.039818    289.48526   284.640816     6.481744     2.566561     0.830805
        2053     15.68502    555.82196   446.391909  2936.989212     3.500275    126.49954    53.100857    73.398683    47.494045    48.415996     1.041725   289.617879   284.719801     6.505222     4.195808     1.013092
        2054    14.075101   561.003967   445.688176  2938.347883     3.904718   121.471499    50.892296    70.579204    46.457471    52.108193     1.038117   289.847225   285.075061     6.521964    -0.512164      4.29205
        2055     16.67054   566.238953   444.065087  2939.061671     4.048133   124.513115    53.473043    71.040072    48.339418    46.467365      1.12184    289.94772   285.299707     6.559221     8.628767    -2.585841
        2056       18.636    571.52594   449.155646  2937.433907     3.888914   128.457795    54.831223    73.626572     46.94517    48.331875     1.130798   289.729832    284.85219      6.61183      1.40879      3.01447
        2057    14.591532    576.86792   448.857319  2939.048181     3.729844   126.544334     52.86024    73.684094    48.105485    50.043437      1.10682   289.684477   284.978417     6.643053     3.115129     0.323679
        2058    14.652944    582.26593    448.65337  2939.208644     3.771202   127.737656    52.891873    74.845783    48.312794    50.428695     1.099542   289.922625   285.253314     6.657898     2.667127     1.955438
        2059    14.706811   587.718933   446.940245  2940.482623      3.94069   124.498783    52.306019    72.192764    47.771095    51.833727     1.093508   290.140766   285.510159     6.664015     2.185418     2.788654
        2060    16.587233   593.229919   445.657918  2940.667633     4.107502   126.877121     54.33174     72.54538    48.762482    47.663904     1.125308   290.136658   285.468938     6.675565     7.950163    -1.283588
        2061    18.613245   598.797913   450.112227  2939.187949     3.801966   130.433363    55.500058    74.933304     47.77997    49.163187     1.131354   289.998313   285.374211      6.69345     1.882563     2.862901
        2062    15.201305    604.42395   450.182834  2940.421477     3.841522   127.034468    52.485129    74.549339      47.7238    51.506455     1.127187   290.032876   285.502695     6.706294     0.908067     2.549128
        2063    14.804199   610.106934    446.26264  2942.908506     4.174897   124.647454    52.653925    71.993529    49.112007    50.758728     1.119133   290.251808   285.708062     6.713065     5.815391    -0.840309
        2064    19.451723   615.846924   448.831302  2940.299569     4.093497   131.251732    56.356074    74.895658    49.400823    47.803322     1.120892   290.419817   286.032028      6.71573      5.98409     1.011437
        2065    17.896483   621.646912   453.073524  2939.904104      3.88239    132.83119    55.725523    77.105667    47.865743    50.519764     1.170519   290.113949   285.585698     6.729319     0.963536     3.049486
        2066    15.199736   627.504944   451.358021  2941.817809     3.881613   129.487838    53.095033    76.392806    49.476096    52.249277     1.155043   290.045706   285.437564     6.746575     2.561259     0.859475
        2067    14.653688   633.422913   448.975942  2942.941229     3.898782   128.799702    53.291787    75.507914    49.185936    53.412306     1.148046   290.198768   285.582416     6.753525     2.261561      3.10295
        2068      15.3985   639.401917   445.598607  2944.522454        3.967   126.317682    53.569512    72.748171    49.513435    50.681897     1.145132   290.472598   286.030116     6.754563     6.264949    -0.412764
        2069    19.477359   645.441956   448.408061   2941.92889     4.251182   130.304094    55.631448    74.672646    48.962025    48.329504     1.151887   290.575848   286.257604     6.753199      4.49249     1.961043
        2070    20.102323   651.543945   450.181737  2942.786981     4.163843   131.708573    55.797901    75.910672     48.88851    49.839458     1.195958    290.26506   285.730813      6.76218     4.184767     0.092856
        2071    18.820354   657.707947   452.712257  2942.586642     4.040989   132.157924    55.877334    76.280589      49.0288    50.180124     1.188907   290.150273   285.507216      6.77709      3.16669     1.351664
        2072    15.179797    663.93396   451.277241  2944.577243     4.009879   127.017296    52.129335    74.887961    49.067362    54.349812     1.182097   290.343131   285.777364     6.782849    -0.785461     3.291848
        2073     16.57858   670.221924   448.297801  2945.584608     4.132199   127.533116    54.118559    73.414557    49.483976     50.69417     1.178492   290.670729   286.399457      6.78196     6.403828      0.20283
        2074     19.24917   676.571899   449.809925  2943.862372       4.1894   131.736106    56.358116     75.37799    49.779661      48.5068     1.179527   290.628085   286.283388     6.781974     6.339192     0.449375
        2075    18.926305   682.984924   451.759488  2944.439583     3.967057   133.048414    56.393461    76.654954    49.297005    53.854402     1.195522    290.44881   286.060666     6.788535     0.589496     3.980186
        2076    18.181297   689.460938    450.66929  2945.683551     3.995513   130.839501    54.818474    76.021027    49.822616    50.430356     1.192874   290.272829   285.620973     6.792559     5.478317    -0.636228
        2077    17.848037   696.001953   451.993536   2945.41248     3.920023   132.566134    55.379583    77.186551    49.969811    52.992299     1.189952   290.628336   286.192726       6.7908     1.063038     3.293559
        2078    17.327599   702.605957   448.910268  2947.420701      4.26631   128.316251    54.386802    73.929449    49.991974    51.549501     1.183112   290.886059   286.611205     6.784109     5.920569    -0.450694
        2079    23.003976   709.274902   453.355495  2944.229468     4.163211   136.818337    58.926386    77.891952     50.35213    47.215431     1.188664   290.877708   286.566834     6.775192     7.265727     0.054534
        2080    19.870425   716.007935   457.612247  2944.491834     4.033335   135.851959    56.435671    79.416288    49.685754    53.479368     1.171153   290.568664    286.20264     6.763077    -1.300448     3.531248
        2081    19.322478   722.807922   457.768188  2945.647237     3.981256     136.1659     55.91555     80.25035    50.785142    52.583816     1.162428   290.615074   286.084894      6.74825     3.175792     0.643272
        2082    17.925849   729.678955   455.542636  2948.100504     4.075564   132.842104      54.5643    78.277803    50.728172    54.966305     1.153468   290.782134   286.220577     6.734308     1.823548     1.784865
        2083    19.540245   736.628906   454.730193  2948.388869     4.199168   134.367998     56.90441    77.463588    51.254862    51.602698     1.150477   290.959032   286.505802     6.719303     6.114154     0.059471
        2084    22.382311   743.656921   458.533005  2946.457041     4.310626    138.51204     58.50387     80.00817    51.392244    50.826778     1.150825   291.098588   286.814407      6.69585      3.87428     1.366363
        2085    21.052749   750.763916   460.952461  2946.944744     3.944269   138.728951     58.15101    80.577941    51.162958    53.441664     1.118766   290.908358   286.506755     6.662127     2.289889     1.791003
        2086    19.477184   757.950928   461.831523    2947.8976     4.031728   137.215954    56.352226    80.863728    51.528604    53.505206     1.109412    290.95016   286.577161     6.626038     1.967959     1.023745
        2087    17.132023   765.215942   458.812668  2949.021887     3.972107   135.138974    56.156448    78.982526    51.320549    55.248714     1.089766   291.055137   286.745708      6.58983     3.926589     2.803878
        2088    21.443414   772.560913   458.348218   2949.05907     4.126486   135.653916     57.28808    78.365836    51.758995    51.217334     1.081168   291.183659   286.861455     6.551313     6.535195    -0.578844
        2089    20.910601   779.983948   460.993805  2948.383707     4.340129    136.94344    57.303832    79.639608    51.152254    54.452591      1.07654   291.302977   287.153856     6.516309     0.205654     3.975701
        2090    21.268654   787.487915   459.845996  2949.449985     4.382731    136.02479    57.123602    78.901188    51.755501     52.65574     1.053866    291.19609   287.017197     6.481698     5.615671    -0.166039
        2091    22.898326   795.069946   462.823812  2948.804247     4.003798   140.540311    59.572851     80.96746     52.18436    51.486737     1.044949   291.107073   286.681054     6.446025     5.108297    -0.051885
        2092    21.502081   802.735901    466.28982  2948.058823      4.03293   141.319907    58.494404    82.825504    51.731176     54.73274     1.035624   291.201692   286.909997     6.412653     0.295656     3.746989
        2093    17.417353   810.488892    464.08314  2949.836565     4.025282   137.563938    56.417844    81.146094    52.017293    57.497634     1.024138   291.527413   287.365666     6.379413     1.126891     3.702599
        2094    20.205736   818.327942   461.496258  2949.916286     4.259899   139.566689    58.711676    80.855012    53.187867    51.360837     1.013871   291.747801   287.899138     6.346153     9.937721    -1.906751
        2095    23.407459   826.253906   462.874182  2949.259631     4.129249    140.62923    58.971602    81.657628    51.963152    53.765282     0.980073   291.461835   287.334237     6.305998     3.828395     2.458786
        2096    22.509382   834.266907     465.4239  2949.251274     3.984769   141.795181    59.132274    82.662907    52.572797     54.59308     0.967312   291.344249   287.108181      6.26244     1.989476      2.02864
        2097    18.907047   842.366943   464.843675  2950.072368     4.023678   139.811647    57.370984    82.440663    52.469292    56.893039     0.954877   291.496596   287.314993     6.225768      1.05817     3.602654
        2098    20.446433   850.553894    460.85636  2951.676456     4.213684   135.911916    57.097219    78.814697    53.076254    53.735839      0.94504   291.659914    287.56223      6.19282     7.348695    -0.944503
        2099    24.809732   858.828918     464.3014  2948.501563     4.242637   142.662892    60.712246    81.950646    52.650432    51.797376     0.940774   291.833105    287.88534      6.16029      5.46983     2.321837
        2100    25.840119   867.190918   469.263993  2948.396954     4.086709   145.966123    61.088846    84.877277    52.606284    54.165706     0.636363   291.566958   287.391239     5.815504     1.960547     1.664032