        time     emission          CO2         cveg        csoil        fgco2         fgpp         fnpp           ra          frh     fvegsoil         fluc          tas     tas_land        cprod     fcvegout    fcsoilout
      1850.0     1.054880   283.688113   363.827773   620.628623    -0.026634    96.371524    39.787780    56.583744    37.312855    37.726283     0.087904   285.635395   279.113822     4.514428     0.603421     0.358136
      1851.0    -0.038404   283.817829   364.253459   620.744703    -0.094972    97.023804    39.395343    57.628461    37.836874    37.869275     0.195755   285.803059   279.237691     5.154988     1.100382    -0.083679
      1852.0    -0.679190   283.967489   363.646756   620.921569    -0.002551    95.211642    38.554543    56.657099    37.817675    37.780897     0.201824   285.866936   279.360605     5.646274     1.380349    -0.213644
      1853.0    -0.397610   284.097205   362.958470   620.694180    -0.044390    94.639964    38.554523    56.085441    37.457911    37.357464     0.206721   285.902923   279.464709     6.077491     1.885345     0.126942
      1854.0     0.096896   284.216934   362.900875   620.355524     0.295619    95.249771    38.818759    56.431012    37.495818    37.579896     0.212655   286.124990   279.705849     6.458948     1.296457     0.422734
      1855.0    -0.185798   284.306730   362.223640   620.150734     0.172229    94.692854    38.556296    56.136558    37.375136    36.909715     0.218410   286.063173   279.719791     6.785396     2.323814    -0.260631
      1856.0    -0.493786   284.416471   362.210741   619.923284     0.170756    94.734323    38.304303    56.430020    37.371410    37.236185     0.224131   286.283191   280.008870     7.057295     1.081017     0.092226
      1857.0     0.400917   284.566162   362.042730   619.563305     0.062161    95.962800    39.408187    56.554614    37.571394    37.714185     0.227377   286.034660   279.485222     7.290182     1.862012     0.502770
      1858.0     1.052759   284.735767   362.400005   619.600569     0.119059    97.909714    40.309536    57.600179    37.869223    37.927844     0.230978   286.142067   279.932942     7.456815     2.024416     0.021357
      1859.0    -0.140093   284.915360   362.530558   619.910899     0.214053    96.266976    39.084007    57.182969    37.915842    37.903227     0.234893   286.228335   279.953214     7.596395     1.050227    -0.322944
      1860.0    -0.245302   285.104940   361.934320   619.547820     0.270115    95.438270    38.690868    56.747402    37.694327    37.445321     0.239896   286.185570   279.794331     7.729615     1.841785     0.114073
      1861.0     0.056224   285.294520   361.322605   619.551612    -0.148367    95.614402    39.137406    56.476996    37.442425    37.647577     0.202449   286.080040   279.755548     7.534828     2.101544     0.201360
      1862.0     1.821264   285.464156   361.966876   619.990670     0.056125    96.828134    40.061737    56.766397    36.803132    37.746550     0.200354   285.682011   279.171364     7.369878     1.670916     0.504361
      1863.0     1.939869   285.633761   363.109437   620.350504     0.168535   100.431631    41.442384    58.989247    38.123599    38.472166     0.198204   285.884395   279.293808     7.216401     1.827657    -0.011269
      1864.0    -0.571292   285.803396   362.821469   621.117318    -0.016005    96.067126    38.813554    57.253572    37.864579    38.671975     0.196961   285.986237   279.476801     7.092261     0.429547     0.040582
      1865.0    -0.882202   285.973002   361.503656   621.093118     0.054961    95.364033    38.696585    56.667449    38.078720    37.197891     0.194873   286.242897   279.884774     6.982785     2.816506    -0.856629
      1866.0    -0.341718   286.142637   361.616620   620.645375     0.173929    96.366293    39.178784    57.187509    38.162451    38.247512     0.193008   286.266202   280.110903     6.897684     0.818307     0.532805
      1867.0    -0.326394   286.312273   360.593576   620.206251     0.118753    93.690793    38.054474    55.636319    36.952553    36.527188     0.190689   286.044678   279.641758     6.835332     2.550330     0.013759
      1868.0     1.326187   286.471890   361.235299   620.148745    -0.093911    98.315152    40.664757    57.650395    37.636092    38.059304     0.189322   285.997055   279.676893     6.807370     1.963730     0.480718
      1869.0    -0.208180   286.591649   361.239137   620.445821     0.064309    96.422187    39.345360    57.076828    37.988345    37.984472     0.187065   286.110857   279.736044     6.792541     1.357049    -0.300949
      1870.0    -0.628969   286.721335   360.932841   620.189733    -0.178811    95.384570    38.725426    56.659144    37.568508    37.528543     0.185354   286.092917   279.631102     6.756827     1.503179     0.216124
      1871.0     0.285327   286.851051   360.488604   620.249722     0.071450    96.113914    39.437551    56.676363    37.487471    37.595080     0.259890   286.110991   279.702135     7.337727     2.286709     0.047619
      1872.0     0.832417   287.020686   361.322846   620.054007    -0.109831    99.155431    40.600324    58.555107    37.975672    38.181980     0.264370   286.186313   280.014773     7.859477     1.584102     0.402023
      1873.0     0.911174   287.220223   361.290543   620.676999     0.171622    97.399376    39.891134    57.508242    37.510758    38.194081     0.266893   285.990736   279.727444     8.332059     1.729355     0.060332
      1874.0     1.619110   287.419791   361.408542   620.949701     0.268232    99.456964    41.285160    58.171804    38.172056    37.972179     0.270297   285.916021   279.387371     8.749107     3.194982    -0.472579
      1875.0     1.017857   287.649291   362.135774   621.204150     0.292450    99.967397    41.079865    58.887533    38.613784    39.208947     0.272573   286.125642   279.581393     9.127185     1.143686     0.340713
      1876.0    -0.914330   287.878760   361.167437   621.183441     0.151007    96.276209    38.863797    57.412412    38.260344    38.017071     0.276379   286.069969   279.799449     9.469085     1.815062    -0.222564
      1877.0     1.710009   288.108260   361.264512   621.089231     0.180863    99.176022    41.099642    58.076380    37.849435    38.429724     0.278774   285.825593   279.343731     9.765609     2.572844     0.674499
      1878.0     0.394128   288.347717   361.572411   621.592495     0.319453    98.165030    40.170908    57.994122    38.397054    38.834311     0.282020   286.134890   279.670088    10.023755     1.028698    -0.066007
      1879.0     0.928298   288.577217   361.134629   621.650992     0.151343    97.796749    40.125511    57.671238    37.641216    37.555247     0.285308   286.026236   279.622797    10.235855     3.008046    -0.144466
      1880.0     0.966574   288.826661   361.552099   621.946336     0.123090    98.590465    40.618162    57.972303    38.006019    38.786502     0.289690   285.990399   279.471370    10.382957     1.414190     0.485139
      1881.0     1.037539   289.096050   361.582832   622.149141     0.384350    98.741651    40.579468    58.162183    38.297018    38.201978     0.275890   286.029540   279.696828    10.338528     2.346758    -0.297846
      1882.0     0.040922   289.375427   361.276837   621.937488     0.318310    97.601143    39.801526    57.799617    38.350933    38.221996     0.274246   286.043036   279.702183    10.289611     1.885524     0.082716
      1883.0     1.186928   289.614914   360.951776   622.234816     0.339526    96.605444    39.833626    56.771818    37.224700    37.777749     0.273294   285.705615   279.224535    10.258046     2.380938     0.255721
      1884.0     0.708276   289.864358   360.777375   622.724058     0.557666    95.838947    39.258658    56.580289    37.406553    37.689514     0.273095   285.588699   278.865565    10.242805     1.743545    -0.206282
      1885.0     0.436699   290.153692   360.211965   622.885033     0.242207    95.619408    39.123438    56.495971    37.383414    37.485020     0.271665   285.705669   279.171667    10.248715     2.203828    -0.059368
      1886.0     1.247135   290.453043   360.400215   623.016874     0.349699    98.112987    40.420962    57.692025    37.881241    38.025032     0.270306   285.766960   279.276987    10.253060     2.207680     0.011950
      1887.0     2.071645   290.762352   360.678025   623.041979    -0.059142   100.003244    41.625076    58.378168    37.830010    38.377289     0.268599   285.536451   278.968741    10.269199     2.969977     0.522174
      1888.0     1.635586   291.111580   361.947304   623.836167     0.189617    99.862763    41.145221    58.717542    38.158872    38.875020     0.268621   285.548461   279.074622    10.313416     1.000922    -0.078040
      1889.0     0.578849   291.460778   361.473901   624.119949     0.032926    98.198263    40.269434    57.928829    38.145593    38.390602     0.266505   285.646331   279.159096    10.359018     2.352236    -0.038774
      1890.0     0.570362   291.810006   360.917638   624.387636    -0.049227    97.688227    40.315775    57.372452    38.103004    38.419747     0.265468   285.746861   279.151528    10.427774     2.452292     0.049056
      1891.0     1.062875   292.169222   360.978067   624.577103     0.242652    97.671938    40.184879    57.487059    37.786712    37.954818     0.310582   285.677897   278.867086    10.794930     2.169631    -0.021361
      1892.0    -0.183990   292.518450   360.643971   624.455245     0.315819    97.703845    39.841840    57.862005    38.595887    38.433545     0.312588   286.049119   279.725564    11.136012     1.742391    -0.040483
      1893.0     0.334628   292.827759   359.611608   624.182253     0.250791    96.132619    39.516186    56.616433    37.590225    37.318455     0.313439   285.677578   279.103117    11.458992     3.230095     0.001221
      1894.0     2.022267   293.137067   360.044562   624.337392     0.256223    99.121371    41.435751    57.685620    37.788008    38.278745     0.315550   285.607136   279.121699    11.755281     2.724052     0.335598
      1895.0     0.244412   293.426401   360.307347   624.540458     0.317190    98.236620    40.235796    58.000824    38.376904    38.623019     0.317470   285.860840   279.337423    12.038987     1.349992     0.043049
      1896.0     0.984929   293.705777   359.580274   624.442078     0.153995    98.636021    40.850948    57.785072    37.982156    37.644887     0.320417   285.739840   279.208334    12.305903     3.933134    -0.238889
      1897.0     1.922689   293.995141   360.746880   624.803765     0.290845   101.599088    42.184704    59.414384    38.599033    39.552810     0.321428   285.871784   279.521420    12.551104     1.465288     0.592090
      1898.0    -0.028695   294.294493   360.410845   625.068649     0.140914    98.914955    40.398209    58.516746    38.607914    38.791315     0.323312   286.091869   279.632484    12.767493     1.942930    -0.081483
      1899.0    -0.664347   294.643691   358.835166   625.109155     0.230568    95.251998    38.684735    56.567262    37.766101    37.373007     0.325058   286.061687   279.678354    12.965985     2.887407    -0.433600
      1900.0     0.912884   295.012894   358.445682   624.920487     0.416518    97.108476    40.190295    56.918181    37.850734    38.170236     0.326707   286.180405   279.683089    13.176728     2.409543     0.508169
      1901.0     1.875687   295.352135   359.111747   624.570767     0.332861   100.656036    41.897161    58.758875    38.360794    38.351265     0.325660   286.182944   279.944449    13.357040     2.879832     0.340191
      1902.0     1.660901   295.671400   359.637970   624.712844     0.438365   101.256761    42.063829    59.192932    38.739837    38.894182     0.325868   286.183162   279.722822    13.425577     2.643424     0.012268
      1903.0    -0.449956   295.990696   359.355251   624.897168     0.640944    96.954809    39.375654    57.579155    38.376800    38.589078     0.325492   286.096661   279.630674    13.481587     1.069295     0.027955
      1904.0    -0.517736   296.290048   357.198296   624.793293     0.595306    95.151053    38.911906    56.239147    37.977839    37.500492     0.325633   286.084129   279.616687    13.590568     3.568369    -0.373473
      1905.0     0.804536   296.629289   356.757968   624.389931     0.452136    96.237235    39.809156    56.428079    37.403239    37.185452     0.323783   285.956499   279.420754    13.679044     3.064033     0.185575
      1906.0     0.967867   296.998461   356.623070   624.192173     0.312196    97.873993    40.576012    57.297981    37.825251    37.965381     0.323310   285.916759   279.411130    13.778343     2.745529     0.337889
      1907.0     1.952150   297.437486   356.939537   624.501487     0.405198    98.369447    40.905393    57.464054    37.509324    37.942091     0.322677   285.633312   279.056368    13.888268     2.646835     0.123453
      1908.0     1.779608   297.856536   357.486678   624.777327     0.379761   100.762393    41.588519    59.173874    38.281750    38.864045     0.322864   285.912147   279.235674    13.998001     2.177333     0.306455
      1909.0    -0.173757   298.275615   356.546396   625.013742     0.535401    97.067121    39.602304    57.464818    38.403664    38.402528     0.322236   286.176698   279.554194    14.122620     2.140058    -0.237551
      1910.0     2.074635   298.714640   356.021219   624.590336     0.565845   100.063615    41.866393    58.197222    38.513527    37.977222     0.320832   286.203945   279.617705    14.304957     4.414348    -0.112898
      1911.0     1.173699   299.163622   356.797521   624.544231     0.343758   100.302719    41.392535    58.910184    38.649915    38.524318     0.332170   286.261231   279.860366    14.417133     2.091915    -0.079492
      1912.0     2.341098   299.682485   357.376436   624.529392     0.512049   101.707470    42.209177    59.498293    38.571751    39.446700     0.332282   285.996939   279.466917    14.551985     2.183562     0.889788
      1913.0     2.694391   300.241238   357.206910   625.215141     0.576072   100.549320    41.986119    58.563200    38.133356    38.583784     0.330951   285.816750   279.050780    14.687634     3.571861    -0.235321
      1914.0     0.787914   300.750115   357.270255   625.550618     0.617341    98.727279    40.470502    58.256777    38.441564    38.667473     0.330720   286.092844   279.460295    14.827483     1.739685    -0.109569
      1915.0     1.053450   301.268948   356.697605   625.446341     0.510566    99.763552    41.246477    58.517075    38.830676    38.521674     0.330339   286.178543   279.519219    14.955527     3.297453    -0.204726
      1916.0     1.164953   301.807756   356.121989   625.056145     0.505758    98.957147    40.859563    58.097584    38.418421    38.353596     0.331008   286.249577   279.870659    15.082485     3.081584     0.325371
      1917.0     3.446188   302.336577   357.040362   625.051824     0.788910   103.252712    43.381397    59.871315    38.890910    39.121228     0.329406   286.153925   279.899238    15.222803     3.341796     0.234639
      1918.0     1.162652   302.775602   357.416158   625.502299     0.942178   100.493258    41.242044    59.251214    38.933385    39.391159     0.329384   286.266682   279.759832    15.346682     1.475091     0.007299
      1919.0     0.557550   303.134787   356.009741   625.564397     0.695321    97.793424    40.227964    57.565460    38.029555    38.135072     0.329427   286.214678   279.708674    15.486452     3.499309     0.043419
      1920.0     0.932303   303.573812   355.876067   625.477115     0.624744    99.748465    41.014335    58.734130    38.519685    38.455075     0.329685   286.330744   279.960991    15.637468     2.692933     0.022672
      1921.0     1.763872   303.923040   355.931470   624.972276     0.789083   102.284701    42.503940    59.780761    39.027025    38.798313     0.363609   286.552196   280.517929    15.875032     3.650224     0.276127
      1922.0     2.979732   304.262281   356.372429   625.416848     0.731157   103.045464    43.323377    59.722087    38.567004    39.080506     0.364080   285.841828   279.436996    16.093109     3.801912     0.068931
      1923.0     1.734473   304.591534   356.961435   626.274193     0.688692   102.814300    42.601629    60.212671    39.011721    40.042895     0.365602   286.010491   279.513467    16.305407     1.969727     0.173830
      1924.0     1.688179   304.950750   356.625393   626.694111     0.550322   103.426457    43.129042    60.297415    39.456227    39.741210     0.367476   286.117201   279.467399    16.495949     3.723874    -0.134935
      1925.0     1.112225   305.130342   356.449020   626.943295     0.482146   102.674195    42.710769    59.963426    39.221013    39.584799     0.367840   286.116741   279.902125    16.691669     3.302343     0.114602
      1926.0    -0.104045   305.270046   356.289203   627.299301     0.640050   101.888917    41.830577    60.058341    39.532020    39.792595     0.368623   286.437660   280.199149    16.881409     2.197799    -0.095430
      1927.0     1.554241   305.499515   355.668283   627.218709     0.481686   102.341428    42.759727    59.581701    38.814525    38.887420     0.369403   286.188673   279.908822    17.073030     4.493226     0.153488
      1928.0     2.227879   305.649176   356.598334   627.658829     0.466221   105.097666    44.147162    60.950504    39.217637    40.466616     0.371545   286.120690   279.685073    17.254774     2.750494     0.808859
      1929.0     0.418267   305.808824   356.545884   628.460551     0.490550   102.880671    42.612988    60.267683    39.606691    39.983677     0.370926   286.376146   279.941138    17.430447     2.681761    -0.424736
      1930.0     1.077886   305.938540   356.259849   628.476381     0.270359   104.192210    43.523966    60.668245    39.567272    39.600840     0.371982   286.338335   279.954358    17.600164     4.209160     0.017740
      1931.0     1.299544   306.138107   356.165615   629.033146     0.484926   104.053119    43.462226    60.590893    39.518893    39.954328     0.423811   286.312009   280.070814    17.936283     3.602133    -0.121331
      1932.0     1.826336   306.407496   356.514491   629.258057     0.520720   104.425925    43.675511    60.750414    39.411247    40.005102     0.426264   286.321706   279.963050    18.255201     3.321533     0.368944
      1933.0    -0.588230   306.716805   355.901690   629.706392     0.537123   100.309044    40.929753    59.379291    39.161576    39.384880     0.425823   286.434557   279.954972    18.550966     2.157675    -0.225031
      1934.0    -0.339221   307.095965   354.210796   629.250715     0.557018    99.153773    40.830892    58.322881    39.091375    38.398042     0.426313   286.498479   280.308725    18.840359     4.123744    -0.237657
      1935.0     0.587377   307.544977   353.630634   628.872614     0.486302   100.023479    41.557613    58.465866    38.890451    38.675591     0.427694   286.426001   279.935798    19.127865     3.462184     0.163241
      1936.0     2.105052   308.323242   353.299653   628.676586     0.527935   102.178827    42.619283    59.559544    39.154500    39.167944     0.429316   286.612592   280.033521    19.379318     3.782320     0.209471
      1937.0     2.354679   309.071576   353.300843   628.401921     0.596243   103.269436    43.212506    60.056930    39.400630    39.191670     0.429639   286.590743   280.316047    19.598242     4.019645     0.065705
      1938.0     2.801002   309.600396   353.957891   628.706394     0.650992   104.792514    44.079064    60.713450    39.470012    39.982567     0.430383   286.330522   280.050409    19.789099     3.439449     0.208082
      1939.0     3.935910   310.159149   355.425657   629.270085     0.666706   109.021794    46.109097    62.912697    40.214898    41.361433     0.432056   286.378443   279.868453    19.967617     3.279898     0.582844
      1940.0     0.574618   310.667995   354.652133   630.038774     0.759285   102.893051    42.380973    60.512077    39.961115    40.428123     0.435300   286.516785   280.071226    20.142700     2.726374    -0.301682
      1941.0     1.523814   311.117007   353.776343   630.232150     0.762377   103.491592    43.289669    60.201923    39.638720    39.918675     0.568570   286.449414   280.022308    20.641655     4.246783     0.086580
      1942.0     0.141631   311.476223   353.259389   629.832969     0.625640   103.184655    42.748738    60.435917    40.133346    39.242342     0.571533   286.764812   280.519219    21.161655     4.023350    -0.491823
      1943.0     1.369536   311.695735   353.057745   629.726660     0.639221   104.781753    43.710560    61.071194    39.480096    39.897813     0.573738   286.557632   280.279251    21.640741     4.014391     0.524026
      1944.0     1.665170   311.715680   353.201418   630.202599     0.647242   106.301136    44.753048    61.548088    39.714090    40.558807     0.577520   286.525075   280.169913    22.071896     4.050568     0.368778
      1945.0     1.171495   311.685748   353.716633   630.932950     0.651194   107.270294    45.064637    62.205657    40.373396    40.927111     0.579113   286.565423   280.325860    22.463873     3.622311    -0.176637
      1946.0     0.459187   311.695735   352.876228   631.407797     0.283679   105.326904    44.163628    61.163277    39.950322    40.400389     0.580810   286.357164   279.860664    22.837021     4.603644    -0.024780
      1947.0     1.433866   311.795489   353.034822   631.921362     0.353801   106.277009    44.882358    61.394650    39.889424    40.608311     0.583399   286.318426   279.727042    23.176435     4.115453     0.205322
      1948.0    -0.119669   311.825421   353.169354   632.194371     0.479804   106.385352    44.225604    62.159748    40.703720    40.777769     0.588022   286.639916   280.565038    23.484848     3.313304    -0.198961
      1949.0    -0.001191   311.935192   352.183850   632.494766     0.602414   103.708032    43.147757    60.560276    39.836378    40.578751     0.589378   286.589519   280.283662    23.690161     3.554511     0.441977
      1950.0     2.605135   312.124772   352.415086   632.725459     0.578436   108.703682    46.242119    62.461563    40.415883    40.869968     0.591380   286.482328   280.175837    23.895905     5.140915     0.223391
      1951.0    -0.643359   312.314353   351.587062   633.369401     0.702657   103.368141    42.781770    60.586371    40.175016    40.196525     0.734287   286.593766   280.263463    24.601053     3.413269    -0.622434
      1952.0    -0.088299   312.643606   350.300479   633.081032     0.558243   103.734430    43.311691    60.422738    40.166711    40.219829     0.740218   286.705296   280.559413    25.239069     4.378445     0.341488
      1953.0     1.236924   313.032754   349.587667   632.968129     0.515258   105.933929    44.616145    61.317784    40.369062    40.456263     0.740249   286.600631   280.269693    25.886211     4.872694     0.200104
      1954.0     2.002707   313.391939   349.896800   633.337845     0.448409   106.770468    45.158352    61.612116    39.906866    40.440435     0.741736   286.284321   279.826772    26.445560     4.408784     0.163854
      1955.0     1.884072   313.711235   350.036214   633.921492     0.621462   109.125328    46.175359    62.949969    41.031866    41.670575     0.745750   286.602180   280.244512    26.961691     4.365369     0.055061
      1956.0    -0.005360   314.000599   348.929245   634.258153     0.664136   105.773325    44.276116    61.497210    40.929582    41.060360     0.751899   286.684107   280.425384    27.431892     4.322725    -0.205882
      1957.0     0.740768   314.289933   347.993070   634.555423     0.757498   105.970063    44.678412    61.291651    40.670191    41.314183     0.753411   286.628435   280.336319    27.845507     4.300404     0.346722
      1958.0     0.441489   314.639161   346.492722   634.565313     0.696099   104.874991    44.200409    60.674582    40.564185    40.365544     0.755300   286.546491   280.237132    28.221954     5.335213    -0.208531
      1959.0     1.635846   315.108117   346.310966   635.144025     0.650734   105.339232    44.553697    60.785535    39.877612    40.714817     0.756956   286.332858   279.921306    28.534983     4.020635     0.258493
      1960.0     2.123140   315.916315   345.912484   635.396661     0.502677   106.624159    44.970455    61.653703    40.295585    40.767859     0.762505   286.506068   280.146238    28.807425     4.601079     0.219639
      1961.0     2.020591   316.594796   345.677228   635.604300     0.679719   106.956380    45.306909    61.649471    40.675681    40.884569     0.549395   286.595835   280.300378    28.187275     4.657596     0.001249
      1962.0     0.585937   317.333172   344.592524   635.562663     0.824762   104.534004    43.627738    60.906266    40.775707    40.587894     0.543100   286.899233   280.706385    27.632402     4.124546    -0.146176
      1963.0     2.357298   317.941802   343.924059   635.297326     0.986859   105.743732    44.804705    60.939027    39.949821    40.076566     0.536991   286.720208   280.470334    27.165293     5.396604     0.392082
      1964.0     3.576338   318.620283   344.625160   635.653315     0.824290   109.062995    46.650510    62.412486    40.602473    41.341479     0.532768   286.480062   279.882813    26.795258     4.607929     0.383017
      1965.0     2.018422   319.109215   344.673906   636.054508     0.901057   107.108801    45.342250    61.766551    40.589992    40.698658     0.524935   286.422927   279.995949    26.471075     4.594846    -0.292526
      1966.0     3.789772   320.166857   344.909055   636.292226     0.956696   108.516629    46.135160    62.381469    40.859162    41.036135     0.517819   286.521076   280.186876    26.234198     4.863875    -0.060745
      1967.0     1.210599   320.765529   344.258020   636.689866     1.012307   105.664600    44.363863    61.300737    40.653030    41.313529     0.511749   286.646504   280.397538    26.059486     3.701369     0.262859
      1968.0     1.727732   321.673511   342.998854   636.936364     0.976159   104.501295    43.933153    60.568141    40.306410    40.318333     0.506488   286.571988   280.265216    25.952461     4.873987    -0.234575
      1969.0     3.525837   322.531585   342.627309   636.678172     0.895272   107.649925    46.047295    61.602630    40.426960    40.792589     0.498353   286.471110   280.117979    25.919008     5.626250     0.623821
      1970.0     5.041355   324.058183   343.228638   637.215600     1.163154   109.154993    46.485015    62.669978    41.090577    41.529443     0.492254   286.499697   280.128343    25.979771     4.354243    -0.098562
      1971.0     2.915033   324.676800   343.478170   637.421522     1.038063   110.372663    47.076633    63.296031    41.599268    41.957423     0.470811   286.569499   280.431940    25.999962     4.869678     0.152233
      1972.0     5.812290   326.622479   343.437817   637.821919     1.244074   108.201510    46.060211    62.141299    40.750022    41.294378     0.471593   286.353771   279.922576    26.015802     4.806186     0.143958
      1973.0     6.212211   329.176787   343.546495   638.065073     1.319901   108.593961    45.819110    62.774851    41.346769    41.420173     0.470076   286.684752   280.477130    26.059536     4.290259    -0.169749
      1974.0     3.795972   330.024904   343.346033   637.954378     1.187230   109.187072    46.567813    62.619259    40.863057    41.077531     0.467897   286.542852   280.540017    26.109657     5.690744     0.325169
      1975.0     4.383311   330.094725   344.736971   638.745752     1.211824   113.764682    49.167001    64.597681    41.015641    42.453396     0.467793   286.250062   279.909020    26.100267     5.322667     0.646380
      1976.0     2.508535   330.803169   345.204125   639.790710     1.090441   111.891943    47.169782    64.722160    42.141921    42.621012     0.468319   286.634403   280.479104    26.200323     4.081616    -0.565866
      1977.0     4.828152   332.609144   344.658709   639.934375     1.385279   109.597994    46.245819    63.352175    41.766787    42.007343     0.466001   286.783848   280.709831    26.285810     4.783891     0.096892
      1978.0     6.598748   334.265458   344.918783   639.963740     1.396681   112.486431    48.410348    64.076083    41.645984    41.914244     0.465399   286.598830   280.453591    26.399902     6.236030     0.238895
      1979.0     4.929048   335.851921   345.584312   640.698781     1.459853   110.626517    46.788936    63.837581    41.627426    42.313672     0.464112   286.626451   280.583841    26.520765     3.809735    -0.048794
      1980.0     6.906005   337.947260   345.676099   640.906424     1.655172   112.016521    47.755643    64.260879    41.800691    42.257365     0.464653   286.754773   280.682399    26.610184     5.406490     0.249031
      1981.0     4.431820   339.304222   345.673814   641.072718     1.536829   112.235560    47.779739    64.455821    42.545293    42.492069     0.520468   286.946431   280.542912    26.944658     5.289955    -0.219518
      1982.0     4.033126   339.882950   345.861635   641.396708     1.242237   112.970135    48.588048    64.382087    41.781581    42.790914     0.522892   286.636806   280.245550    27.321648     5.609313     0.685343
      1983.0     7.077854   341.509302   346.817917   642.655845     1.434165   113.849045    49.230422    64.618623    41.703200    42.968560     0.525423   286.357346   279.899930    27.769358     5.305581     0.006223
      1984.0     5.759612   343.245456   346.882498   643.766458     1.409797   112.906273    48.226987    64.679286    42.139943    43.161193     0.529346   286.512067   280.181093    28.227779     5.001211    -0.089363
      1985.0     6.098836   344.692215   346.966310   644.462352     1.279050   114.322907    49.227967    65.094940    42.013932    43.017136     0.529997   286.368145   280.014323    28.592005     6.127019     0.307310
      1986.0     5.049308   346.129017   347.594963   645.452851     1.271833   114.574111    49.014846    65.559265    42.738621    43.765211     0.532507   286.713358   280.548708    28.962511     4.620982     0.036091
      1987.0     5.945004   347.994856   347.551707   645.833364     1.427510   114.214253    48.915023    65.299230    42.745756    43.084169     0.535508   286.832022   280.620579    29.314993     5.874109    -0.042099
      1988.0     6.438265   350.499287   347.396952   646.129262     1.679957   112.807721    47.801689    65.006031    42.855689    42.899445     0.538860   286.943655   280.796867    29.656054     5.056999    -0.252142
      1989.0     5.919653   352.105725   347.359628   645.698170     1.698871   116.280561    49.944608    66.335952    43.593820    43.595417     0.539201   287.200084   281.125674    29.954079     6.386516     0.432689
      1990.0     5.895960   353.283095   348.095920   646.482223     1.765899   116.806746    50.502435    66.304311    43.108407    44.336029     0.541521   286.903592   280.560509    30.185463     5.430114     0.443569
      1991.0     6.219297   354.560249   348.947380   647.350221     1.724931   117.170634    50.721435    66.449199    43.339600    43.877360     0.429831   286.853651   280.434272    29.833393     5.992614    -0.330239
      1992.0     4.013655   355.438298   349.577592   647.815932     1.620016   115.260884    49.087370    66.173514    43.038015    43.759677     0.429187   286.680259   280.336928    29.515654     4.697480     0.255952
      1993.0     5.465943   356.126767   350.315147   648.506455     1.699192   117.210826    50.817483    66.393343    42.797657    43.951127     0.425340   286.593496   280.446243    29.286266     6.128802     0.462946
      1994.0     6.732202   357.453798   351.370024   649.419559     1.818364   118.883934    51.310876    67.573058    43.488300    44.190044     0.422692   286.649032   280.176536    29.089109     6.065954    -0.211360
      1995.0     6.466365   359.439365   352.308161   649.963428     1.947946   118.464490    50.421531    68.042959    44.335018    44.954032     0.420154   287.102546   281.030189    28.971205     4.529362     0.075145
      1996.0     6.565198   361.195464   352.522834   650.289561     1.933427   118.750153    50.840256    67.909897    44.086106    44.880813     0.418534   287.211319   281.217137    28.817997     5.744770     0.468573
      1997.0     6.250468   362.442686   352.663600   650.767312     1.853111   118.273696    50.988265    67.285431    43.638990    43.932635     0.414588   286.972406   280.821420    28.794403     6.914865    -0.184107
      1998.0    11.021053   365.116722   355.310019   651.771873     2.051074   122.919088    53.439637    69.479451    44.409194    45.977293     0.412043   286.742724   280.574880    28.729601     4.815924     0.563539
      1999.0     7.269354   367.022481   356.180441   652.625345     2.004791   120.750214    51.635901    69.114313    44.640457    45.508555     0.410564   287.066638   280.918344    28.754717     5.256924     0.014625
      2000.0     5.935964   368.299635   356.672803   653.096503     1.845098   121.067525    52.149265    68.918260    44.940517    45.402708     0.409213   286.915581   280.730928    28.910536     6.254194    -0.008967
      2001.0     7.063684   369.846208   357.494539   653.885545     1.987015   121.355759    52.240326    69.115433    44.692270    45.147087     0.493073   287.064384   280.989797    29.378801     6.271504    -0.334224
      2002.0     7.015695   372.001381   357.950129   654.219868     2.029301   119.281909    51.129396    68.152513    45.019687    45.383540     0.398859   287.133585   280.702438    29.169598     5.290267     0.029529
      2003.0     7.882370   374.575664   357.978604   654.537684     1.969895   119.516057    51.091103    68.424954    44.570706    45.282357     0.625329   287.141164   281.057562    29.447784     5.780270     0.393836
      2004.0     8.705332   376.152139   359.088791   655.187913     2.253032   124.940032    54.486916    70.453116    45.162776    46.058243     0.657720   287.084381   281.119777    30.366034     7.318487     0.245237
      2005.0     6.450689   378.067885   359.943397   655.780366     2.414039   121.335198    51.707194    69.628003    45.677235    46.220458     0.434247   287.496160   281.528508    30.683750     4.632130    -0.049230
      2006.0     7.306262   380.163224   359.966080   655.663227     2.139018   120.472419    51.611286    68.861133    45.013005    44.936917     0.433647   287.403698   281.376155    30.489925     6.651685     0.041052
      2007.0     9.152106   381.749687   361.811806   656.433455     2.083564   125.364167    54.668179    70.695988    45.086683    46.259153     0.418540   286.992026   280.888275    30.416164     6.563301     0.402241
      2008.0     9.597638   383.884915   364.135252   657.494157     2.069924   126.997468    54.952899    72.044569    45.887581    47.375945     0.477254   287.208468   281.060543    30.406002     5.253508     0.427662
      2009.0     5.519564   385.421501   364.787821   658.238351     2.109964   123.854996    52.698859    71.156137    46.558679    46.485733     0.527328   287.561400   281.714974    30.378674     5.560557    -0.817140
      2010.0     8.471155   387.856080   364.580929   658.492830     2.343376   123.751698    53.261638    70.490060    45.687803    46.532676     1.070137   287.420699   281.510324    32.361305     6.935854     0.590393
      2011.0    10.479287   390.071148   366.693949   659.145122     2.462350   127.822902    55.532692    72.290210    45.985149    47.268106     0.594004   287.145923   281.192653    32.623508     6.151566     0.630666
      2012.0     8.178750   392.146512   367.990674   660.349921     2.464856   127.538394    54.825477    72.712917    47.083675    48.078795     0.559259   287.470264   281.528019    32.787861     5.449958    -0.209679
      2013.0     8.183344   394.840523   367.539158   660.735964     2.494018   125.075362    53.642184    71.433177    46.855127    47.214129     0.992389   287.647225   281.734167    33.837673     6.879571    -0.027042
      2014.0     8.001120   396.666442   367.686293   661.242495     2.260981   125.709727    54.467306    71.242420    45.806866    46.431539     0.801317   287.402999   281.498944    34.731735     7.888632     0.118142
      2015.0    10.476971   399.061133   369.750535   662.042387     2.286622   129.370523    56.425789    72.944734    46.748666    47.718863     0.625386   287.340509   281.262037    34.738312     6.642684     0.170305
      2016.0    11.596304   402.224071   370.572088   663.086123     2.395113   127.936650    55.520679    72.415971    46.283592    47.734130     0.743440   287.331933   281.381499    35.282230     6.964996     0.406802
      2017.0     9.428801   404.908095   371.642946   663.990467     2.515590   128.195174    55.453379    72.741795    47.208505    47.805667     0.753916   287.517301   281.402515    35.790497     6.576854    -0.307182
      2018.0    10.366781   407.921372   372.469168   664.721906     2.662575   129.102290    55.747515    73.354774    47.400703    48.533047     0.763002   287.585543   281.782585    36.181820     6.388246     0.400904
      2019.0    10.641558   411.034463   372.875427   665.488236     2.778326   128.311554    55.443486    72.868068    47.183203    47.753775     0.771206   287.654045   281.733373    36.524803     7.283453    -0.195758
      2020.0    10.850727   414.227333   373.195969   666.179294     2.803436   128.095987    55.725725    72.370262    47.353513    48.289217     0.780430   287.681071   281.639080    36.843082     7.115966     0.244647
      2021.0    11.554690   417.529974   373.730955   666.560828     2.772273   128.903394    56.113108    72.790285    47.293333    47.609757     0.717737   287.617256   281.612629    36.964203     7.968365    -0.065110
      2022.0    13.406063   420.902467   376.314744   667.321454     2.830666   133.717625    58.655502    75.062123    47.969502    49.409116     0.720983   287.519933   281.480446    37.063637     6.662596     0.678989
      2023.0    12.490375   424.334824   377.415844   668.503488     2.987218   132.852034    57.909536    74.942498    48.331124    49.576611     0.722637   287.576250   281.768350    37.186699     7.231825     0.063453
      2024.0    12.698326   427.827046   378.121369   670.035731     3.046552   130.916140    57.244969    73.671171    47.587299    49.366079     0.722006   287.413269   281.347268    37.341366     7.173365     0.246538
      2025.0     9.885830   431.389119   377.857183   670.759579     3.092865   127.495243    54.579886    72.915357    48.158425    48.034837     0.718463   287.980447   282.145160    37.523468     6.809235    -0.847436
      2026.0    12.713597   435.001068   378.484829   670.528437     3.161528   131.636254    57.426985    74.209269    48.302363    48.521462     0.631172   287.917843   282.265676    37.308025     8.277877     0.450241
      2027.0    13.995240   438.692857   380.447831   671.254370     3.192637   134.381438    59.043772    75.337666    48.495801    49.703365     0.628721   287.758582   281.930975    37.157669     7.377405     0.481630
      2028.0    14.159904   442.444480   382.352484   672.116290     3.475808   136.541181    59.734019    76.807162    49.406742    50.327611     0.627373   287.995323   282.331108    37.049686     7.501756     0.058949
      2029.0    11.461563   446.265985   382.961221   672.568770     3.364837   132.538305    56.956584    75.581721    49.364515    49.799817     0.619111   287.984324   282.268920    36.963181     6.548030    -0.017177
      2030.0    13.794649   450.157311   382.868358   673.125066     3.399053   132.353295    57.936420    74.416874    48.372289    49.169862     0.614650   287.649894   281.506625    36.913029     8.859421     0.241277
      2031.0    16.341285   454.128477   385.293245   674.527222     3.343093   136.433758    60.464062    75.969696    48.300434    50.471352     0.554081   287.430652   281.466620    36.613918     7.567823     0.768763
      2032.0    14.070998   458.149519   387.275337   675.939986     3.506885   136.623176    59.598566    77.024610    49.899746    50.742285     0.552633   287.859974   282.075166    36.365288     6.874190    -0.570226
      2033.0    13.146762   462.210450   387.849711   676.631239     3.499961   133.952804    58.052468    75.900336    49.283275    50.210886     0.547348   288.056004   282.515107    36.151024     7.267207     0.236358
      2034.0    16.144178   466.321289   389.731437   677.116687     3.415246   140.226890    62.024662    78.202228    50.201946    50.979512     0.543709   288.000667   282.189459    35.994263     9.163425     0.292118
      2035.0    14.390721   470.492022   392.131195   678.033465     3.465587   139.049019    60.595975    78.453044    50.665884    51.756972     0.539432   288.150559   282.337925    35.879684     6.439244     0.174311
      2036.0    14.102604   474.702645   392.120070   679.024556     3.608198   136.094220    59.344702    76.749518    50.040292    50.475505     0.518170   288.158038   282.360809    35.715900     8.880322    -0.555878
      2037.0    15.448708   478.973131   394.343041   679.570786     3.736964   139.715712    61.086020    78.629693    50.646023    51.554814     0.514566   288.318263   282.714557    35.589222     7.308234     0.362561
      2038.0    15.979875   483.303482   396.090285   680.110545     3.699402   140.589529    61.847432    78.742096    50.756014    51.541962     0.515695   288.146562   282.408841    35.510593     8.558226     0.246189
      2039.0    15.705767   487.683709   398.237567   681.028485     3.822975   142.145589    62.137149    80.008441    51.508315    52.488412     0.515275   288.381562   282.913871    35.471333     7.501455     0.062157
      2040.0    15.498313   492.123832   400.012030   681.547858     3.772862   142.878061    62.313523    80.564538    51.986075    52.396200     0.514647   288.446949   282.779292    35.452991     8.142859    -0.109248
      2041.0    15.071661   496.623818   400.796115   682.232334     3.914991   139.725770    60.925466    78.800304    51.225225    52.237295     0.529949   288.391094   282.755501    35.472824     7.904086     0.327595
      2042.0    16.384339   501.173681   402.377364   683.072220     3.972847   141.040505    61.910520    79.129986    51.044557    51.838822     0.529909   288.169296   282.469271    35.473766     8.490449    -0.045621
      2043.0    17.465577   505.773421   404.769267   684.198534     3.892541   143.530853    63.301114    80.229739    51.248518    52.856608     0.529071   288.064314   282.341509    35.507317     8.052602     0.481775
      2044.0    16.125902   510.423068   406.119371   685.524627     3.955800   141.594861    61.862697    79.732165    51.261762    52.500400     0.530291   288.092143   282.233781    35.525986     8.012192    -0.087455
      2045.0    17.231780   515.112634   407.927797   686.291683     4.190871   144.543379    63.650871    80.892508    52.210204    53.048206     0.529173   288.444144   282.692261    35.564987     8.794240     0.070945
      2046.0    16.336464   519.862065   410.253469   686.957539     3.989439   146.176295    64.032079    82.144216    53.082278    54.224091     0.516884   288.715632   283.155405    35.529430     7.482316     0.475957
      2047.0    16.354950   524.661372   411.627728   687.433923     3.988833   144.955829    63.276203    81.679627    52.516100    53.022207     0.516386   288.631569   282.953987    35.470341     8.879737     0.029723
      2048.0    18.103987   529.510557   413.575008   688.235886     4.141502   147.719248    65.283871    82.435377    53.073153    53.820499     0.518895   288.510672   282.670056    35.429874     9.516092    -0.054617
      2049.0    14.799712   534.419605   414.500656   688.970181     4.029965   142.481078    61.717670    80.763409    52.880347    53.026684     0.515254   288.826911   283.224246    35.389786     7.765338    -0.587958
      2050.0    16.689681   539.378591   415.883656   689.089720     4.092556   143.582573    63.026447    80.556126    52.413882    53.216140     0.514734   288.667632   283.043357    35.408501     8.427306     0.682719
      2051.0    16.370976   544.397380   417.673226   689.543763     4.253074   145.612768    63.659957    81.952812    53.456382    53.743459     0.625527   289.030124   283.514970    35.680096     8.126928    -0.166966
      2052.0    16.390752   549.466107   418.238190   689.594931     4.296189   144.573516    63.289904    81.283611    53.243271    53.577328     0.629258   289.053739   283.525174    35.951305     9.147612     0.282890
      2053.0    18.962728   554.584711   420.551503   689.842188     4.342208   149.420392    65.922333    83.498059    53.449723    53.797802     0.628112   288.950832   283.640836    36.208595     9.811219     0.100821
      2054.0    18.236476   559.753191   422.864066   690.902338     4.195991   148.944856    65.407082    83.537775    53.252477    54.642441     0.630326   288.706795   283.206711    36.418694     8.452077     0.329814
      2055.0    19.935749   564.981535   425.615581   692.212610     4.288665   153.868262    68.286995    85.581267    54.481738    56.387498     0.631289   288.786606   283.282982    36.637238     9.147982     0.595489
      2056.0    16.615176   570.259818   426.203686   693.387208     4.121007   149.060323    65.160059    83.900264    54.546888    55.191489     0.664688   288.830066   283.492610    36.747303     9.380465    -0.529997
      2057.0    19.430660   575.587915   428.754832   694.512144     4.089131   154.169060    68.421897    85.747162    54.924380    56.536180     0.666596   288.828404   283.273973    36.849026     9.334571     0.486864
      2058.0    16.956375   580.975938   429.923506   695.594563     3.952752   149.588371    65.534829    84.053542    54.722858    55.666334     0.667964   289.025315   283.554610    36.931984     8.699822    -0.138944
      2059.0    17.968674   586.413777   430.851027   696.846107     4.132057   149.411844    65.525177    83.886667    54.018017    54.636499     0.666261   288.805991   283.337364    36.971653     9.961158    -0.633062
      2060.0    18.002436   591.911541   432.770625   697.577845     4.228627   150.367375    65.901212    84.466163    54.346050    55.931613     0.668300   288.940452   283.221820    36.995155     8.050001     0.853826
      2061.0    17.960229   597.469169   433.217078   698.055199     4.299764   148.947030    65.440777    83.506253    54.277726    54.603589     0.653655   289.290948   283.851978    36.910896    10.390734    -0.151492
      2062.0    18.003197   603.076674   435.023216   698.679828     4.237326   151.759013    66.984162    84.774851    55.519648    56.384023     0.650586   289.300240   283.913654    36.839436     8.794001     0.239747
      2063.0    18.661019   608.754031   436.060137   698.865072     4.171254   153.218258    67.500509    85.717748    55.766950    55.260605     0.649017   289.380406   284.125626    36.796535    11.202984    -0.691589
      2064.0    20.175436   614.481264   438.942818   699.709743     4.350115   155.186881    68.755519    86.431362    55.313144    57.078698     0.648849   288.904641   283.408327    36.750610     8.794140     0.920883
      2065.0    18.492323   620.268422   441.067770   700.636634     4.376860   155.532189    68.207263    87.324926    56.609839    57.383415     0.644816   289.256687   283.842332    36.726234     8.698895    -0.153314
      2066.0    16.472677   626.105396   440.356426   700.726795     4.405010   149.747530    65.393621    84.353909    56.063695    55.451796     0.629109   289.539523   284.351794    36.622894    10.653169    -0.702060
      2067.0    19.485276   632.012222   441.730343   700.968496     4.487893   152.490086    67.479336    85.010749    55.291357    56.210839     0.628320   289.188845   283.828681    36.530724     9.894580     0.677781
      2068.0    19.225494   637.978973   443.613758   701.590187     4.383778   154.040550    67.740576    86.299975    55.838727    56.278638     0.627364   289.334868   283.972059    36.464642     9.578523    -0.181781
      2069.0    19.199383   644.005528   444.826336   701.596520     4.441168   153.486621    67.489460    85.997161    55.820249    56.136964     0.623512   289.422709   284.296963    36.412773    10.139918     0.310383
      2070.0    18.214980   650.091946   445.701937   702.410013     4.382395   150.304392    65.979348    84.325044    55.369105    56.026892     0.620772   289.174510   283.818030    36.348595     9.076856    -0.155707
      2071.0    19.217374   656.248277   447.746375   702.432805     4.321691   155.357237    68.193308    87.163929    56.429225    56.882138     0.556039   289.663585   284.374707    36.189831     9.266732     0.430121
      2072.0    18.286099   662.454424   448.633477   702.342901     4.423239   155.433302    68.049484    87.383818    57.207018    56.761180     0.555048   289.876724   284.669341    36.069649    10.401202    -0.355933
      2073.0    19.788816   668.730423   450.104909   702.383585     4.642153   155.411325    68.470533    86.940792    56.726130    57.358483     0.551596   289.717909   284.676623    35.963352     9.640618     0.591669
      2074.0    20.282387   675.066347   451.314286   702.912731     4.554244   155.792880    68.596963    87.195917    56.380453    56.747092     0.547425   289.627434   284.498899    35.838902    10.640494    -0.162507
      2075.0    19.364335   681.462074   453.245656   703.214460     4.390669   158.013774    69.450849    88.562925    57.751889    57.986250     0.544604   290.004690   284.864927    35.751640     9.533228    -0.067368
      2076.0    18.871182   687.927714   453.834902   703.077233     4.552341   155.868129    67.945184    87.922945    57.067242    57.032302     0.527259   290.167128   285.204094    35.583652    10.323637     0.102287
      2077.0    19.962405   694.453157   454.879188   703.348494     4.745330   155.261232    68.322797    86.938436    56.752340    56.994934     0.521842   289.917258   284.798021    35.431564    10.283577    -0.028669
      2078.0    19.663448   701.048452   456.448960   703.246613     4.611328   156.288800    68.534417    87.754382    57.155485    57.579417     0.518193   289.957742   284.723199    35.268955     9.385229     0.525814
      2079.0    21.172431   707.693684   457.604593   703.071194     4.439402   159.013265    70.356056    88.657209    57.615254    57.064756     0.515115   290.112293   285.057582    35.100960    12.135666    -0.375079
      2080.0    21.426226   714.418695   459.943131   703.526120     4.603296   158.004832    69.549175    88.455657    56.876367    57.808893     0.512269   289.768157   284.584136    34.968868     9.401744     0.477600
      2081.0    20.498126   721.203570   461.647497   703.972781     4.598741   159.562627    69.918165    89.644462    57.957202    58.379656     0.482531   290.173118   285.141145    34.761185     9.834143    -0.024207
      2082.0    18.894212   728.058296   461.561468   704.125661     4.448848   156.201972    68.265642    87.936330    57.764385    57.687512     0.478712   290.280317   285.263050    34.587212    10.664159    -0.229752
      2083.0    21.315207   734.992862   463.081815   704.002012     4.598836   159.693840    70.555026    89.138814    57.971352    58.266481     0.475455   290.333072   285.363608    34.390514    10.768198     0.418778
      2084.0    21.009279   742.007207   464.650650   704.289454     4.716144   158.387246    69.367188    89.020058    57.398291    58.047621     0.475177   290.278138   285.011302    34.238037     9.750732     0.361888
      2085.0    19.213510   749.091464   465.016903   704.182861     4.663053   156.938136    68.522582    88.415555    58.355028    57.403512     0.471360   290.729981   285.804326    34.101963    10.752817    -0.844924
      2086.0    22.041008   756.265486   465.435891   703.600957     4.728675   158.956753    70.374304    88.582449    57.600783    57.610592     0.463028   290.471313   285.607247    33.991058    12.344724     0.591713
      2087.0    24.236270   763.519288   468.808458   704.172779     4.762066   163.389835    72.877267    90.512568    58.104497    59.167161     0.460849   290.212477   284.960403    33.891075    10.337539     0.490842
      2088.0    21.839990   770.843001   470.686720   705.002364     4.698296   161.817338    71.079435    90.737903    58.839064    59.377256     0.459849   290.641661   285.733600    33.793739     9.823917    -0.291392
      2089.0    20.627455   778.246494   471.291381   705.302666     4.648712   159.289833    69.573842    89.715991    58.520491    58.626495     0.456799   290.733871   285.867744    33.683144    10.342686    -0.194298
      2090.0    21.449415   785.739813   471.652187   705.016391     4.567422   159.611899    70.225824    89.386075    58.388515    58.334287     0.452776   290.632747   285.669751    33.571587    11.530732     0.232046
      2091.0    23.187172   793.302983   473.324538   705.059991     4.691569   161.937721    71.448570    90.489152    58.288650    58.187505     0.435930   290.605697   285.712896    33.422218    11.588714    -0.144745
      2092.0    21.531226   800.955920   475.306744   705.377458     4.516568   161.954682    70.819476    91.135206    58.959718    59.778450     0.434803   290.756133   285.847784    33.237820     9.058820     0.501265
      2093.0    19.844752   808.688696   474.678053   705.258537     4.455850   157.520626    68.537769    88.982857    58.630669    58.093792     0.431312   291.083007   286.273079    33.108391    11.072669    -0.417956
      2094.0    21.963891   816.511298   475.535882   704.566476     4.448202   160.661305    70.811781    89.849524    58.789604    58.242864     0.428292   291.121737   286.396011    32.965088    11.711087     0.145322
      2095.0    22.688514   824.413679   477.460850   704.124861     4.579342   162.670071    71.260151    91.409919    58.912734    58.425959     0.425265   291.160215   286.431061    32.829170    10.909224    -0.045160
      2096.0    22.594328   832.415874   478.942311   703.726123     4.564335   164.062358    71.731362    92.330996    59.425948    59.665585     0.406398   291.220343   286.603012    32.711514    10.584317     0.638374
      2097.0    21.489831   840.497848   479.553600   703.362937     4.539914   163.536542    71.275719    92.260824    60.227330    59.229361     0.403544   291.550231   287.147702    32.562256    11.435069    -0.634782
      2098.0    24.161863   848.659661   480.839324   702.813844     4.712677   164.508868    72.441010    92.067858    59.091546    59.014220     0.401450   291.312783   286.799719    32.418518    12.141066     0.471766
      2099.0    22.804322   856.921288   482.198311   702.702871     4.879786   162.340591    70.712478    91.628113    59.211772    59.285331     0.400416   291.343675   286.706751    32.229759    10.068160     0.184533
      2100.0    21.397736   865.262693   481.408955   702.661982     4.701016   157.438938    68.232114    89.206824    58.149302    58.158488     0.399826   291.372880   286.749300    32.083679    10.862983     0.050075