        time     emission          CO2         cveg        csoil        fgco2         fgpp         fnpp           ra          frh     fvegsoil         fluc          tas     tas_land        cprod     fcvegout    fcsoilout
      1850.0     6.926848   283.688113   363.639494   620.810500     0.215768    96.365987    39.784465    56.581522    37.434750    37.805945     0.086075   285.776526   279.198060     4.480040     0.043208     0.108153
      1851.0     5.453004   286.521797   364.241208   620.683316     0.484747    95.940004    38.595351    57.344653    38.042717    37.809240     0.086075   286.105981   279.559469     4.475019     0.184397    -0.106294
      1852.0     6.359020   289.385414   363.509324   620.165906     0.724680    96.219039    39.244773    56.974266    38.108936    37.411344     0.086311   286.210982   279.801523     4.476703     2.565313    -0.180183
      1853.0     8.081633   292.288950   364.346892   620.090775     0.898436    97.251444    39.977533    57.273911    37.369873    37.958634     0.086075   285.882828   279.417100     4.474576     1.181332     0.663892
      1854.0     8.369099   295.202444   365.008402   620.340388     1.272243    97.076944    39.663583    57.413361    37.093229    37.530624     0.086075   285.892610   279.400137     4.479417     1.471449     0.187782
      1855.0     8.077646   298.155887   365.382279   620.682210     1.275585    98.243830    40.101097    58.142734    37.960524    38.020017     0.086075   286.099975   279.729382     4.480665     1.707204    -0.282330
      1856.0     8.250413   301.139232   365.765578   620.687823     1.302895    98.674152    40.142926    58.531226    37.845531    37.989716     0.086311   286.173336   279.944502     4.482103     1.769911     0.138572
      1857.0    11.072321   304.152509   367.818501   621.396321     1.509820   103.111910    42.886053    60.225857    38.008011    39.738797     0.086075   285.819642   279.242542     4.484777     1.094333     1.022288
      1858.0     9.421398   307.195749   369.080454   622.230144     1.690761   102.972870    42.232158    60.740712    39.233831    39.513357     0.086075   286.270700   279.956619     4.480732     1.456847    -0.554298
      1859.0     9.403951   310.268890   369.549334   622.685079     1.813345   101.848823    41.668825    60.179997    38.902030    39.331617     0.086075   286.285964   279.982812     4.494553     1.868329    -0.025348
      1860.0    10.398767   313.371994   371.144687   622.799524     1.980250   104.101047    42.591932    61.509115    39.055467    39.274425     0.086311   286.359958   280.142752     4.506720     1.722153     0.104513
      1861.0    11.404580   316.505000   372.841840   623.424873     1.680776   105.599365    43.685524    61.913840    38.873508    39.687916     0.086075   286.015684   279.705829     4.517651     2.300456     0.189058
      1862.0    11.824087   319.667968   375.227495   624.610185     1.939587   106.792175    44.044326    62.747849    39.063754    40.559820     0.086075   286.065913   279.590445     4.521609     1.098851     0.310754
      1863.0    12.273470   322.860838   377.689352   625.527253     2.095405   110.263387    45.539618    64.723769    40.303862    41.538225     0.086075   286.241236   279.899138     4.531125     1.539536     0.317294
      1864.0    10.783804   326.093658   378.989527   626.810932     2.343692   107.527988    43.674834    63.853154    40.290961    41.145936     0.086311   286.489335   280.183733     4.540024     1.228723    -0.428704
      1865.0    10.957533   329.356379   379.965624   627.323290     2.431530   107.032051    43.699639    63.332412    40.171933    40.683499     0.086075   286.534975   280.326066     4.548908     2.040042    -0.000792
      1866.0    12.754617   332.649063   382.203977   627.776466     2.497072   110.305335    45.529490    64.775845    40.416668    41.133443     0.086075   286.435794   280.309952     4.556020     2.157694     0.263598
      1867.0    13.722486   335.971649   385.210256   628.750084     2.422030   112.772545    46.809255    65.963290    40.584540    41.963636     0.086075   286.282788   279.904667     4.563537     1.839340     0.405478
      1868.0    13.439012   339.334154   387.997310   629.901334     2.625556   114.155493    47.038604    67.116889    41.474167    42.613215     0.086311   286.520078   280.249024     4.581996     1.638335    -0.012202
      1869.0    12.145573   342.726592   389.856122   631.014027     2.601889   111.808173    45.619316    66.188857    41.465109    42.454826     0.086075   286.707662   280.614037     4.594718     1.305677    -0.122976
      1870.0    13.116469   346.148992   391.799241   631.909802     2.561747   112.372811    46.388852    65.983960    41.198679    42.469552     0.086075   286.470367   280.012775     4.602541     1.976181     0.375098
      1871.0    13.806736   349.611281   394.493352   632.946415     2.787062   114.714961    47.418360    67.296600    41.857238    42.913381     0.086075   286.591476   280.188936     4.615747     1.810869     0.019531
      1872.0    13.025020   353.113460   396.866035   633.751286     2.871268   113.879048    46.394875    67.484173    41.854971    42.676692     0.086311   286.642141   280.557805     4.629674     1.345498     0.016849
      1873.0    16.002553   356.645601   399.737409   635.031287     3.044551   117.783905    49.152754    68.631152    41.812773    43.348514     0.086075   286.253359   279.973941     4.639942     2.932866     0.255739
      1874.0    16.432070   360.207674   404.438894   636.621827     3.047295   123.125386    51.385326    71.740061    43.526586    44.931191     0.086075   286.531240   280.091287     4.649036     1.752650    -0.185935
      1875.0    12.071138   363.809636   406.197587   637.760717     3.223030   116.641704    47.039419    69.602285    43.926769    44.944236     0.086075   287.083905   281.063589     4.659275     0.336490    -0.121424
      1876.0    14.640371   367.451518   407.779244   638.606928     3.167218   116.623702    48.113482    68.510219    42.391593    43.727666     0.086311   286.554532   280.410531     4.672286     2.804160     0.489862
      1877.0    16.511648   371.123362   411.733815   640.065169     3.292871   121.002184    50.394148    70.608037    43.030535    44.803883     0.086075   286.491989   279.950934     4.686844     1.635694     0.315107
      1878.0    13.050463   374.835096   414.083113   641.108657     3.207378   117.915777    47.722246    70.193531    43.853325    44.329528     0.086075   287.082146   280.956577     4.705258     1.043421    -0.567284
      1879.0    16.143439   378.586719   416.706486   641.806039     3.231023   120.351088    49.766123    70.584964    42.878543    43.812337     0.086075   286.728642   280.529244     4.723214     3.330414     0.236411
      1880.0    16.287055   382.368304   420.891261   643.288215     3.238690   123.259224    51.110280    72.148944    44.119481    45.984643     0.086311   286.680455   280.259728     4.739338     0.940862     0.382986
      1881.0    15.185168   386.189778   423.899974   644.671558     3.497315   122.138909    49.981547    72.157362    44.376875    45.874813     0.086075   287.030603   281.028474     4.747207     1.098022     0.114595
      1882.0    15.425678   390.051203   426.147495   645.710825     3.567656   121.904985    50.135428    71.769557    44.404655    45.284132     0.086075   286.942700   280.990917     4.758570     2.603775    -0.159790
      1883.0    17.312763   393.952486   429.646261   646.944422     3.687177   123.514536    51.380793    72.133743    44.047686    45.820186     0.086075   286.778408   280.556471     4.772328     2.061842     0.538903
      1884.0    15.219462   397.893720   432.552644   648.807053     3.863523   121.795817    49.752852    72.042965    44.701090    46.231796     0.086311   286.882242   280.609029     4.785145     0.614673    -0.331924
      1885.0    16.236477   401.874842   434.802235   649.829401     3.709072   122.849550    50.633947    72.215603    44.578331    45.700275     0.086075   286.853582   280.761543     4.800789     2.684081     0.099595
      1886.0    18.932579   405.895885   438.684639   651.242893     3.891576   127.917202    53.666969    74.250233    45.081859    46.372447     0.086075   286.654372   280.440075     4.814837     3.412118    -0.122905
      1887.0    17.906847   409.946859   443.161308   653.154782     3.549962   128.477996    53.323161    75.154835    45.490466    48.121968     0.086075   286.577324   280.320676     4.829214     0.724524     0.719613
      1888.0    17.669400   414.047740   446.754615   655.177187     3.892753   128.695126    52.971496    75.723630    45.797800    47.845284     0.086311   286.834236   280.788916     4.844227     1.532905     0.025080
      1889.0    15.681839   418.188511   449.036108   656.514925     3.746185   125.685802    51.365845    74.319957    46.272480    46.651627     0.086075   287.169472   281.202888     4.862227     2.432725    -0.958591
      1890.0    18.343854   422.369201   452.718507   657.616635     3.525234   129.637890    54.123782    75.514108    46.092208    48.285260     0.086075   286.852305   280.614414     4.877017     2.156123     1.091342
      1891.0    19.148816   426.599768   457.322086   659.521657     3.896861   132.392639    55.286908    77.105731    46.906412    48.809457     0.086075   286.888423   280.656782     4.889523     1.873872    -0.001977
      1892.0    15.766537   430.860298   460.371687   661.247207     4.007313   128.596383    52.215657    76.380726    47.340893    48.664210     0.086311   287.179077   281.153165     4.901810     0.501847    -0.402233
      1893.0    16.634529   435.170704   462.234101   662.291330     4.055249   125.972565    51.757790    74.214776    46.237974    47.224455     0.086075   286.932996   280.812972     4.911059     2.670921    -0.057643
      1894.0    22.432368   439.520999   466.877757   663.824426     3.972538   135.703266    58.204805    77.498461    46.733832    49.378225     0.086075   286.600406   280.432283     4.919338     4.182924     1.111297
      1895.0    18.515617   443.921202   472.468384   666.432232     4.066055   134.359823    55.479050    78.880773    48.188133    50.204166     0.086075   286.850585   280.750908     4.931365    -0.315744    -0.591772
      1896.0    17.591440   448.361294   474.700345   667.865191     3.977070   132.535907    54.622732    77.913175    48.168943    49.221687     0.086311   287.001235   280.949919     4.941050     3.169084    -0.380214
      1897.0    20.306685   452.841335   479.199686   669.509635     3.971095   136.510350    57.201519    79.308832    48.068924    50.723139     0.086075   286.853798   280.784772     4.954738     1.979040     1.009770
      1898.0    18.895541   457.371254   483.537675   671.399187     3.897976   136.884808    57.027476    79.857332    49.319838    51.123557     0.086075   287.256390   281.209789     4.969355     1.565930    -0.085832
      1899.0    17.910502   461.941062   486.340845   672.782439     3.925828   134.071065    55.173912    78.897154    48.722032    49.611317     0.086075   287.253544   281.386583     4.979483     2.759423    -0.493967
      1900.0    19.533175   466.560776   490.617184   674.367534     4.259451   137.119017    57.125105    79.993911    49.320874    51.229072     0.086075   287.311867   281.175320     4.989027     1.619694     0.323103
      1901.0    18.851271   471.230368   494.421401   675.739232     4.129628   137.560883    56.919444    80.641439    49.796387    51.296691     0.086075   287.493137   281.654753     5.004491     1.818536     0.128606
      1902.0    19.522557   475.939879   497.892621   676.886639     4.275253   138.705284    57.532776    81.172508    50.013493    50.925503     0.086075   287.491253   281.568028     5.024561     3.136052    -0.235397
      1903.0    20.391169   480.699267   502.494582   678.475177     4.378552   139.823093    58.191542    81.631552    49.928047    52.169545     0.086075   287.384384   281.572770     5.038267     1.420036     0.652960
      1904.0    20.425031   485.508562   506.214809   680.323476     4.362549   141.232556    58.812385    82.420172    50.561850    52.454110     0.086311   287.541422   281.636885     5.059690     2.638048     0.043961
      1905.0    18.549193   490.357776   509.388266   682.237534     4.308830   137.690233    56.708377    80.981857    50.377173    51.582078     0.086075   287.487498   281.476737     5.072553     1.952842    -0.709154
      1906.0    19.849964   495.266825   512.895458   683.552697     4.271552   140.068569    58.193533    81.875035    50.586416    52.200807     0.086075   287.576036   281.627877     5.088080     2.485535     0.299227
      1907.0    19.405615   500.215793   516.428790   685.063405     4.240920   139.883612    57.824365    82.059247    50.814176    52.496600     0.086075   287.448174   281.645007     5.107727     1.794432     0.171716
      1908.0    20.794462   505.224655   520.944627   686.619690     4.374808   143.596279    59.431015    84.165264    51.302971    53.400735     0.086311   287.600476   281.608532     5.117576     1.514444     0.541479
      1909.0    17.621865   510.273407   523.472767   687.784323     4.491914   138.896412    56.488176    82.408236    51.721335    52.241413     0.086075   288.020130   282.069435     5.131971     1.718622    -0.644554
      1910.0    21.346085   515.372066   526.326625   688.437906     4.543866   143.456248    59.942869    83.513379    51.562630    52.470114     0.086075   287.863002   281.871757     5.143702     4.618896     0.253901
      1911.0    21.680807   520.530559   531.551636   690.016717     4.353038   145.535618    60.743552    84.792067    51.964851    53.701182     0.086075   287.935718   282.173764     5.151379     1.817359     0.157519
      1912.0    20.169700   525.738928   536.340691   691.441342     4.408473   145.725261    59.896994    85.828267    52.737254    54.730928     0.086311   288.040676   282.417723     5.163316     0.377011     0.569050
      1913.0    21.119817   530.987248   539.285954   693.072057     4.402019   144.960534    60.180660    84.779874    52.213197    53.534254     0.086075   287.906482   282.013978     5.175519     3.701143    -0.309658
      1914.0    20.449311   536.305419   543.579225   694.398563     4.559072   145.243710    59.905155    85.338555    52.914454    54.153340     0.086075   288.079949   282.153270     5.186255     1.458543    -0.087620
      1915.0    20.108945   541.663480   546.870044   695.441286     4.588519   145.290544    59.883873    85.406671    53.340881    54.101489     0.086075   288.234546   282.448555     5.194057     2.491566    -0.282115
      1916.0    21.756445   547.081404   550.629210   696.226345     4.534292   147.148768    61.209204    85.939564    53.038910    54.462959     0.086311   288.190858   282.640644     5.203789     2.987079     0.638990
      1917.0    22.500325   552.549266   555.729010   698.060628     4.658573   149.850603    62.463966    87.386637    53.731137    55.690041     0.086075   288.083943   282.267430     5.212490     1.674125     0.124621
      1918.0    21.125930   558.076932   559.220524   699.494395     4.797976   147.513309    60.852847    86.660463    53.752797    54.904319     0.086075   288.318165   282.676619     5.220318     2.457014    -0.282244
      1919.0    21.305530   563.654474   563.275412   701.014601     4.645623   149.394333    61.812024    87.582309    54.392454    56.181544     0.086075   288.402108   282.791210     5.230691     1.575591     0.268884
      1920.0    21.561343   569.291942   566.698340   702.224128     4.684017   150.483288    62.346411    88.136877    54.837788    55.912876     0.086311   288.417811   282.745514     5.242386     3.010608    -0.134439
      1921.0    21.918488   574.989273   570.279883   703.271276     4.854362   150.239059    62.169283    88.069775    54.640627    56.097120     0.086075   288.540066   283.120427     5.252559     2.490621     0.409346
      1922.0    22.812446   580.736482   574.233436   704.765039     4.769749   150.717041    62.724050    87.992991    54.435279    55.758520     0.086075   288.076861   282.340295     5.262752     3.011977    -0.170522
      1923.0    21.071543   586.543493   578.570961   706.567306     4.847114   151.186744    62.000914    89.185830    55.544330    57.677730     0.086075   288.605701   283.171975     5.269667    -0.014341     0.331132
      1924.0    22.618232   592.410430   581.160670   707.661822     4.624053   152.448434    63.360239    89.088195    55.316611    56.288383     0.086311   288.465730   282.837259     5.278094     4.482147    -0.122744
      1925.0    23.069178   598.337231   585.852918   709.125142     4.782601   154.252085    64.229605    90.022480    55.931970    57.673011     0.086075   288.597254   283.070031     5.284811     1.864347     0.277720
      1926.0    19.657238   604.313908   588.891200   710.483335     4.793751   149.095942    60.525171    88.570771    55.766885    56.800080     0.086075   288.835266   283.412093     5.294714     0.686809    -0.324997
      1927.0    22.302732   610.360438   590.835636   711.204917     4.751605   150.283118    62.441948    87.841170    55.134225    55.663429     0.086075   288.626773   283.052036     5.304873     4.834083    -0.192377
      1928.0    24.794717   616.466892   596.139471   712.500172     4.690678   157.119028    65.919305    91.199723    56.068388    58.509702     0.086311   288.454250   282.718967     5.314780     2.105768     1.146059
      1929.0    21.058480   622.633150   599.979805   714.185796     4.779097   152.535805    62.328308    90.207498    56.643160    57.426657     0.086075   288.819177   283.292725     5.323748     1.061318    -0.902128
      1930.0    21.357993   628.859272   602.528495   714.846766     4.575075   152.958726    62.633248    90.325478    56.518778    57.464663     0.086075   289.001960   283.662242     5.332002     2.619894     0.284916
      1931.0    22.978663   635.145258   605.568065   715.618146     4.970987   154.755511    64.098215    90.657297    56.754389    57.485493     0.086075   288.997285   283.734458     5.341387     3.573151    -0.040276
      1932.0    24.106557   641.491109   609.990498   717.032672     4.924961   157.754308    65.656939    92.097369    57.231350    59.139684     0.086311   288.792217   283.444779     5.349752     2.094822     0.493809
      1933.0    23.317982   647.906811   613.756245   718.726465     4.967573   156.861267    64.703174    92.158093    57.273574    58.580957     0.086075   288.893746   283.439140     5.359866     2.356470    -0.386411
      1934.0    20.883906   654.392365   616.850791   719.467841     4.762277   155.175817    63.188531    91.987285    58.139939    59.143381     0.086075   289.251138   283.907263     5.370480     0.950604     0.262066
      1935.0    21.009610   660.937783   618.471053   719.653764     4.786944   154.046091    63.070811    90.975280    58.140852    57.891369     0.086075   289.456001   284.155416     5.378049     3.559181    -0.435407
      1936.0    23.590754   667.543126   621.842617   719.964993     4.861450   157.336024    65.183365    92.152659    57.844488    58.611468     0.086311   289.377008   283.944170     5.384349     3.200333     0.455751
      1937.0    23.307277   674.218199   625.577487   720.869159     4.989692   156.392898    64.330606    92.062292    57.548293    58.384676     0.086075   289.121677   283.767867     5.390359     2.211061    -0.067783
      1938.0    23.958355   680.963185   629.536364   721.795119     4.814267   159.991517    66.329779    93.661738    58.649195    59.946257     0.086075   289.203920   283.928238     5.395835     2.424645     0.371102
      1939.0    24.433332   687.768035   633.156014   722.735129     4.933160   161.172606    66.769226    94.403380    58.957039    59.806270     0.086075   289.333346   283.956027     5.403745     3.343307    -0.090779
      1940.0    22.302465   694.652724   636.443300   723.993266     5.140495   158.382612    64.755003    93.627609    59.410961    60.681358     0.086311   289.513769   284.179304     5.411130     0.786357     0.012260
      1941.0    23.403218   701.597217   638.750357   724.676124     4.869165   157.470340    64.923606    92.546734    58.393504    59.339679     0.086075   289.374705   283.886033     5.418814     3.276870     0.263317
      1942.0    23.559519   708.611622   641.792754   725.309990     4.924246   158.136884    65.219164    92.917721    58.810998    59.012320     0.086075   289.401066   284.212970     5.429266     3.164447    -0.432544
      1943.0    24.083488   715.695818   645.578976   725.960998     4.967225   159.520806    65.681825    93.838981    58.751567    60.202267     0.086075   289.309009   284.195996     5.434284     1.693336     0.799692
      1944.0    24.817737   722.849927   648.890762   727.013641     5.131444   162.921653    67.289451    95.632202    59.982371    60.820875     0.086311   289.479619   284.472554     5.438976     3.156790    -0.214139
      1945.0    22.702025   730.083814   651.515859   727.796738     5.120822   158.939857    64.760938    94.178919    59.689694    60.147119     0.086075   289.676321   284.741067     5.442802     1.988722    -0.325672
      1946.0    24.705232   737.387553   653.724175   728.456216     4.864162   159.468324    65.992631    93.475693    58.860225    59.877693     0.086075   289.323204   284.006109     5.452532     3.906621     0.357991
      1947.0    25.145171   744.761082   657.942010   729.276959     4.797897   162.968129    67.394685    95.573444    59.962306    61.098984     0.086075   289.376671   283.925637     5.454655     2.077867     0.315935
      1948.0    22.353039   752.204525   660.534164   729.932109     4.797503   160.561419    65.253526    95.307893    60.648294    60.873629     0.086311   289.799373   284.689575     5.464992     1.787742    -0.429815
      1949.0    24.345169   759.727745   662.860986   730.304812     5.127265   160.844214    66.303560    94.540654    60.299438    60.915969     0.086075   289.761217   284.600588     5.477110     3.060770     0.243828
      1950.0    25.598946   767.320879   666.791607   730.615298     5.100140   165.400325    68.198126    97.202199    60.948254    61.599146     0.086075   289.859752   284.882898     5.488617     2.668358     0.340406
      1951.0    23.800898   774.993729   668.799159   731.597157     5.152299   159.731036    65.244882    94.486154    60.070074    60.363258     0.086075   289.637007   284.470531     5.501227     2.874072    -0.688675
      1952.0    24.820354   782.746480   671.515485   732.013494     5.159539   162.345552    66.517205    95.828347    60.423320    61.224236     0.086311   289.810018   284.931792     5.510573     2.576643     0.384579
      1953.0    23.298125   790.579070   673.443279   732.568537     5.092106   158.885923    64.502197    94.383726    60.254843    60.771258     0.086075   289.841464   284.786164     5.515428     1.803145    -0.038628
      1954.0    26.323567   798.481451   676.458866   732.826450     5.045753   163.497460    67.659665    95.837795    60.383089    60.916689     0.086075   289.648866   284.538576     5.516523     3.727389     0.275687
      1955.0    24.782487   806.463671   679.885678   733.508354     5.031707   163.704830    67.007308    96.697522    61.448662    62.234317     0.086075   289.961975   284.881911     5.524819     1.346180     0.103752
      1956.0    24.046060   814.525731   681.448231   733.914562     5.114241   161.409309    65.764834    95.644474    61.200471    61.050987     0.086311   290.026748   285.078353     5.528592     3.151295    -0.555692
      1957.0    25.193363   822.677556   683.818735   734.092349     5.164454   162.119895    66.358011    95.761884    60.862204    61.408277     0.086075   289.845853   284.860579     5.530066     2.579230     0.368286
      1958.0    25.067620   830.899233   686.216595   734.506095     5.160251   162.625908    66.279690    96.346218    60.987272    61.971861     0.086075   289.812932   284.730297     5.537085     1.909968     0.570842
      1959.0    24.620326   839.210737   687.500961   735.306174     5.010375   160.595454    65.482929    95.112525    60.725929    60.950336     0.086075   289.909886   285.087942     5.540656     3.248227    -0.575672
      1960.0    26.843253   847.602019   690.545318   735.556618     4.967172   164.664391    67.959862    96.704529    61.145075    61.905970     0.086311   289.856772   284.789857     5.547542     3.009535     0.510451
      1961.0    25.085272   856.083128   693.344111   736.082789     5.126551   163.604697    66.466064    97.138633    61.598006    62.103919     0.086075   290.194519   285.333306     5.549645     1.563352    -0.020259
      1962.0    25.464475   864.644076   694.749636   736.262295     5.132275   163.468379    66.794394    96.673985    61.828058    61.854588     0.086075   290.350654   285.550769     5.552415     3.534281    -0.152975
      1963.0    25.522700   873.284803   697.258669   736.124067     5.049829   163.919031    66.567140    97.351891    61.656821    61.551759     0.086075   290.396521   285.617740     5.553493     2.506348     0.033165
      1964.0    26.135624   882.015356   699.475123   736.380881     5.132529   163.658625    66.672268    96.986357    61.421847    61.888676     0.086311   290.265554   285.193899     5.555201     2.567138     0.210015
      1965.0    25.157413   890.835736   701.826981   736.320532     5.002677   164.342723    66.565713    97.777010    62.404326    62.153188     0.086075   290.439335   285.621412     5.561572     2.060667    -0.190788
      1966.0    26.341768   899.745882   703.167688   736.147201     5.339894   164.023459    66.797322    97.226137    61.764780    61.301006     0.086075   290.402223   285.615227     5.562662     4.155609    -0.290443
      1967.0    25.265332   908.745855   705.621667   736.258828     5.254049   163.593169    66.099245    97.493924    62.317963    63.095928     0.086075   290.524512   285.791036     5.565077     0.549338     0.666338
      1968.0    24.493166   917.835594   705.880765   736.074109     5.142764   161.236305    64.902440    96.333865    62.012159    61.106575     0.086311   290.763538   286.142526     5.567792     3.536766    -0.720865
      1969.0    28.009014   927.015159   708.261049   735.707058     5.188329   164.936772    67.572402    97.364370    61.331257    61.611451     0.086075   290.380223   285.512989     5.571111     3.580668     0.647245
      1970.0    26.995358   936.284490   710.852660   736.078527     5.248583   164.730413    67.040916    97.689497    62.084752    62.644971     0.086075   290.552987   285.817405     5.570505     1.804334     0.188750
      1971.0    24.956720   945.643648   711.730524   736.318277     5.019591   161.897915    64.794957    97.102958    61.908359    62.133073     0.086075   290.813287   286.114599     5.571080     1.784019    -0.015035
      1972.0    27.107127   955.102560   712.426588   736.062060     5.134036   162.993468    66.403311    96.590157    61.658502    61.510898     0.086311   290.537210   285.784449     5.571436     4.196349     0.108612
      1973.0    28.001524   964.651298   715.210489   736.234941     5.030908   165.174325    67.541622    97.632704    61.914966    61.896543     0.086075   290.574689   285.817126     5.568542     2.861177    -0.191305
      1974.0    28.319164   974.299790   718.235218   735.974729     4.975800   168.307546    68.704132    99.603414    62.787689    63.028009     0.086075   290.654306   285.981153     5.570114     2.651394     0.500532
      1975.0    28.224417   984.038108   720.401468   736.547935     5.076783   167.914275    68.119436    99.794838    62.697347    63.790482     0.086075   290.661403   285.934647     5.571931     2.162704     0.519929
      1976.0    24.845101   993.876241   720.812993   737.017286     4.931888   163.366778    65.067128    98.299649    63.118917    62.458558     0.086311   291.218646   286.787666     5.576657     2.197045    -1.129709
      1977.0    27.985567  1003.863943   721.815917   736.259503     5.298771   164.653129    66.752071    97.901058    62.350655    61.994969     0.086075   291.034296   286.624651     5.585533     3.754178     0.402097
      1978.0    28.332770  1013.841718   723.951149   736.034045     5.160860   166.334298    67.353384    98.980915    62.512498    62.370837     0.086075   290.933418   286.299937     5.590344     2.847315     0.083797
      1979.0    26.796295  1024.019122   725.296969   736.132183     5.031947   163.919824    65.676350    98.243474    62.515484    62.918151     0.086075   291.215003   286.953457     5.592820     1.412379     0.304529
      1980.0    28.057150  1034.196404   726.186145   735.964122     5.176306   166.485260    67.567684    98.917575    63.266255    62.705633     0.086311   291.280682   286.738467     5.593969     3.972875    -0.392560
      1981.0    27.526789  1044.573314   727.324503   735.074671     5.153774   164.999915    66.188897    98.811017    62.897247    61.602069     0.086075   291.493185   286.877549     5.595850     3.448471    -0.405727
      1982.0    29.004755  1055.049978   729.810306   734.225392     5.245597   169.774092    68.572289   101.201802    64.025935    64.169664     0.086075   291.493150   287.024335     5.601330     1.916822     0.993008
      1983.0    26.986248  1065.526642   730.320614   734.406428     5.128981   164.539343    65.716429    98.822914    63.063820    62.885362     0.086075   291.405429   287.088996     5.607714     2.320760    -0.359494
      1984.0    29.131830  1076.202813   731.571978   734.068986     5.066591   167.771078    67.777677    99.993401    63.301628    63.153606     0.086311   291.377320   286.917779     5.607041     3.372707     0.189419
      1985.0    28.091803  1086.978859   732.251251   733.975155     4.910455   164.991964    65.977725    99.014239    62.699911    62.622171     0.086075   291.552987   287.162659     5.609694     2.676280     0.016092
      1986.0    27.573537  1097.854658   732.164194   733.398759     4.829093   162.530480    65.095086    97.435394    62.527354    61.659706     0.086075   291.547361   287.099589     5.610021     3.522437    -0.291252
      1987.0    29.344931  1108.830211   733.547612   732.622007     5.070006   164.997831    66.289800    98.708031    62.339270    61.784924     0.086075   291.591075   287.212186     5.615733     3.121457     0.222406
      1988.0    28.698168  1119.905517   735.354794   732.051722     4.996054   166.879079    66.663366   100.215713    63.515329    63.088774     0.086311   291.575323   287.182236     5.622079     1.767410     0.143729
      1989.0    28.769886  1131.080577   736.110184   731.091982     5.021903   165.859986    66.205300    99.654687    63.314506    62.441648     0.086075   291.851703   287.437386     5.618968     3.008262     0.086882
      1990.0    28.605998  1142.455265   736.543045   730.465540     5.046785   165.518562    66.067503    99.451059    63.595174    62.785503     0.086075   292.039116   287.649277     5.619535     2.849139    -0.183229
      1991.0    28.718648  1153.829953   736.909776   729.589493     4.999564   164.311396    65.506606    98.804790    63.032227    62.151835     0.086075   292.126619   287.857373     5.617312     2.988040    -0.004344
      1992.0    30.048981  1165.404148   737.892956   728.700822     5.268109   166.033148    66.149634    99.883513    62.944555    62.222094     0.086311   291.949827   287.603569     5.622000     2.944360     0.166210
      1993.0    29.295326  1177.078096   738.437401   728.267513     5.106284   162.206006    64.060797    98.145210    61.765817    61.680524     0.086075   291.980820   287.651006     5.622561     1.835829     0.348015
      1994.0    28.324855  1188.851920   737.479064   727.462965     5.250979   160.278710    63.327182    96.951529    62.281615    60.924036     0.086075   292.192645   287.868680     5.626555     3.361482    -0.553031
      1995.0    30.015911  1200.725497   738.167024   726.538973     5.161352   163.075140    65.102070    97.973069    62.511427    61.902486     0.086075   292.327045   288.180743     5.627605     2.511624     0.315052
      1996.0    31.032846  1212.698827   739.111494   725.475655     5.338743   164.962882    65.502933    99.459949    62.261002    61.503320     0.086311   292.329134   288.171526     5.627991     3.055142     0.305636
      1997.0    30.865608  1224.871664   739.599582   724.821244     5.486976   164.272317    64.892589    99.379729    62.448877    61.869072     0.086075   292.298760   288.096161     5.629555     2.535429     0.074606
      1998.0    30.618011  1237.144376   740.160264   724.165838     5.245023   164.783004    65.279540    99.503464    62.983159    62.128514     0.086075   292.411195   288.413814     5.629288     2.590344    -0.199239
      1999.0    31.445256  1249.516842   740.444902   722.788872     5.178742   165.142475    65.797916    99.344559    62.797624    61.411387     0.086075   292.559023   288.544830     5.627010     4.101890    -0.009271