        time     emission          CO2         cveg        csoil        fgco2         fgpp         fnpp           ra          frh     fvegsoil         fluc          tas     tas_land        cprod     fcvegout    fcsoilout
      1850.0    -0.782742   284.614249   506.577388  1708.000543    -0.058811    86.193382    39.713748    46.479634    37.565774    35.626287     0.000000   286.833588   281.603939     0.000000     2.088504          0.0
      1851.0    -0.448519   284.464229   507.594252  1706.934703    -0.345696    89.298734    40.770965    48.527769    37.834896    36.769056     0.226044   286.911260   281.596412     0.794901     2.985045          0.0
      1852.0     0.153810   284.384087   507.629023  1706.742511    -0.341080    89.547689    41.565371    47.982318    38.096525    37.904333     0.240591   286.851771   281.554870     1.514271     3.626267          0.0
      1853.0    -0.389937   284.393525   508.057212  1707.233972    -0.311068    88.559528    39.791459    48.768069    36.484223    36.975684     0.253292   286.820777   281.409594     2.157354     2.387587          0.0
      1854.0    -0.804425   284.831096   505.577434  1707.480667    -0.063122    83.846562    38.443911    45.402650    37.170066    37.416762     0.266718   286.908381   281.707688     2.729000     3.506927          0.0
      1855.0     1.905590   284.779863   506.949361  1706.978429    -0.177562    89.933055    42.315164    47.617892    36.771568    36.269330     0.279404   286.538514   280.902575     3.225332     4.673907          0.0
      1856.0    -0.479204   284.853396   506.862554  1707.192486     0.216197    88.077228    40.006931    48.070297    37.577362    37.791419     0.294021   286.905794   281.518088     3.653014     2.302319          0.0
      1857.0     1.158360   285.222945   505.853230  1707.027374     0.473777    86.303391    39.751834    46.551557    36.966313    36.801201     0.305897   286.867875   281.434143     4.011060     3.959958          0.0
      1858.0     0.513397   285.533272   505.917718  1706.882953     0.326518    87.385051    40.131535    47.253516    37.243293    37.098871     0.318913   286.871903   281.443084     4.302410     2.968176          0.0
      1859.0    -0.207473   286.074671   504.742192  1706.541628     0.354407    85.646846    38.994016    46.652830    37.407725    37.066400     0.331503   287.089345   281.850920     4.527318     3.103141          0.0
      1860.0     0.240475   286.049590   504.408251  1706.007250     0.252296    87.172365    40.471501    46.700864    37.155192    36.620814     0.344981   286.856663   281.591101     4.635892     4.184629          0.0
      1861.0     1.088996   286.346629   504.633912  1706.063712     0.145858    87.805120    40.553918    47.251202    37.132182    37.188644     0.234814   286.819327   281.399379     4.392282     3.139613          0.0
      1862.0     0.958954   286.591856   505.011732  1705.905500     0.197834    89.016790    41.190584    47.826206    37.892723    37.734511     0.230095   286.803805   281.388029     4.170469     3.078252          0.0
      1863.0     0.753402   286.845919   505.287792  1705.817486     0.180467    87.616536    40.181303    47.435233    37.171767    37.083753     0.226442   286.886770   281.581292     3.973911     2.821490          0.0
      1864.0    -0.084673   286.934400   504.215884  1705.700405     0.166940    84.999945    39.089242    45.910703    36.743933    36.626852     0.222158   286.944323   281.750122     3.799925     3.534298          0.0
      1865.0     1.420940   286.781384   505.919354  1705.811630     0.338537    89.729148    41.665728    48.063419    36.842389    36.953613     0.217270   286.723087   281.276076     3.649630     3.008645          0.0
      1866.0     0.081715   287.191323   505.538626  1705.835122     0.290402    87.819809    40.072365    47.747443    37.977551    38.001043     0.213704   287.058939   281.833867     3.526656     2.452050          0.0
      1867.0    -0.291574   287.613310   504.605114  1705.220020     0.030190    85.884738    39.487710    46.397029    38.023244    37.408142     0.209233   287.122183   281.903488     3.427220     3.013080          0.0
      1868.0     1.619680   287.861098   504.912981  1705.164631     0.441711    87.054413    40.350114    46.704299    36.664442    36.609053     0.205037   286.801146   281.398034     3.352412     3.433194          0.0
      1869.0    -0.472205   287.934109   504.062556  1705.866171     0.399359    83.939950    38.843719    45.096231    36.700537    37.402076     0.199465   286.927195   281.587248     3.301920     2.292068          0.0
      1870.0     0.693388   288.187706   504.355499  1704.860811     0.165595    87.395761    40.430167    46.965594    37.494962    36.489602     0.196103   287.131085   281.932677     3.309528     3.647623          0.0
      1871.0     0.226364   288.443410   503.652713  1704.643634     0.299331    85.905233    39.734618    46.170615    37.129789    36.912612     0.415457   286.988423   281.805177     4.092388     3.524791          0.0
      1872.0     1.071159   288.427579   503.868044  1704.346345     0.269723    89.256739    41.367629    47.889109    37.122705    36.825416     0.431620   286.847611   281.503789     4.792367     4.326883          0.0
      1873.0     1.063017   288.814559   502.970031  1704.576408     0.531532    87.489120    40.172066    47.317054    37.481165    37.711228     0.447539   286.961974   281.688281     5.411525     3.358851          0.0
      1874.0     1.794758   288.905057   504.172326  1704.240542     0.494152    91.564442    42.033383    49.531059    37.535842    37.199976     0.465132   286.904402   281.739390     5.958426     3.631112          0.0
      1875.0    -0.023191   289.088692   502.961542  1705.411775     0.517977    86.351526    39.121245    47.230281    36.625426    37.796660     0.479200   286.912982   281.717275     6.416024     2.535368          0.0
      1876.0     0.354443   289.466882   501.482982  1705.411532     0.217529    86.364778    39.622350    46.742427    37.110999    37.110756     0.493943   286.863098   281.548225     6.788810     3.990155          0.0
      1877.0     1.083427   289.512004   501.602143  1705.058466     0.464046    90.003190    42.010523    47.992667    38.204127    37.851061     0.510350   287.052838   281.812301     7.099942     4.040300          0.0
      1878.0     1.997627   289.876988   501.879240  1705.049753     0.386177    90.653344    42.005588    48.647756    38.032074    38.023361     0.526222   287.166282   281.913707     7.337177     3.705130          0.0
      1879.0     1.931174   290.383743   501.471623  1705.774518     0.337926    88.801620    41.280358    47.521262    37.295663    38.020428     0.541796   286.791853   281.472706     7.504177     3.667547          0.0
      1880.0    -0.104498   290.427514   501.045997  1706.854122     0.244493    87.487806    40.483525    47.004281    37.308061    38.387665     0.560861   286.580169   281.045709     7.560991     2.521485          0.0
      1881.0     0.072138   290.917408   499.965085  1706.481276     0.187627    87.861628    40.502297    47.359331    38.084944    37.712098     0.455181   287.221871   282.219160     7.433958     3.871111          0.0
      1882.0     2.496501   291.348782   500.342659  1706.154189     0.670547    89.342385    41.386365    47.956020    37.248005    36.920918     0.453366   286.907762   281.560264     7.315000     4.087873          0.0
      1883.0     0.820498   291.222248   500.044890  1706.221138     0.642467    89.296743    41.535109    47.761634    38.076744    38.143693     0.450471   286.909426   281.722611     7.200147     3.689185          0.0
      1884.0     2.004227   291.359445   500.589450  1706.780598     0.575762    89.979321    41.819379    48.159943    37.178815    37.738275     0.449191   286.711829   281.335505     7.097073     3.536544          0.0
      1885.0     1.447189   291.369958   501.045399  1707.570754     0.065652    90.134571    41.646866    48.487706    36.863455    37.653611     0.444833   286.597392   281.090036     7.002642     3.537305          0.0
      1886.0     0.567989   291.723493   500.603500  1708.172825     0.351217    87.715196    39.536187    48.179009    36.673297    37.275368     0.441888   286.714829   281.272997     6.915491     2.702718          0.0
      1887.0     2.648814   292.158872   499.560658  1709.128828     0.587405    88.449755    41.433870    47.015885    37.050471    38.006474     0.439193   286.591453   280.967595     6.837116     4.470239          0.0
      1888.0     2.127767   292.499734   499.848282  1709.472020     0.451623    90.313676    42.071382    48.242294    37.817186    38.160378     0.438176   286.692230   281.391384     6.772595     3.623380          0.0
      1889.0     3.215384   292.907621   501.175519  1710.204757     0.034437    91.929195    42.498315    49.430880    36.770763    37.503500     0.434760   286.380610   280.864622     6.720359     3.667578          0.0
      1890.0     1.336444   293.068813   500.685560  1712.210972     0.208393    90.033142    41.415524    48.617618    37.322302    39.328516     0.431388   286.511492   281.026610     6.690867     2.576967          0.0
      1891.0     0.779902   293.408346   499.708776  1712.938185    -0.332855    90.033846    41.227947    48.805900    37.742704    38.469917     0.534302   286.650179   281.216234     6.972440     3.734814          0.0
      1892.0     1.867665   293.911318   499.144013  1713.926149     0.272765    88.068764    40.596575    47.472189    36.699278    37.687243     0.544188   286.586134   281.123627     7.224054     3.474096          0.0
      1893.0     1.120643   294.449237   498.354541  1714.028060     0.156777    89.463768    41.111863    48.351905    38.158641    38.260552     0.551663   286.982769   281.726548     7.441933     3.640783          0.0
      1894.0     0.837757   294.810786   498.429530  1714.060639     0.440267    89.303980    40.466423    48.837557    37.704176    37.736755     0.561346   287.001265   281.717789     7.627993     2.654679          0.0
      1895.0     2.898508   294.941623   498.988511  1714.447474     0.514036    92.880353    43.209907    49.670446    37.813259    38.200095     0.568549   286.731791   281.194012     7.773335     4.450830          0.0
      1896.0     1.312727   295.411535   498.049984  1715.646878     0.539847    89.376285    41.225140    48.151145    38.191804    39.391208     0.581186   286.909668   281.405327     7.890664     2.772459          0.0
      1897.0     2.671323   296.200772   497.304790  1716.414332     0.757512    89.186790    41.339272    47.847518    37.510069    38.277523     0.588658   286.807602   281.347498     7.970518     3.806943          0.0
      1898.0     3.073274   296.313422   498.149737  1716.418990     0.689854    94.119419    43.741337    50.378082    38.051213    38.055871     0.601749   286.727613   281.394682     8.022437     4.840519          0.0
      1899.0     1.961793   296.544725   498.240709  1717.415602     0.520371    91.350002    41.615198    49.734804    37.470899    38.467510     0.611200   286.673881   281.212467     8.049715     3.056715          0.0
      1900.0     1.962791   296.945596   497.600492  1718.863056     0.523390    90.103413    41.225365    48.878048    37.249095    38.696550     0.620113   286.666379   281.073453     8.027164     3.169032          0.0
      1901.0     2.977165   297.285289   498.123930  1718.810656     0.395441    95.134517    44.142588    50.991929    39.126789    39.074389     0.554050   286.828959   281.597336     7.915037     4.544761          0.0
      1902.0     2.118314   297.307080   499.708664  1719.631217     0.249980    96.241085    43.972982    52.268103    38.794030    39.614591     0.557128   286.628310   281.245080     7.810063     2.773656          0.0
      1903.0     1.538769   297.783836   498.510914  1721.224834     0.792087    91.675168    41.603741    50.071427    38.385653    39.979270     0.560117   286.731168   281.356225     7.712361     2.822221          0.0
      1904.0     0.848598   298.138281   497.769559  1721.187652     0.114776    93.215923    42.656178    50.559746    39.017456    38.980274     0.561365   286.677875   281.400112     7.616526     4.417258          0.0
      1905.0     3.246792   298.368923   498.231335  1722.312368     0.159677    93.613317    44.050420    49.562898    37.738610    38.863326     0.560995   286.240859   280.590403     7.534133     4.725318          0.0
      1906.0     1.866939   298.480177   498.512374  1723.686178     0.082836    93.138657    42.740960    50.397697    37.905746    39.279555     0.563881   286.545253   280.974687     7.460174     3.180365          0.0
      1907.0     0.389130   299.024762   497.333860  1724.769701     0.372567    88.709785    39.713130    48.996654    37.579716    38.663239     0.564355   286.783008   281.465104     7.392102     2.228405          0.0
      1908.0     1.637957   299.552387   496.286532  1725.344151     0.455529    88.185750    40.433121    47.752629    37.297925    37.872375     0.566637   286.652680   281.179444     7.339880     3.608074          0.0
      1909.0     2.744778   300.171886   496.645083  1725.947202     0.357620    91.836338    42.652565    49.183773    38.067910    38.670961     0.562346   286.721139   281.282699     7.291135     3.623053          0.0
      1910.0     3.999734   300.815678   496.059549  1727.390545     0.541421    90.274779    42.426289    47.848490    37.240656    38.684000     0.560447   286.484405   280.881554     7.255718     4.327823          0.0
      1911.0     2.465124   301.159999   497.229617  1728.400410     0.204008    93.198778    42.874889    50.323889    38.094807    39.104672     0.415875   286.633208   281.009111     7.146743     2.600149          0.0
      1912.0     2.995507   301.625754   497.176591  1729.830606     0.895221    91.263249    41.816515    49.446734    37.458127    38.888323     0.414436   286.611355   281.144822     7.056025     2.981218          0.0
      1913.0     3.543265   302.424821   496.763966  1731.016108     0.768006    90.794530    42.204889    48.589641    38.079656    39.265158     0.411846   286.556855   281.030986     6.978031     3.352356          0.0
      1914.0     3.475743   302.941689   497.860007  1731.900060     0.658568    92.302830    42.506459    49.796371    37.420801    38.304754     0.408440   286.453404   280.878981     6.903286     3.105664          0.0
      1915.0     3.359548   303.365435   498.326957  1733.098396     0.802019    91.984877    41.931961    50.052916    37.458437    38.656773     0.405474   286.657171   281.204729     6.834671     2.808237          0.0
      1916.0     2.247561   304.037823   497.871628  1734.794789     0.640228    89.904508    41.151823    48.752685    37.523858    39.220251     0.402006   286.544469   280.997248     6.768478     2.386901          0.0
      1917.0     3.052562   304.824793   497.470388  1735.304663     0.548516    90.349213    42.159881    48.189332    38.311525    38.821398     0.401330   286.581144   281.114896     6.716946     3.739722          0.0
      1918.0     4.394011   305.473161   498.428495  1736.166710     0.734373    92.542005    42.942089    49.599916    37.605728    38.467775     0.399626   286.563975   281.046676     6.682236     3.516208          0.0
      1919.0     1.407559   305.781390   498.995535  1737.713261     0.901981    89.894368    40.305120    49.589247    37.091945    38.638496     0.402492   286.594790   281.008293     6.677542     1.099584          0.0
      1920.0     3.518001   306.720304   497.136209  1738.694289     0.710397    88.713608    41.560906    47.152702    37.975080    38.956108     0.400792   286.709895   281.173629     6.703325     4.464124          0.0
      1921.0     3.659431   307.130630   498.162864  1739.118843     0.714403    92.475624    43.109411    49.366213    38.017143    38.441697     0.498670   286.507595   281.032573     6.899375     3.641059          0.0
      1922.0     3.029729   307.063306   499.401189  1740.104210     0.583132    95.435014    44.173801    51.261213    38.556887    39.542254     0.512872   286.413436   280.853830     7.073152     3.393224          0.0
      1923.0     2.698639   307.060415   501.179582  1741.204013     0.507671    97.614749    44.247363    53.367385    38.890113    39.989916     0.525492   286.586422   281.163706     7.215012     2.479054          0.0
      1924.0     2.625494   307.270067   501.299556  1743.013906     0.347318    96.120890    43.762533    52.358357    38.493001    40.302894     0.544639   286.438126   281.023384     7.344136     3.339666          0.0
      1925.0     2.054085   307.496234   500.258112  1744.662188     0.284447    93.123380    42.808183    50.315198    38.360528    40.008810     0.553453   286.545738   281.181575     7.434081     3.840816          0.0
      1926.0     1.983414   307.516758   500.880035  1746.328252     0.328987    94.794423    43.488788    51.305635    38.379479    40.045544     0.568276   286.520180   280.932613     7.498640     2.821321          0.0
      1927.0     1.126080   308.013973   498.446468  1748.342091     0.530728    88.061191    40.852424    47.208767    38.140575    40.154414     0.587636   286.607713   280.969526     7.550637     3.131577          0.0
      1928.0     1.750386   308.186186   498.206087  1748.933202     0.627621    90.069163    41.671182    48.397981    37.650870    38.241981     0.604843   286.631579   281.193206     7.586139     3.669583          0.0
      1929.0     2.217020   308.096511   498.182360  1750.230744     0.411448    89.342574    41.650422    47.692152    36.471884    37.769426     0.621485   286.298319   280.414998     7.615255     3.904723          0.0
      1930.0     1.726397   308.258350   498.242761  1751.583572     0.587332    92.389075    42.364922    50.024153    38.241500    39.594328     0.637193   286.677286   281.037346     7.633216     2.710193          0.0
      1931.0     2.522941   308.276847   497.756154  1752.778335     0.597752    92.929241    43.021387    49.907854    38.179589    39.374352     0.694607   286.647247   281.080970     7.902004     4.133642          0.0
      1932.0     1.112034   308.499865   496.996140  1754.483715     0.537826    91.745448    42.275067    49.470380    38.748110    40.453490     0.711829   286.625303   281.034505     8.156863     2.581591          0.0
      1933.0     3.004981   308.758851   496.226527  1755.898230     0.895550    91.201836    42.884366    48.317471    37.922707    39.337222     0.730129   286.385286   280.882142     8.395361     4.316757          0.0
      1934.0     1.482178   308.563370   496.374585  1757.413595     0.448696    91.208961    42.062351    49.146610    37.263038    38.778403     0.740159   286.268628   280.546246     8.594327     3.135890          0.0
      1935.0     0.350962   308.902801   494.877939  1758.954512     0.500104    88.489554    40.343406    48.146148    37.866690    39.407606     0.754145   286.524125   281.014317     8.766870     2.432446          0.0
      1936.0     3.418048   309.974600   492.596184  1760.158076     0.673930    88.024651    41.082578    46.942074    37.406896    38.610460     0.764653   286.413966   280.832708     8.905289     4.753873          0.0
      1937.0     3.434114   310.362386   493.035820  1761.146625     0.778273    92.624430    43.388348    49.236082    38.095930    39.084480     0.772748   286.330286   280.765864     9.019820     3.864232          0.0
      1938.0     2.315315   310.685324   494.157577  1761.361271     0.756789    96.817548    43.775813    53.041735    39.066025    39.280671     0.788980   286.628526   281.357048     9.113591     3.373386          0.0
      1939.0     3.633674   311.308796   493.553710  1762.933236     0.618941    95.433844    43.660251    51.773593    38.404210    39.976175     0.802038   286.382362   280.834143     9.186989     4.287943          0.0
      1940.0     2.018909   311.998996   492.546160  1764.441304     0.354013    92.592518    42.475788    50.116730    38.759698    40.267766     0.816641   286.598152   281.158215     9.233555     3.215572          0.0
      1941.0     2.790100   312.526858   492.930082  1765.421931     0.548963    94.610315    43.507730    51.102584    38.815601    39.796228     0.725395   286.582772   280.989309     9.209195     3.327580          0.0
      1942.0     2.422588   313.150239   492.729830  1766.107977     0.405938    93.563912    43.029028    50.534883    38.726293    39.412339     0.734102   286.571076   281.104059     9.167595     3.816941          0.0
      1943.0     1.803925   313.224559   493.356053  1767.437213     0.635485    93.894182    42.642170    51.252012    38.010243    39.339479     0.751029   286.310058   280.575507     9.129651     2.676468          0.0
      1944.0     1.560179   313.487332   492.295472  1768.570851     0.621614    93.004207    42.706214    50.297992    38.913351    40.046989     0.774696   286.504047   280.924558     9.117627     3.719806          0.0
      1945.0     3.956259   313.679663   493.714347  1769.487121     0.483887    98.687145    45.490396    53.196750    38.912194    39.828464     0.790253   286.483337   280.851727     9.121327     4.243058          0.0
      1946.0     1.540743   313.524070   493.908695  1771.206046     0.405033    96.578829    43.820889    52.757940    38.632751    40.351676     0.810553   286.456935   280.852461     9.144830     3.274864          0.0
      1947.0    -0.683240   313.371493   492.508963  1773.272161     0.456209    91.701638    41.174565    50.527073    38.593476    40.659591     0.837856   286.597385   280.973085     9.186726     1.914706          0.0
      1948.0     1.006397   313.472294   490.547699  1774.676909     0.583067    90.642742    42.380721    48.262021    38.513440    39.918188     0.864121   286.513116   281.006251     9.238380     4.423798          0.0
      1949.0     2.025162   313.457522   490.957556  1775.697189     0.741718    92.956256    43.063738    49.892518    38.099306    39.119586     0.881840   286.372847   280.762887     9.298409     3.534294          0.0
      1950.0     3.275472   313.688472   491.248790  1776.507673     0.658456    96.607902    45.146230    51.461672    39.503716    40.314199     0.912278   286.408481   280.669719     9.401966     4.540797          0.0
      1951.0     2.333792   313.721531   490.967148  1778.183990     0.648505    95.946201    43.998396    51.947805    38.957665    40.633982     1.047379   286.368504   280.653256    10.031993     3.646056          0.0
      1952.0    -0.608189   313.999547   489.753094  1780.099936     0.353495    91.407761    40.637612    50.770149    38.082893    39.998839     1.105722   286.412280   280.943568    10.620124     1.852827          0.0
      1953.0     3.354486   314.582131   488.389087  1781.165715     0.606704    92.614714    42.919705    49.695009    37.771572    38.837351     1.148913   286.552938   281.075016    11.112296     5.446361          0.0
      1954.0     1.289516   314.765633   487.594910  1782.847224     0.701218    92.515329    42.521775    49.993554    38.480859    40.162368     1.189331   286.419173   280.822794    11.516482     3.153584          0.0
      1955.0     1.966428   315.326575   486.265481  1783.570185     0.863582    92.723209    42.936667    49.786542    39.148261    39.871222     1.236638   286.677752   281.124715    11.842554     4.394873          0.0
      1956.0     3.578696   315.456959   487.443180  1784.626270     0.552125    98.722383    45.837047    52.885335    38.748894    39.804979     1.294295   286.297055   280.622946    12.113330     4.854370          0.0
      1957.0     2.004497   315.768102   486.397783  1786.969515     0.812863    95.163858    43.711449    51.452409    38.924727    41.267971     1.328585   286.387244   280.654408    12.324311     3.488876          0.0
      1958.0     0.914039   316.020998   484.289006  1789.141262     0.618492    91.408770    41.705709    49.703061    38.052658    40.224406     1.357668   286.478878   280.902364    12.455911     3.590080          0.0
      1959.0     2.121229   316.473320   482.385632  1790.596028     0.958250    91.696533    42.800500    48.896033    38.431266    39.886032     1.381098   286.374611   280.711874    12.501480     4.817843          0.0
      1960.0     1.724613   316.953349   481.555911  1791.630646     0.477326    93.245574    42.921526    50.324048    38.655800    39.690418     1.402823   286.503277   280.885874    12.451567     4.060828          0.0
      1961.0     2.790969   317.434313   481.169089  1793.424549     0.568125    92.915923    42.844827    50.071096    38.152208    39.946111     0.825597   286.448902   280.798485    11.799489     3.285538          0.0
      1962.0     1.862259   318.174948   480.234418  1795.106984     0.897280    90.331882    41.372059    48.959823    38.304918    39.987353     0.805841   286.507828   281.072306    11.174584     2.319377          0.0
      1963.0     5.093120   318.700563   481.722418  1795.596508     0.571210    99.292897    46.901552    52.391345    39.682890    40.172414     0.790085   286.245151   280.547581    10.592458     5.241139          0.0
      1964.0     3.445986   319.112904   482.235517  1797.665955     0.679831    97.673480    44.880746    52.792734    39.248058    41.317506     0.773633   286.282196   280.638299    10.049073     3.050141          0.0
      1965.0     2.311716   319.904183   481.216242  1799.991878     0.822753    93.808785    42.737718    51.071067    39.151185    41.477107     0.752546   286.417064   280.922768     9.557028     2.279886          0.0
      1966.0     4.794933   320.866287   480.244649  1801.012735     0.897929    95.210523    44.287950    50.922572    39.470298    40.491154     0.726870   286.464383   280.843575     9.108130     4.768390          0.0
      1967.0     0.214037   321.064790   480.515919  1802.348722     0.721373    92.055193    40.925614    51.129578    38.319398    39.655385     0.707473   286.615642   281.182259     8.729997     0.998959          0.0
      1968.0     5.165012   322.142455   479.660552  1803.744974     0.893927    95.162819    44.745766    50.417053    39.379294    40.775547     0.683451   286.489805   280.832117     8.409764     4.825586          0.0
      1969.0     3.443387   322.905210   479.481027  1804.885751     1.120960    94.064926    43.367002    50.697924    39.420466    40.561242     0.651236   286.698283   281.161553     8.150412     2.985285          0.0
      1970.0     6.779872   324.212914   479.897712  1806.102660     1.211477    97.697783    45.782791    51.914992    39.815736    41.032645     0.620038   286.456617   280.803599     8.040391     4.333461          0.0
      1971.0     4.026214   324.682216   481.286016  1807.777374     1.153450    98.410620    45.192790    53.217830    39.923291    41.598004     0.550004   286.550342   280.962131     8.030178     2.206481          0.0
      1972.0     5.910363   325.900116   480.671654  1809.833099     1.068507    96.546367    44.706992    51.839375    39.520882    41.576607     0.556921   286.458037   280.706925     8.029213     3.744748          0.0
      1973.0     7.621170   327.962607   481.566652  1811.707160     1.527724    98.740723    45.250541    53.490183    40.034794    41.908855     0.555453   286.538294   280.882926     8.024385     2.446687          0.0
      1974.0     5.860406   329.016886   482.100832  1813.407999     1.477669    99.304470    46.241374    53.063096    40.407145    42.107984     0.554410   286.592310   281.172368     8.019000     3.599210          0.0
      1975.0     5.707758   329.813876   482.303638  1815.294351     1.398383    99.009408    46.020544    52.988864    39.946759    41.833110     0.552820   286.456755   280.901114     8.012220     3.984628          0.0
      1976.0     5.632383   330.563325   483.139287  1817.372255     1.285980   101.262765    46.620524    54.642242    40.282932    42.360836     0.556131   286.326866   280.383914     7.998713     3.424039          0.0
      1977.0     6.623735   332.409801   481.559786  1819.772056     1.565427    96.188367    44.636694    51.551673    40.664912    43.064713     0.555870   286.626040   280.864884     7.977177     3.151482          0.0
      1978.0     7.388251   333.903963   482.849937  1821.397633     1.642250   100.116735    46.451381    53.665353    40.440958    42.066535     0.552433   286.600593   281.013390     7.952229     3.094696          0.0
      1979.0     6.173039   335.614110   482.013418  1823.598931     1.702210    95.431824    44.261213    51.170612    39.837912    42.039210     0.548629   286.669125   281.308710     7.916046     3.058521          0.0
      1980.0     8.676353   337.234537   483.209769  1824.925169     1.414153   101.268046    47.911119    53.356927    40.957316    42.283554     0.549804   286.523360   280.826623     7.870648     4.431213          0.0
      1981.0     5.707816   338.252655   484.807360  1826.248173     1.483462   101.753584    45.937423    55.816161    40.410864    41.733867     0.721164   286.694552   281.343610     8.450720     2.605966          0.0
      1982.0     3.846102   339.468697   483.543891  1828.198382     1.058198    96.478700    43.661664    52.817037    40.120563    42.070772     0.740496   286.690380   281.358990     8.958283     2.854361          0.0
      1983.0     7.061168   341.155634   483.899934  1829.207982     1.224958   100.706040    46.187751    54.518289    40.595215    41.604815     0.760806   286.621688   281.072126     9.395437     4.226892          0.0
      1984.0     6.814925   342.930209   483.401509  1831.770609     1.530283    98.797226    45.562381    53.234846    40.425759    42.988386     0.779753   286.664305   281.199256     9.756535     3.072420          0.0
      1985.0     7.451222   344.332749   484.293184  1833.147200     1.380034   102.679203    48.014348    54.664855    41.221379    42.597971     0.793892   286.642334   281.032248    10.043464     4.524703          0.0
      1986.0     5.511240   345.905604   484.144173  1834.962580     1.610183   100.167748    45.511640    54.656108    41.686199    43.501579     0.810744   287.065440   281.726585    10.269977     2.159073          0.0
      1987.0     9.180670   348.084423   483.434934  1837.059132     1.808854   100.251148    46.900973    53.350175    40.919300    43.015852     0.822230   286.765762   281.196210    10.423346     4.594360          0.0
      1988.0     9.225120   349.776936   486.221883  1838.007688     1.655402   107.781032    49.990001    57.791031    42.317492    43.266049     0.833496   286.779732   281.262891    10.517992     3.937003          0.0
      1989.0     5.732599   351.519529   485.663556  1840.423609     1.911115   100.175730    45.043274    55.132456    40.987204    43.403125     0.844016   286.906984   281.540390    10.546165     2.198477          0.0
      1990.0     6.197072   353.413527   484.763016  1840.993905     2.045821    99.024119    45.043664    53.980456    41.161264    41.731559     0.860756   286.930106   281.744477    10.488605     4.212644          0.0
      1991.0     8.090308   354.757923   486.625819  1841.787165     1.676601   104.168260    48.639729    55.528531    41.849170    42.642431     0.601695   286.786574   281.351126     9.920672     4.134496          0.0
      1992.0     6.125192   355.982765   488.243944  1843.752153     1.760167   104.671842    47.624905    57.046937    42.151998    44.116987     0.594460   286.938329   281.552239     9.388124     1.889794          0.0
      1993.0     7.688972   357.399539   488.758349  1845.151004     1.785936   103.349235    47.954688    55.394547    41.778992    43.177842     0.579032   286.809814   281.430333     8.885958     4.262440          0.0
      1994.0     8.059949   358.938835   490.262541  1847.709192     1.925875   103.388023    48.068583    55.319440    41.819071    44.377259     0.567542   286.849384   281.337404     8.421315     2.187133          0.0
      1995.0     7.130605   360.571102   491.700400  1849.425755     1.913991   105.438475    47.800232    57.638243    42.035557    43.752121     0.554391   286.935085   281.508103     7.995126     2.610252          0.0
      1996.0     7.822639   362.065704   491.847054  1851.274190     1.967537   103.688099    48.009525    55.678574    41.976643    43.825077     0.542751   286.858586   281.326618     7.614015     4.037794          0.0
      1997.0     6.178474   363.532836   492.427352  1852.864557     1.813161   101.868258    46.687230    55.181029    42.172784    43.763151     0.528234   287.127666   281.828976     7.281491     2.343781          0.0
      1998.0     9.993441   365.527713   494.091381  1854.276196     2.196630   104.561302    49.019672    55.541629    42.576028    43.987667     0.509817   287.039574   281.642834     6.991892     3.367976          0.0
      1999.0     9.269863   367.548355   495.561375  1855.950286     2.074724   105.734497    49.069913    56.664585    43.167364    44.841454     0.499794   287.217441   281.990124     6.760813     2.758465          0.0
      2000.0     8.359327   369.104996   497.559385  1857.860750     2.270238   107.026250    49.237138    57.789112    43.256262    45.166726     0.501743   287.135814   281.767169     6.667063     2.072402          0.0
      2001.0     7.069755   370.921699   497.044321  1859.674189     2.103099   101.907324    47.165488    54.741836    42.987540    44.800979     0.812246   287.294896   282.175941     7.250763     2.879573          0.0
      2002.0     9.434039   372.721555   500.623954  1860.433470     1.828585   108.165667    49.838627    58.327040    42.510841    43.270122     0.465630   287.063587   281.629098     7.046343     2.988871          0.0
      2003.0     9.170547   374.790062   503.620609  1861.349509     2.203817   110.413022    49.872240    60.540782    43.791314    44.707353     0.608264   287.384178   282.158452     7.244799     2.168233          0.0
      2004.0     8.268734   376.704312   503.148790  1863.365687     2.145718   106.664535    48.570907    58.093628    43.211063    45.227242     1.030461   287.469116   282.245610     8.293737     3.815484          0.0
      2005.0     9.180743   378.742774   506.165460  1864.548501     2.277477   110.460291    50.307505    60.152786    44.052489    45.235302     0.859380   287.414755   282.216534     8.514720     2.055533          0.0
      2006.0     9.040792   380.819108   508.030669  1865.812517     1.949898   110.452320    50.227499    60.224820    43.952389    45.216406     0.616127   287.341388   282.078934     8.323676     3.145885          0.0
      2007.0     9.601340   382.490312   511.885604  1866.456114     2.135715   116.445735    53.226230    63.219505    45.511774    46.155371     0.709898   287.442252   282.240742     8.422912     3.215924          0.0
      2008.0     8.019773   384.513200   513.082095  1868.145342     2.049068   112.423490    50.224924    62.198566    44.963249    46.652478     0.738875   287.563896   282.277389     8.485008     2.375955          0.0
      2009.0     7.865451   386.071123   514.931262  1869.402939     1.661807   113.810800    51.381716    62.429084    44.747825    46.005422     0.704450   287.444194   282.213426     8.486713     3.527127          0.0
      2010.0     7.378439   388.129097   515.076886  1871.831823     2.113061   108.281420    48.467093    59.814327    42.805219    45.234103     1.776663   287.441920   282.143033     9.949637     3.087366          0.0
      2011.0     7.552553   390.283157   516.224375  1872.652257     2.050694   108.520515    48.672289    59.848226    43.958291    44.778725     0.889942   287.613380   282.558612    10.532228     2.746075          0.0
      2012.0    10.359806   392.515620   517.462057  1873.393720     2.232730   113.122678    51.588699    61.533979    44.628453    45.369915     1.014517   287.550540   282.361015    10.512411     4.981103          0.0
      2013.0     9.537696   394.537140   520.670495  1875.039081     2.310750   113.920749    51.374813    62.545936    44.030118    45.675479     1.061328   287.494291   282.148232    10.546523     2.490895          0.0
      2014.0     7.144173   396.476397   520.436750  1876.685015     2.301495   110.993230    49.468916    61.524314    44.447299    46.093233     1.303255   287.656749   282.396325    10.868293     3.609428          0.0
      2015.0    10.449911   398.900879   522.423397  1877.844960     2.269469   113.899615    51.160014    62.739601    44.211840    45.371785     0.813962   287.631359   282.400486    10.438088     3.801582          0.0
      2016.0     9.467275   401.790937   522.781556  1879.646152     2.420748   109.208262    48.573780    60.634482    44.265702    46.066895     0.729538   287.733812   282.592500    10.163343     2.148726          0.0
      2017.0    10.766987   404.517991   524.164057  1879.739343     2.467789   112.947320    50.826596    62.120723    44.971895    45.065086     0.773102   287.917472   282.986868    10.001075     4.379010          0.0
      2018.0    11.733393   407.315416   526.290872  1880.982276     2.297422   115.870596    52.568694    63.301902    45.439666    46.682599     0.784741   287.694265   282.454269     9.824349     3.759279          0.0
      2019.0    11.513631   410.053376   527.350291  1883.558041     2.692039   112.530396    50.830517    61.699879    43.962000    46.537764     0.788330   287.628386   282.478517     9.400943     3.233334          0.0
      2020.0    12.770573   412.890028   528.828057  1885.396345     2.929105   117.437090    53.449971    63.987119    45.741219    47.579524     0.744189   287.724476   282.499612     9.295369     4.392682          0.0
      2021.0    12.468400   415.841118   530.656786  1887.176723     3.143601   117.887748    52.974812    64.912935    46.233502    48.013880     0.716558   287.990096   282.914392     9.460421     3.132203          0.0
      2022.0    11.137524   419.298734   530.662494  1888.687775     3.028315   112.503079    49.205522    63.297558    45.183163    46.694215     0.734596   287.936126   282.974717     9.724171     2.505599          0.0
      2023.0    16.951835   422.778261   533.413456  1889.790739     2.937354   121.707164    55.152336    66.554828    45.062935    46.165899     0.736656   287.583718   282.357097     9.961393     6.235475          0.0
      2024.0    12.104034   426.007304   534.936379  1892.644857     3.102035   118.950487    52.513185    66.437303    46.681662    49.535780     0.727943   287.897167   282.787215    10.311921     1.454482          0.0
      2025.0    11.863799   429.426314   534.747157  1894.522635     3.160551   113.902634    50.259640    63.642995    45.108964    46.986742     0.759814   288.162215   283.228147    10.670399     3.462120          0.0
      2026.0    15.531398   433.160567   537.134286  1894.788428     3.263536   121.902781    55.043109    66.859673    47.001376    47.267169     0.797030   288.205471   283.483663    10.908223     5.388811          0.0
      2027.0    12.253954   436.978818   536.440088  1897.651000     3.197280   113.673462    50.394584    63.278878    45.860586    48.723158     0.814496   288.235869   283.235263    11.005733     2.365624          0.0
      2028.0    15.531217   441.017579   537.785032  1899.031963     3.226491   119.467877    54.254534    65.213343    46.849006    48.229969     0.811076   288.063865   283.052117    10.957965     4.679621          0.0
      2029.0    15.676884   444.735682   540.103419  1900.668154     3.454605   120.745110    54.385745    66.359364    46.317153    47.953343     0.795565   287.909095   282.789852    10.823282     4.114015          0.0
      2030.0    14.711607   448.708639   541.829667  1901.951939     3.461861   122.547595    53.864244    68.683350    47.979030    49.262815     0.783678   288.392054   283.690986    10.668062     2.875181          0.0
      2031.0    15.983823   452.690718   544.120067  1902.455732     3.435903   126.073504    56.546323    69.527181    49.158206    49.661999     0.560188   288.340195   283.547948    10.239485     4.593924          0.0
      2032.0    16.976913   456.893764   547.617325  1904.399345     3.479492   125.707861    55.366566    70.341295    47.327394    49.271007     0.559750   288.168846   283.210278     9.819013     2.598301          0.0
      2033.0    15.660642   461.088320   549.311933  1906.810693     3.286856   123.230223    53.852390    69.377833    46.828557    49.239905     0.550862   288.136833   283.071830     9.397821     2.917877          0.0
      2034.0    16.506474   465.685765   550.197277  1908.913951     3.657920   121.130402    53.429467    67.700934    46.336700    48.439959     0.546629   288.209529   283.408008     9.008738     4.104165          0.0
      2035.0    18.652104   470.249379   553.045853  1910.434822     3.732732   125.403161    55.523453    69.879708    46.916898    48.437768     0.541609   288.189043   283.146050     8.657715     4.237108          0.0
      2036.0    15.102497   474.839230   554.300746  1912.066551     3.914271   123.173930    53.007768    70.166162    48.315039    49.946768     0.525473   288.592972   283.860969     8.329213     1.806107          0.0
      2037.0    18.409495   479.862633   556.274055  1913.341536     3.942305   123.724072    54.207869    69.516203    46.735037    48.010022     0.515712   288.454827   283.788265     8.034159     4.224537          0.0
      2038.0    18.645363   484.917382   557.653469  1915.166000     3.962650   123.031918    54.231890    68.800027    46.755626    48.580090     0.505338   288.425366   283.760732     7.792691     4.272386          0.0
      2039.0    18.051410   490.020684   559.687317  1916.493454     3.984486   124.167735    54.004790    70.162945    47.381599    48.709053     0.488967   288.467250   283.550052     7.595242     3.261888          0.0
      2040.0    19.959346   495.239332   563.199167  1916.933256     3.841677   132.010269    57.346709    74.663560    49.007899    49.447702     0.480440   288.612909   283.878218     7.476233     4.387158          0.0
      2041.0    19.304972   500.388562   566.863013  1919.137817     3.785585   129.646644    55.826052    73.820591    47.830462    50.035022     0.377648   288.479771   283.658611     7.147593     2.127184          0.0
      2042.0    18.927575   506.021077   567.527439  1921.526155     3.922558   129.159089    55.611839    73.547250    49.225967    51.614305     0.395128   288.646308   283.860894     6.959098     3.333108          0.0
      2043.0    20.655290   511.874848   569.092169  1923.427312     4.493734   126.968368    55.526833    71.441534    48.825582    50.726739     0.407562   288.695637   283.923260     6.864295     3.235365          0.0
      2044.0    19.310490   517.925470   570.993670  1924.913935     3.994248   127.321328    54.500993    72.820335    48.730888    50.217511     0.414753   288.920333   284.374925     6.808549     2.381981          0.0
      2045.0    20.929778   524.167896   572.359184  1926.075221     4.570363   125.329764    54.649866    70.679898    48.355115    49.516401     0.420816   288.819961   284.237755     6.796915     3.767951          0.0
      2046.0    22.748450   530.153178   575.566092  1927.506918     4.506944   131.178430    57.827256    73.351174    48.354789    49.786486     0.557825   288.661763   283.757195     7.098925     4.833862          0.0
      2047.0    20.049529   536.556799   576.160349  1929.584306     4.288081   124.846724    53.620185    71.226539    47.950695    50.028083     0.443248   289.016863   284.511178     7.069033     2.997845          0.0
      2048.0    23.444704   543.037847   579.526023  1930.699467     4.590390   131.004929    57.419484    73.585444    48.799461    49.914623     0.597891   288.903802   284.238920     7.429510     4.139187          0.0
      2049.0    22.147707   549.590232   582.950057  1931.530195     4.256450   133.706082    56.932764    76.773318    49.456198    50.286926     0.466958   289.023242   284.451526     7.343164     3.221805          0.0
      2050.0    23.543677   556.303310   586.041631  1933.416113     4.224796   134.918945    58.073402    76.845542    49.270640    51.156559     0.606129   289.031984   284.410927     7.602550     3.825269          0.0
      2051.0    24.422904   563.611782   588.479283  1935.176760     4.661257   131.795136    55.956636    75.838500    48.926754    50.687400     0.395884   289.045878   284.379787     7.266919     2.831584          0.0
      2052.0    25.904872   570.557552   592.199488  1936.981279     4.428002   137.328323    59.805034    77.523289    50.007000    51.811519     0.244614   288.733062   283.772796     6.540852     4.273310          0.0
      2053.0    24.778404   577.511371   596.325492  1939.836486     4.522073   135.906997    57.438189    78.468809    48.424042    51.279249     0.236937   288.969133   284.295255     5.859471     2.032936          0.0
      2054.0    25.709249   585.341629   597.919794  1941.875425     4.913455   132.847104    56.860372    75.986732    49.955775    51.994713     0.226960   289.237232   284.776698     5.234065     3.271357          0.0
      2055.0    27.000061   592.845187   602.409471  1943.585642     4.723947   138.757333    59.248515    79.508818    49.631272    51.341489     0.216513   289.149382   284.440400     4.632805     3.417349          0.0
      2056.0    27.249902   600.633393   607.150627  1944.804665     4.678428   142.831942    60.823189    82.008753    51.552238    52.771261     0.196930   289.156084   284.572256     4.125581     3.310773          0.0
      2057.0    28.027490   608.331385   611.389634  1947.252357     4.767548   141.979809    60.646141    81.333668    50.760394    53.208086     0.187727   289.205482   284.496683     3.641890     3.199048          0.0
      2058.0    28.268964   616.649044   615.363772  1949.418740     4.768411   143.387442    60.270777    83.116665    51.618283    53.784666     0.169288   289.374770   284.730052     3.270926     2.511973          0.0
      2059.0    27.916293   625.096533   619.661974  1950.915772     4.766048   142.700398    59.171837    83.528561    50.749399    52.246431     0.154855   289.437660   284.933187     2.928973     2.627203          0.0
      2060.0    28.746834   633.681097   623.292220  1952.855849     5.048433   142.778246    59.295929    83.482316    50.804118    52.744194     0.133748   289.350964   284.658136     2.717189     2.921490          0.0
      2061.0    28.802355   642.288554   626.515705  1954.808246     4.722908   142.920414    60.638575    82.281839    51.732492    53.684890     0.089465   289.380005   284.805351     2.530764     3.730200          0.0
      2062.0    29.904443   651.113726   631.114230  1956.445695     4.845916   145.806139    60.704450    85.101689    51.187884    52.825333     0.087576   289.489567   284.909507     2.353370     3.280593          0.0
      2063.0    27.362485   660.304477   633.266865  1958.786545     4.853956   141.949832    58.352298    83.597534    51.812460    54.153311     0.084468   289.702514   285.279801     2.182857     2.046352          0.0
      2064.0    31.702642   669.931908   636.096019  1960.320737     4.897086   142.708003    60.715087    81.992915    51.494799    53.028991     0.081318   289.521477   285.083677     2.021284     4.856943          0.0
      2065.0    32.083792   679.125750   641.779773  1961.536866     5.122587   149.923401    63.024166    86.899234    52.651779    53.867908     0.076833   289.596150   285.075742     1.867903     3.472504          0.0
      2066.0    30.198384   688.818389   645.791063  1963.999852     5.101131   145.834835    60.107354    85.727480    51.774891    54.237878     0.073870   289.811432   285.388087     1.725449     1.858187          0.0
      2067.0    30.137676   699.211836   646.963876  1965.219575     5.560471   141.553781    57.293533    84.260248    51.663977    52.883701     0.070054   290.062549   285.825970     1.595634     3.237019          0.0
      2068.0    33.083955   709.451304   650.913921  1965.891849     5.958770   146.000855    60.182908    85.817947    51.621295    52.293569     0.066189   289.981481   285.668985     1.478010     3.939294          0.0
      2069.0    31.943820   720.092424   653.619285  1967.502933     5.285161   143.965572    59.443183    84.522389    52.419428    54.030511     0.062975   290.105038   285.869842     1.370991     2.707308          0.0
      2070.0    35.621009   730.936925   658.265939  1968.664507     5.098693   148.989452    61.935556    87.053896    51.614986    52.776561     0.059662   289.800863   285.473469     1.284697     4.512341          0.0
      2071.0    34.088663   741.560592   662.523851  1971.218159     5.459330   151.795422    61.780678    90.014744    53.138066    55.691717     0.036810   289.878960   285.365595     1.176740     1.831049          0.0
      2072.0    34.412755   752.497301   666.011730  1973.080594     5.457037   150.299161    61.790335    88.508826    53.541207    55.403643     0.034872   290.169621   285.932229     1.073783     2.898813          0.0
      2073.0    36.083140   763.728266   669.939626  1974.765914     5.366356   151.750344    62.964761    88.785583    53.316675    55.001995     0.032490   290.089163   285.749623     0.974927     4.034871          0.0
      2074.0    35.138530   775.352477   674.257357  1976.992980     5.547753   150.176886    60.531395    89.645490    52.829144    55.056210     0.030373   290.203645   286.029376     0.881395     1.157454          0.0
      2075.0    34.658387   787.227271   677.941219  1977.621155     5.504523   154.088202    61.340408    92.747794    54.154849    54.783024     0.028182   290.507959   286.397769     0.792940     2.873523          0.0
      2076.0    38.651707   799.332311   682.212720  1979.425798     5.705177   154.523350    62.906190    91.617160    52.544714    54.349356     0.026237   290.199162   285.955529     0.710107     4.285332          0.0
      2077.0    36.687498   811.524302   685.211366  1980.949297     5.981107   153.805596    62.884121    90.921475    55.025037    56.548537     0.023628   290.511642   286.419208     0.631571     3.336939          0.0
      2078.0    38.222061   823.505378   691.228611  1982.003096     5.452074   158.891048    64.283976    94.607072    53.935403    54.989201     0.021527   290.305786   285.802854     0.559341     3.277530          0.0
      2079.0    35.868546   836.105837   693.726024  1984.089176     5.356808   155.160422    61.659723    93.500699    54.688088    56.774168     0.019152   290.707021   286.476055     0.492401     2.388143          0.0
      2080.0    39.732029   848.817941   698.894683  1984.477914     5.415842   159.727496    64.815890    94.911606    54.157692    54.546429     0.017000   290.541072   286.366590     0.435685     5.100802          0.0
      2081.0    36.088668   861.285916   704.282834  1986.213175     5.494042   158.944860    61.744088    97.200772    54.055151    55.790412     0.022073   290.556864   286.110397     0.390011     0.565525          0.0
      2082.0    36.544791   873.851506   707.121614  1986.622876     5.505382   158.932507    62.621215    96.311293    55.178983    55.588684     0.020727   290.777776   286.701549     0.344539     4.193751          0.0
      2083.0    37.585980   886.823035   711.340663  1987.682422     5.579975   158.562809    63.131286    95.431523    54.771102    55.830649     0.019739   290.807467   286.912718     0.299503     3.081588          0.0
      2084.0    39.564772   900.130035   715.913754  1987.885010     5.742620   162.111000    63.957204    98.153796    55.333099    55.535687     0.019211   290.829632   286.771833     0.257044     3.848426          0.0
      2085.0    36.705630   913.224208   720.557951  1988.646246     5.612116   161.924267    63.305892    98.618374    57.114289    57.875525     0.018381   291.104153   287.109792     0.215380     0.786170          0.0
      2086.0    38.784633   926.668125   723.305377  1988.815390     5.557983   161.200674    63.486151    97.714523    55.735915    55.905059     0.016890   291.218989   287.155152     0.181194     4.833667          0.0
      2087.0    40.202242   940.451073   728.493078  1989.462631     5.835348   164.342401    64.752954    99.589447    56.702497    57.349738     0.015888   291.216783   287.121162     0.147030     2.215515          0.0
      2088.0    39.794455   954.066785   733.472504  1989.467783     5.693073   167.689221    65.942573   101.746648    56.984647    56.989798     0.014375   291.377442   287.447682     0.122245     3.973349          0.0
      2089.0    40.383198   967.858368   738.677933  1990.105879     5.772958   167.888083    65.101866   102.786217    56.435561    57.073658     0.013779   291.265506   287.124919     0.100360     2.822780          0.0
      2090.0    39.355532   981.375863   743.359372  1990.396206     5.613968   169.506453    65.233525   104.272927    56.717731    57.008059     0.012597   291.399858   287.416483     0.089537     3.544028          0.0
      2091.0    38.736105   995.229263   746.246403  1991.810784     5.568306   165.237615    63.812430   101.425185    56.830073    58.244651     0.009516   291.616615   287.659705     0.082877     2.680748          0.0
      2092.0    39.039808  1008.842544   750.686107  1991.842549     5.774339   166.024814    63.652342   102.372471    55.959030    55.990796     0.009767   291.618751   287.756164     0.077608     3.221843          0.0
      2093.0    38.997878  1022.464755   755.013220  1991.920214     5.495432   168.520680    64.638081   103.882600    57.053226    57.130891     0.009156   291.684505   287.760232     0.071125     3.180076          0.0
      2094.0    37.283260  1036.227047   759.000705  1991.725400     5.635111   167.918218    63.868955   104.049263    58.103544    57.908730     0.009508   291.935958   288.325474     0.066411     1.972740          0.0
      2095.0    37.924065  1049.965470   762.860767  1991.399801     5.202615   167.119589    63.494496   103.625093    56.389974    56.064375     0.008476   291.943044   288.144859     0.060304     3.570059          0.0
      2096.0    37.387088  1063.562882   767.317099  1990.718602     5.572144   169.623239    64.100340   105.522899    57.738261    57.057062     0.008707   292.007956   288.200755     0.055391     2.586946          0.0
      2097.0    39.503240  1077.523902   771.550841  1989.756276     5.324585   170.765530    65.447409   105.318121    57.257491    56.295165     0.008453   292.007491   288.449002     0.051040     4.918503          0.0
      2098.0    36.727395  1090.930734   776.335767  1989.880919     5.079092   169.968651    63.221586   106.747064    56.456024    56.580667     0.007998   291.916209   287.993130     0.046965     1.855994          0.0
      2099.0    36.331295  1104.438189   780.228981  1988.745140     5.232492   172.580723    64.582544   107.998179    58.810386    57.674607     0.007638   292.236363   288.552085     0.042703     3.014723          0.0
      2100.0    39.801444  1118.378406   784.972623  1987.998289     5.109433   173.780533    66.045770   107.734763    57.540211    56.793360     0.007766   292.086204   288.166207     0.040136     4.508769          0.0