        time     emission          CO2         cveg        csoil        fgco2         fgpp         fnpp           ra          frh     fvegsoil         fluc          tas     tas_land        cprod     fcvegout    fcsoilout
      1850.0     1.054880   283.688113   363.827773   620.628623    -0.026634    96.371524    39.787780    56.583744    37.312855    37.726283     0.087904   285.635395   279.113822     4.514428     0.603421     0.358136
      1851.0    -0.038404   283.817829   364.253459   620.744703    -0.094972    97.023804    39.395343    57.628461    37.836874    37.869275     0.195755   285.803059   279.237691     5.154988     1.100382    -0.083679
      1852.0    -0.679190   283.967489   363.646756   620.921569    -0.002551    95.211642    38.554543    56.657099    37.817675    37.780897     0.201824   285.866936   279.360605     5.646274     1.380349    -0.213644
      1853.0    -0.397610   284.097205   362.958470   620.694180    -0.044390    94.639964    38.554523    56.085441    37.457911    37.357464     0.206721   285.902923   279.464709     6.077491     1.885345     0.126942
      1854.0     0.096896   284.216934   362.900875   620.355524     0.295619    95.249771    38.818759    56.431012    37.495818    37.579896     0.212655   286.124990   279.705849     6.458948     1.296457     0.422734
      1855.0    -0.185798   284.306730   362.223640   620.150734     0.172229    94.692854    38.556296    56.136558    37.375136    36.909715     0.218410   286.063173   279.719791     6.785396     2.323814    -0.260631
      1856.0    -0.493786   284.416471   362.210741   619.923284     0.170756    94.734323    38.304303    56.430020    37.371410    37.236185     0.224131   286.283191   280.008870     7.057295     1.081017     0.092226
      1857.0     0.400917   284.566162   362.042730   619.563305     0.062161    95.962800    39.408187    56.554614    37.571394    37.714185     0.227377   286.034660   279.485222     7.290182     1.862012     0.502770
      1858.0     1.052759   284.735767   362.400005   619.600569     0.119059    97.909714    40.309536    57.600179    37.869223    37.927844     0.230978   286.142067   279.932942     7.456815     2.024416     0.021357
      1859.0    -0.140093   284.915360   362.530558   619.910899     0.214053    96.266976    39.084007    57.182969    37.915842    37.903227     0.234893   286.228335   279.953214     7.596395     1.050227    -0.322944
      1860.0    -0.245302   285.104940   361.934320   619.547820     0.270115    95.438270    38.690868    56.747402    37.694327    37.445321     0.239896   286.185570   279.794331     7.729615     1.841785     0.114073
      1861.0     0.056224   285.294520   361.322605   619.551612    -0.148367    95.614402    39.137406    56.476996    37.442425    37.647577     0.202449   286.080040   279.755548     7.534828     2.101544     0.201360
      1862.0     1.821264   285.464156   361.966876   619.990670     0.056125    96.828134    40.061737    56.766397    36.803132    37.746550     0.200354   285.682011   279.171364     7.369878     1.670916     0.504361
      1863.0     1.939869   285.633761   363.109437   620.350504     0.168535   100.431631    41.442384    58.989247    38.123599    38.472166     0.198204   285.884395   279.293808     7.216401     1.827657    -0.011269
      1864.0    -0.571292   285.803396   362.821469   621.117318    -0.016005    96.067126    38.813554    57.253572    37.864579    38.671975     0.196961   285.986237   279.476801     7.092261     0.429547     0.040582
      1865.0    -0.882202   285.973002   361.503656   621.093118     0.054961    95.364033    38.696585    56.667449    38.078720    37.197891     0.194873   286.242897   279.884774     6.982785     2.816506    -0.856629
      1866.0    -0.341718   286.142637   361.616620   620.645375     0.173929    96.366293    39.178784    57.187509    38.162451    38.247512     0.193008   286.266202   280.110903     6.897684     0.818307     0.532805
      1867.0    -0.326394   286.312273   360.593576   620.206251     0.118753    93.690793    38.054474    55.636319    36.952553    36.527188     0.190689   286.044678   279.641758     6.835332     2.550330     0.013759
      1868.0     1.326187   286.471890   361.235299   620.148745    -0.093911    98.315152    40.664757    57.650395    37.636092    38.059304     0.189322   285.997055   279.676893     6.807370     1.963730     0.480718
      1869.0    -0.208180   286.591649   361.239137   620.445821     0.064309    96.422187    39.345360    57.076828    37.988345    37.984472     0.187065   286.110857   279.736044     6.792541     1.357049    -0.300949
      1870.0    -0.628969   286.721335   360.932841   620.189733    -0.178811    95.384570    38.725426    56.659144    37.568508    37.528543     0.185354   286.092917   279.631102     6.756827     1.503179     0.216124
      1871.0     0.285327   286.851051   360.488604   620.249722     0.071450    96.113914    39.437551    56.676363    37.487471    37.595080     0.259890   286.110991   279.702135     7.337727     2.286709     0.047619
      1872.0     0.832417   287.020686   361.322846   620.054007    -0.109831    99.155431    40.600324    58.555107    37.975672    38.181980     0.264370   286.186313   280.014773     7.859477     1.584102     0.402023
      1873.0     0.911174   287.220223   361.290543   620.676999     0.171622    97.399376    39.891134    57.508242    37.510758    38.194081     0.266893   285.990736   279.727444     8.332059     1.729355     0.060332
      1874.0     1.619110   287.419791   361.408542   620.949701     0.268232    99.456964    41.285160    58.171804    38.172056    37.972179     0.270297   285.916021   279.387371     8.749107     3.194982    -0.472579
      1875.0     1.017857   287.649291   362.135774   621.204150     0.292450    99.967397    41.079865    58.887533    38.613784    39.208947     0.272573   286.125642   279.581393     9.127185     1.143686     0.340713
      1876.0    -0.914330   287.878760   361.167437   621.183441     0.151007    96.276209    38.863797    57.412412    38.260344    38.017071     0.276379   286.069969   279.799449     9.469085     1.815062    -0.222564
      1877.0     1.710009   288.108260   361.264512   621.089231     0.180863    99.176022    41.099642    58.076380    37.849435    38.429724     0.278774   285.825593   279.343731     9.765609     2.572844     0.674499
      1878.0     0.394128   288.347717   361.572411   621.592495     0.319453    98.165030    40.170908    57.994122    38.397054    38.834311     0.282020   286.134890   279.670088    10.023755     1.028698    -0.066007
      1879.0     0.928298   288.577217   361.134629   621.650992     0.151343    97.796749    40.125511    57.671238    37.641216    37.555247     0.285308   286.026236   279.622797    10.235855     3.008046    -0.144466
      1880.0     0.966574   288.826661   361.552099   621.946336     0.123090    98.590465    40.618162    57.972303    38.006019    38.786502     0.289690   285.990399   279.471370    10.382957     1.414190     0.485139
      1881.0     1.037539   289.096050   361.582832   622.149141     0.384350    98.741651    40.579468    58.162183    38.297018    38.201978     0.275890   286.029540   279.696828    10.338528     2.346758    -0.297846
      1882.0     0.040922   289.375427   361.276837   621.937488     0.318310    97.601143    39.801526    57.799617    38.350933    38.221996     0.274246   286.043036   279.702183    10.289611     1.885524     0.082716
      1883.0     1.186928   289.614914   360.951776   622.234816     0.339526    96.605444    39.833626    56.771818    37.224700    37.777749     0.273294   285.705615   279.224535    10.258046     2.380938     0.255721
      1884.0     0.708276   289.864358   360.777375   622.724058     0.557666    95.838947    39.258658    56.580289    37.406553    37.689514     0.273095   285.588699   278.865565    10.242805     1.743545    -0.206282
      1885.0     0.436699   290.153692   360.211965   622.885033     0.242207    95.619408    39.123438    56.495971    37.383414    37.485020     0.271665   285.705669   279.171667    10.248715     2.203828    -0.059368
      1886.0     1.247135   290.453043   360.400215   623.016874     0.349699    98.112987    40.420962    57.692025    37.881241    38.025032     0.270306   285.766960   279.276987    10.253060     2.207680     0.011950
      1887.0     2.071645   290.762352   360.678025   623.041979    -0.059142   100.003244    41.625076    58.378168    37.830010    38.377289     0.268599   285.536451   278.968741    10.269199     2.969977     0.522174
      1888.0     1.635586   291.111580   361.947304   623.836167     0.189617    99.862763    41.145221    58.717542    38.158872    38.875020     0.268621   285.548461   279.074622    10.313416     1.000922    -0.078040
      1889.0     0.578849   291.460778   361.473901   624.119949     0.032926    98.198263    40.269434    57.928829    38.145593    38.390602     0.266505   285.646331   279.159096    10.359018     2.352236    -0.038774
      1890.0     0.570362   291.810006   360.917638   624.387636    -0.049227    97.688227    40.315775    57.372452    38.103004    38.419747     0.265468   285.746861   279.151528    10.427774     2.452292     0.049056
      1891.0     1.062875   292.169222   360.978067   624.577103     0.242652    97.671938    40.184879    57.487059    37.786712    37.954818     0.310582   285.677897   278.867086    10.794930     2.169631    -0.021361
      1892.0    -0.183990   292.518450   360.643971   624.455245     0.315819    97.703845    39.841840    57.862005    38.595887    38.433545     0.312588   286.049119   279.725564    11.136012     1.742391    -0.040483
      1893.0     0.334628   292.827759   359.611608   624.182253     0.250791    96.132619    39.516186    56.616433    37.590225    37.318455     0.313439   285.677578   279.103117    11.458992     3.230095     0.001221
      1894.0     2.022267   293.137067   360.044562   624.337392     0.256223    99.121371    41.435751    57.685620    37.788008    38.278745     0.315550   285.607136   279.121699    11.755281     2.724052     0.335598
      1895.0     0.244412   293.426401   360.307347   624.540458     0.317190    98.236620    40.235796    58.000824    38.376904    38.623019     0.317470   285.860840   279.337423    12.038987     1.349992     0.043049
      1896.0     0.984929   293.705777   359.580274   624.442078     0.153995    98.636021    40.850948    57.785072    37.982156    37.644887     0.320417   285.739840   279.208334    12.305903     3.933134    -0.238889
      1897.0     1.922689   293.995141   360.746880   624.803765     0.290845   101.599088    42.184704    59.414384    38.599033    39.552810     0.321428   285.871784   279.521420    12.551104     1.465288     0.592090
      1898.0    -0.028695   294.294493   360.410845   625.068649     0.140914    98.914955    40.398209    58.516746    38.607914    38.791315     0.323312   286.091869   279.632484    12.767493     1.942930    -0.081483
      1899.0    -0.664347   294.643691   358.835166   625.109155     0.230568    95.251998    38.684735    56.567262    37.766101    37.373007     0.325058   286.061687   279.678354    12.965985     2.887407    -0.433600
      1900.0     0.912884   295.012894   358.445682   624.920487     0.416518    97.108476    40.190295    56.918181    37.850734    38.170236     0.326707   286.180405   279.683089    13.176728     2.409543     0.508169
      1901.0     1.875687   295.352135   359.111747   624.570767     0.332861   100.656036    41.897161    58.758875    38.360794    38.351265     0.325660   286.182944   279.944449    13.357040     2.879832     0.340191
      1902.0     1.660901   295.671400   359.637970   624.712844     0.438365   101.256761    42.063829    59.192932    38.739837    38.894182     0.325868   286.183162   279.722822    13.425577     2.643424     0.012268
      1903.0    -0.449956   295.990696   359.355251   624.897168     0.640944    96.954809    39.375654    57.579155    38.376800    38.589078     0.325492   286.096661   279.630674    13.481587     1.069295     0.027955
      1904.0    -0.517736   296.290048   357.198296   624.793293     0.595306    95.151053    38.911906    56.239147    37.977839    37.500492     0.325633   286.084129   279.616687    13.590568     3.568369    -0.373473
      1905.0     0.804536   296.629289   356.757968   624.389931     0.452136    96.237235    39.809156    56.428079    37.403239    37.185452     0.323783   285.956499   279.420754    13.679044     3.064033     0.185575
      1906.0     0.967867   296.998461   356.623070   624.192173     0.312196    97.873993    40.576012    57.297981    37.825251    37.965381     0.323310   285.916759   279.411130    13.778343     2.745529     0.337889
      1907.0     1.952150   297.437486   356.939537   624.501487     0.405198    98.369447    40.905393    57.464054    37.509324    37.942091     0.322677   285.633312   279.056368    13.888268     2.646835     0.123453
      1908.0     1.779608   297.856536   357.486678   624.777327     0.379761   100.762393    41.588519    59.173874    38.281750    38.864045     0.322864   285.912147   279.235674    13.998001     2.177333     0.306455
      1909.0    -0.173757   298.275615   356.546396   625.013742     0.535401    97.067121    39.602304    57.464818    38.403664    38.402528     0.322236   286.176698   279.554194    14.122620     2.140058    -0.237551
      1910.0     2.074635   298.714640   356.021219   624.590336     0.565845   100.063615    41.866393    58.197222    38.513527    37.977222     0.320832   286.203945   279.617705    14.304957     4.414348    -0.112898
      1911.0     1.173699   299.163622   356.797521   624.544231     0.343758   100.302719    41.392535    58.910184    38.649915    38.524318     0.332170   286.261231   279.860366    14.417133     2.091915    -0.079492
      1912.0     2.341098   299.682485   357.376436   624.529392     0.512049   101.707470    42.209177    59.498293    38.571751    39.446700     0.332282   285.996939   279.466917    14.551985     2.183562     0.889788
      1913.0     2.694391   300.241238   357.206910   625.215141     0.576072   100.549320    41.986119    58.563200    38.133356    38.583784     0.330951   285.816750   279.050780    14.687634     3.571861    -0.235321
      1914.0     0.787914   300.750115   357.270255   625.550618     0.617341    98.727279    40.470502    58.256777    38.441564    38.667473     0.330720   286.092844   279.460295    14.827483     1.739685    -0.109569
      1915.0     1.053450   301.268948   356.697605   625.446341     0.510566    99.763552    41.246477    58.517075    38.830676    38.521674     0.330339   286.178543   279.519219    14.955527     3.297453    -0.204726
      1916.0     1.164953   301.807756   356.121989   625.056145     0.505758    98.957147    40.859563    58.097584    38.418421    38.353596     0.331008   286.249577   279.870659    15.082485     3.081584     0.325371
      1917.0     3.446188   302.336577   357.040362   625.051824     0.788910   103.252712    43.381397    59.871315    38.890910    39.121228     0.329406   286.153925   279.899238    15.222803     3.341796     0.234639
      1918.0     1.162652   302.775602   357.416158   625.502299     0.942178   100.493258    41.242044    59.251214    38.933385    39.391159     0.329384   286.266682   279.759832    15.346682     1.475091     0.007299
      1919.0     0.557550   303.134787   356.009741   625.564397     0.695321    97.793424    40.227964    57.565460    38.029555    38.135072     0.329427   286.214678   279.708674    15.486452     3.499309     0.043419
      1920.0     0.932303   303.573812   355.876067   625.477115     0.624744    99.748465    41.014335    58.734130    38.519685    38.455075     0.329685   286.330744   279.960991    15.637468     2.692933     0.022672
      1921.0     1.763872   303.923040   355.931470   624.972276     0.789083   102.284701    42.503940    59.780761    39.027025    38.798313     0.363609   286.552196   280.517929    15.875032     3.650224     0.276127
      1922.0     2.979732   304.262281   356.372429   625.416848     0.731157   103.045464    43.323377    59.722087    38.567004    39.080506     0.364080   285.841828   279.436996    16.093109     3.801912     0.068931
      1923.0     1.734473   304.591534   356.961435   626.274193     0.688692   102.814300    42.601629    60.212671    39.011721    40.042895     0.365602   286.010491   279.513467    16.305407     1.969727     0.173830
      1924.0     1.688179   304.950750   356.625393   626.694111     0.550322   103.426457    43.129042    60.297415    39.456227    39.741210     0.367476   286.117201   279.467399    16.495949     3.723874    -0.134935
      1925.0     1.112225   305.130342   356.449020   626.943295     0.482146   102.674195    42.710769    59.963426    39.221013    39.584799     0.367840   286.116741   279.902125    16.691669     3.302343     0.114602
      1926.0    -0.104045   305.270046   356.289203   627.299301     0.640050   101.888917    41.830577    60.058341    39.532020    39.792595     0.368623   286.437660   280.199149    16.881409     2.197799    -0.095430
      1927.0     1.554241   305.499515   355.668283   627.218709     0.481686   102.341428    42.759727    59.581701    38.814525    38.887420     0.369403   286.188673   279.908822    17.073030     4.493226     0.153488
      1928.0     2.227879   305.649176   356.598334   627.658829     0.466221   105.097666    44.147162    60.950504    39.217637    40.466616     0.371545   286.120690   279.685073    17.254774     2.750494     0.808859
      1929.0     0.418267   305.808824   356.545884   628.460551     0.490550   102.880671    42.612988    60.267683    39.606691    39.983677     0.370926   286.376146   279.941138    17.430447     2.681761    -0.424736
      1930.0     1.077886   305.938540   356.259849   628.476381     0.270359   104.192210    43.523966    60.668245    39.567272    39.600840     0.371982   286.338335   279.954358    17.600164     4.209160     0.017740
      1931.0     1.299544   306.138107   356.165615   629.033146     0.484926   104.053119    43.462226    60.590893    39.518893    39.954328     0.423811   286.312009   280.070814    17.936283     3.602133    -0.121331
      1932.0     1.826336   306.407496   356.514491   629.258057     0.520720   104.425925    43.675511    60.750414    39.411247    40.005102     0.426264   286.321706   279.963050    18.255201     3.321533     0.368944
      1933.0    -0.588230   306.716805   355.901690   629.706392     0.537123   100.309044    40.929753    59.379291    39.161576    39.384880     0.425823   286.434557   279.954972    18.550966     2.157675    -0.225031
      1934.0    -0.339221   307.095965   354.210796   629.250715     0.557018    99.153773    40.830892    58.322881    39.091375    38.398042     0.426313   286.498479   280.308725    18.840359     4.123744    -0.237657
      1935.0     0.587377   307.544977   353.630634   628.872614     0.486302   100.023479    41.557613    58.465866    38.890451    38.675591     0.427694   286.426001   279.935798    19.127865     3.462184     0.163241
      1936.0     2.105052   308.323242   353.299653   628.676586     0.527935   102.178827    42.619283    59.559544    39.154500    39.167944     0.429316   286.612592   280.033521    19.379318     3.782320     0.209471
      1937.0     2.354679   309.071576   353.300843   628.401921     0.596243   103.269436    43.212506    60.056930    39.400630    39.191670     0.429639   286.590743   280.316047    19.598242     4.019645     0.065705
      1938.0     2.801002   309.600396   353.957891   628.706394     0.650992   104.792514    44.079064    60.713450    39.470012    39.982567     0.430383   286.330522   280.050409    19.789099     3.439449     0.208082
      1939.0     3.935910   310.159149   355.425657   629.270085     0.666706   109.021794    46.109097    62.912697    40.214898    41.361433     0.432056   286.378443   279.868453    19.967617     3.279898     0.582844
      1940.0     0.574618   310.667995   354.652133   630.038774     0.759285   102.893051    42.380973    60.512077    39.961115    40.428123     0.435300   286.516785   280.071226    20.142700     2.726374    -0.301682
      1941.0     1.523814   311.117007   353.776343   630.232150     0.762377   103.491592    43.289669    60.201923    39.638720    39.918675     0.568570   286.449414   280.022308    20.641655     4.246783     0.086580
      1942.0     0.141631   311.476223   353.259389   629.832969     0.625640   103.184655    42.748738    60.435917    40.133346    39.242342     0.571533   286.764812   280.519219    21.161655     4.023350    -0.491823
      1943.0     1.369536   311.695735   353.057745   629.726660     0.639221   104.781753    43.710560    61.071194    39.480096    39.897813     0.573738   286.557632   280.279251    21.640741     4.014391     0.524026
      1944.0     1.665170   311.715680   353.201418   630.202599     0.647242   106.301136    44.753048    61.548088    39.714090    40.558807     0.577520   286.525075   280.169913    22.071896     4.050568     0.368778
      1945.0     1.171495   311.685748   353.716633   630.932950     0.651194   107.270294    45.064637    62.205657    40.373396    40.927111     0.579113   286.565423   280.325860    22.463873     3.622311    -0.176637
      1946.0     0.459187   311.695735   352.876228   631.407797     0.283679   105.326904    44.163628    61.163277    39.950322    40.400389     0.580810   286.357164   279.860664    22.837021     4.603644    -0.024780
      1947.0     1.433866   311.795489   353.034822   631.921362     0.353801   106.277009    44.882358    61.394650    39.889424    40.608311     0.583399   286.318426   279.727042    23.176435     4.115453     0.205322
      1948.0    -0.119669   311.825421   353.169354   632.194371     0.479804   106.385352    44.225604    62.159748    40.703720    40.777769     0.588022   286.639916   280.565038    23.484848     3.313304    -0.198961
      1949.0    -0.001191   311.935192   352.183850   632.494766     0.602414   103.708032    43.147757    60.560276    39.836378    40.578751     0.589378   286.589519   280.283662    23.690161     3.554511     0.441977
      1950.0     2.605135   312.124772   352.415086   632.725459     0.578436   108.703682    46.242119    62.461563    40.415883    40.869968     0.591380   286.482328   280.175837    23.895905     5.140915     0.223391
      1951.0    -0.643359   312.314353   351.587062   633.369401     0.702657   103.368141    42.781770    60.586371    40.175016    40.196525     0.734287   286.593766   280.263463    24.601053     3.413269    -0.622434
      1952.0    -0.088299   312.643606   350.300479   633.081032     0.558243   103.734430    43.311691    60.422738    40.166711    40.219829     0.740218   286.705296   280.559413    25.239069     4.378445     0.341488
      1953.0     1.236924   313.032754   349.587667   632.968129     0.515258   105.933929    44.616145    61.317784    40.369062    40.456263     0.740249   286.600631   280.269693    25.886211     4.872694     0.200104
      1954.0     2.002707   313.391939   349.896800   633.337845     0.448409   106.770468    45.158352    61.612116    39.906866    40.440435     0.741736   286.284321   279.826772    26.445560     4.408784     0.163854
      1955.0     1.884072   313.711235   350.036214   633.921492     0.621462   109.125328    46.175359    62.949969    41.031866    41.670575     0.745750   286.602180   280.244512    26.961691     4.365369     0.055061
      1956.0    -0.005360   314.000599   348.929245   634.258153     0.664136   105.773325    44.276116    61.497210    40.929582    41.060360     0.751899   286.684107   280.425384    27.431892     4.322725    -0.205882
      1957.0     0.740768   314.289933   347.993070   634.555423     0.757498   105.970063    44.678412    61.291651    40.670191    41.314183     0.753411   286.628435   280.336319    27.845507     4.300404     0.346722
      1958.0     0.441489   314.639161   346.492722   634.565313     0.696099   104.874991    44.200409    60.674582    40.564185    40.365544     0.755300   286.546491   280.237132    28.221954     5.335213    -0.208531
      1959.0     1.635846   315.108117   346.310966   635.144025     0.650734   105.339232    44.553697    60.785535    39.877612    40.714817     0.756956   286.332858   279.921306    28.534983     4.020635     0.258493
      1960.0     2.123140   315.916315   345.912484   635.396661     0.502677   106.624159    44.970455    61.653703    40.295585    40.767859     0.762505   286.506068   280.146238    28.807425     4.601079     0.219639
      1961.0     2.020591   316.594796   345.677228   635.604300     0.679719   106.956380    45.306909    61.649471    40.675681    40.884569     0.549395   286.595835   280.300378    28.187275     4.657596     0.001249
      1962.0     0.585937   317.333172   344.592524   635.562663     0.824762   104.534004    43.627738    60.906266    40.775707    40.587894     0.543100   286.899233   280.706385    27.632402     4.124546    -0.146176
      1963.0     2.357298   317.941802   343.924059   635.297326     0.986859   105.743732    44.804705    60.939027    39.949821    40.076566     0.536991   286.720208   280.470334    27.165293     5.396604     0.392082
      1964.0     3.576338   318.620283   344.625160   635.653315     0.824290   109.062995    46.650510    62.412486    40.602473    41.341479     0.532768   286.480062   279.882813    26.795258     4.607929     0.383017
      1965.0     2.018422   319.109215   344.673906   636.054508     0.901057   107.108801    45.342250    61.766551    40.589992    40.698658     0.524935   286.422927   279.995949    26.471075     4.594846    -0.292526
      1966.0     3.789772   320.166857   344.909055   636.292226     0.956696   108.516629    46.135160    62.381469    40.859162    41.036135     0.517819   286.521076   280.186876    26.234198     4.863875    -0.060745
      1967.0     1.210599   320.765529   344.258020   636.689866     1.012307   105.664600    44.363863    61.300737    40.653030    41.313529     0.511749   286.646504   280.397538    26.059486     3.701369     0.262859
      1968.0     1.727732   321.673511   342.998854   636.936364     0.976159   104.501295    43.933153    60.568141    40.306410    40.318333     0.506488   286.571988   280.265216    25.952461     4.873987    -0.234575
      1969.0     3.525837   322.531585   342.627309   636.678172     0.895272   107.649925    46.047295    61.602630    40.426960    40.792589     0.498353   286.471110   280.117979    25.919008     5.626250     0.623821
      1970.0     5.041355   324.058183   343.228638   637.215600     1.163154   109.154993    46.485015    62.669978    41.090577    41.529443     0.492254   286.499697   280.128343    25.979771     4.354243    -0.098562
      1971.0     2.915033   324.676800   343.478170   637.421522     1.038063   110.372663    47.076633    63.296031    41.599268    41.957423     0.470811   286.569499   280.431940    25.999962     4.869678     0.152233
      1972.0     5.812290   326.622479   343.437817   637.821919     1.244074   108.201510    46.060211    62.141299    40.750022    41.294378     0.471593   286.353771   279.922576    26.015802     4.806186     0.143958
      1973.0     6.212211   329.176787   343.546495   638.065073     1.319901   108.593961    45.819110    62.774851    41.346769    41.420173     0.470076   286.684752   280.477130    26.059536     4.290259    -0.169749
      1974.0     3.795972   330.024904   343.346033   637.954378     1.187230   109.187072    46.567813    62.619259    40.863057    41.077531     0.467897   286.542852   280.540017    26.109657     5.690744     0.325169
      1975.0     4.383311   330.094725   344.736971   638.745752     1.211824   113.764682    49.167001    64.597681    41.015641    42.453396     0.467793   286.250062   279.909020    26.100267     5.322667     0.646380
      1976.0     2.508535   330.803169   345.204125   639.790710     1.090441   111.891943    47.169782    64.722160    42.141921    42.621012     0.468319   286.634403   280.479104    26.200323     4.081616    -0.565866
      1977.0     4.828152   332.609144   344.658709   639.934375     1.385279   109.597994    46.245819    63.352175    41.766787    42.007343     0.466001   286.783848   280.709831    26.285810     4.783891     0.096892
      1978.0     6.598748   334.265458   344.918783   639.963740     1.396681   112.486431    48.410348    64.076083    41.645984    41.914244     0.465399   286.598830   280.453591    26.399902     6.236030     0.238895
      1979.0     4.929048   335.851921   345.584312   640.698781     1.459853   110.626517    46.788936    63.837581    41.627426    42.313672     0.464112   286.626451   280.583841    26.520765     3.809735    -0.048794
      1980.0     6.906005   337.947260   345.676099   640.906424     1.655172   112.016521    47.755643    64.260879    41.800691    42.257365     0.464653   286.754773   280.682399    26.610184     5.406490     0.249031
      1981.0     4.431820   339.304222   345.673814   641.072718     1.536829   112.235560    47.779739    64.455821    42.545293    42.492069     0.520468   286.946431   280.542912    26.944658     5.289955    -0.219518
      1982.0     4.033126   339.882950   345.861635   641.396708     1.242237   112.970135    48.588048    64.382087    41.781581    42.790914     0.522892   286.636806   280.245550    27.321648     5.609313     0.685343
      1983.0     7.077854   341.509302   346.817917   642.655845     1.434165   113.849045    49.230422    64.618623    41.703200    42.968560     0.525423   286.357346   279.899930    27.769358     5.305581     0.006223
      1984.0     5.759612   343.245456   346.882498   643.766458     1.409797   112.906273    48.226987    64.679286    42.139943    43.161193     0.529346   286.512067   280.181093    28.227779     5.001211    -0.089363
      1985.0     6.098836   344.692215   346.966310   644.462352     1.279050   114.322907    49.227967    65.094940    42.013932    43.017136     0.529997   286.368145   280.014323    28.592005     6.127019     0.307310
      1986.0     5.049308   346.129017   347.594963   645.452851     1.271833   114.574111    49.014846    65.559265    42.738621    43.765211     0.532507   286.713358   280.548708    28.962511     4.620982     0.036091
      1987.0     5.945004   347.994856   347.551707   645.833364     1.427510   114.214253    48.915023    65.299230    42.745756    43.084169     0.535508   286.832022   280.620579    29.314993     5.874109    -0.042099
      1988.0     6.438265   350.499287   347.396952   646.129262     1.679957   112.807721    47.801689    65.006031    42.855689    42.899445     0.538860   286.943655   280.796867    29.656054     5.056999    -0.252142
      1989.0     5.919653   352.105725   347.359628   645.698170     1.698871   116.280561    49.944608    66.335952    43.593820    43.595417     0.539201   287.200084   281.125674    29.954079     6.386516     0.432689
      1990.0     5.895960   353.283095   348.095920   646.482223     1.765899   116.806746    50.502435    66.304311    43.108407    44.336029     0.541521   286.903592   280.560509    30.185463     5.430114     0.443569
      1991.0     6.219297   354.560249   348.947380   647.350221     1.724931   117.170634    50.721435    66.449199    43.339600    43.877360     0.429831   286.853651   280.434272    29.833393     5.992614    -0.330239
      1992.0     4.013655   355.438298   349.577592   647.815932     1.620016   115.260884    49.087370    66.173514    43.038015    43.759677     0.429187   286.680259   280.336928    29.515654     4.697480     0.255952
      1993.0     5.465943   356.126767   350.315147   648.506455     1.699192   117.210826    50.817483    66.393343    42.797657    43.951127     0.425340   286.593496   280.446243    29.286266     6.128802     0.462946
      1994.0     6.732202   357.453798   351.370024   649.419559     1.818364   118.883934    51.310876    67.573058    43.488300    44.190044     0.422692   286.649032   280.176536    29.089109     6.065954    -0.211360
      1995.0     6.466365   359.439365   352.308161   649.963428     1.947946   118.464490    50.421531    68.042959    44.335018    44.954032     0.420154   287.102546   281.030189    28.971205     4.529362     0.075145
      1996.0     6.565198   361.195464   352.522834   650.289561     1.933427   118.750153    50.840256    67.909897    44.086106    44.880813     0.418534   287.211319   281.217137    28.817997     5.744770     0.468573
      1997.0     6.250468   362.442686   352.663600   650.767312     1.853111   118.273696    50.988265    67.285431    43.638990    43.932635     0.414588   286.972406   280.821420    28.794403     6.914865    -0.184107
      1998.0    11.021053   365.116722   355.310019   651.771873     2.051074   122.919088    53.439637    69.479451    44.409194    45.977293     0.412043   286.742724   280.574880    28.729601     4.815924     0.563539
      1999.0     7.269354   367.022481   356.180441   652.625345     2.004791   120.750214    51.635901    69.114313    44.640457    45.508555     0.410564   287.066638   280.918344    28.754717     5.256924     0.014625
      2000.0     5.935964   368.299635   356.672803   653.096503     1.845098   121.067525    52.149265    68.918260    44.940517    45.402708     0.409213   286.915581   280.730928    28.910536     6.254194    -0.008967
      2001.0     7.063684   369.846208   357.494539   653.885545     1.987015   121.355759    52.240326    69.115433    44.692270    45.147087     0.493073   287.064384   280.989797    29.378801     6.271504    -0.334224
      2002.0     7.015695   372.001381   357.950129   654.219868     2.029301   119.281909    51.129396    68.152513    45.019687    45.383540     0.398859   287.133585   280.702438    29.169598     5.290267     0.029529
      2003.0     7.882370   374.575664   357.978604   654.537684     1.969895   119.516057    51.091103    68.424954    44.570706    45.282357     0.625329   287.141164   281.057562    29.447784     5.780270     0.393836
      2004.0     8.705332   376.152139   359.088791   655.187913     2.253032   124.940032    54.486916    70.453116    45.162776    46.058243     0.657720   287.084381   281.119777    30.366034     7.318487     0.245237
      2005.0     6.450689   378.067885   359.943397   655.780366     2.414039   121.335198    51.707194    69.628003    45.677235    46.220458     0.434247   287.496160   281.528508    30.683750     4.632130    -0.049230
      2006.0     7.306262   380.163224   359.966080   655.663227     2.139018   120.472419    51.611286    68.861133    45.013005    44.936917     0.433647   287.403698   281.376155    30.489925     6.651685     0.041052
      2007.0     9.152106   381.749687   361.811806   656.433455     2.083564   125.364167    54.668179    70.695988    45.086683    46.259153     0.418540   286.992026   280.888275    30.416164     6.563301     0.402241
      2008.0     9.597638   383.884915   364.135252   657.494157     2.069924   126.997468    54.952899    72.044569    45.887581    47.375945     0.477254   287.208468   281.060543    30.406002     5.253508     0.427662
      2009.0     5.519564   385.421501   364.787821   658.238351     2.109964   123.854996    52.698859    71.156137    46.558679    46.485733     0.527328   287.561400   281.714974    30.378674     5.560557    -0.817140
      2010.0     8.471155   387.856080   364.580929   658.492830     2.343376   123.751698    53.261638    70.490060    45.687803    46.532676     1.070137   287.420699   281.510324    32.361305     6.935854     0.590393
      2011.0    10.479287   390.071148   366.693949   659.145122     2.462350   127.822902    55.532692    72.290210    45.985149    47.268106     0.594004   287.145923   281.192653    32.623508     6.151566     0.630666
      2012.0     8.178750   392.146512   367.990674   660.349921     2.464856   127.538394    54.825477    72.712917    47.083675    48.078795     0.559259   287.470264   281.528019    32.787861     5.449958    -0.209679
      2013.0     8.183344   394.840523   367.539158   660.735964     2.494018   125.075362    53.642184    71.433177    46.855127    47.214129     0.992389   287.647225   281.734167    33.837673     6.879571    -0.027042
      2014.0     8.001120   396.666442   367.686293   661.242495     2.260981   125.709727    54.467306    71.242420    45.806866    46.431539     0.801317   287.402999   281.498944    34.731735     7.888632     0.118142
      2015.0    11.046085   399.061133   370.159579   662.006993     2.324745   131.002773    57.224409    73.778363    46.885559    48.145095     0.625375   287.464987   281.495880    34.739574     6.606028     0.495038
      2016.0    11.278999   402.224071   371.762056   662.803456     2.306845   129.315444    56.022909    73.292535    47.189148    48.204063     0.476462   287.626324   281.823952    34.540977     6.216370     0.218452
      2017.0     9.884610   404.888150   372.844766   663.731290     2.567719   127.856007    55.074930    72.781078    46.697079    47.329564     0.490172   287.600658   281.716200    34.412170     6.662656    -0.295349
      2018.0    12.255679   407.851550   374.538957   664.554879     2.700963   131.912031    57.493663    74.418368    47.403627    48.745161     0.498133   287.576375   281.610425    34.251793     7.054311     0.517945
      2019.0     9.606657   410.874815   374.660537   665.412905     2.699251   126.659428    54.269041    72.390387    46.972717    47.528463     0.504495   287.722719   281.818822    34.120308     6.618998    -0.302281
      2020.0    10.221504   413.967932   375.203557   665.882834     2.783116   125.964200    54.453710    71.510491    46.802638    47.371875     0.510047   287.746118   281.728947    34.035763     6.538815     0.099309
      2021.0    10.064239   417.130869   375.371227   665.965474     2.797040   125.596933    54.137351    71.459582    46.671802    46.583085     0.721576   287.705455   281.609413    34.597828     7.386596    -0.171357
      2022.0    11.978483   420.393591   377.101354   665.973809     2.742280   130.751247    56.832555    73.918692    47.354786    48.276189     0.726283   287.655511   281.618584    35.140884     6.826239     0.913068
      2023.0    11.870125   423.776071   378.150053   666.532402     2.775660   131.301541    56.981772    74.319769    47.773909    48.011088     0.733616   287.685201   281.906381    35.700954     7.921985    -0.321415
      2024.0    14.257647   427.268293   379.952732   667.627510     2.935618   134.731499    59.353412    75.378087    47.822079    49.844488     0.736830   287.498334   281.384033    36.310604     7.706245     0.927301
      2025.0    12.345015   430.870255   381.255259   668.912780     2.975041   133.315330    57.759961    75.555369    48.493346    49.678373     0.738304   287.839243   281.969288    36.944302     6.779061    -0.100244
      2026.0    12.958556   434.581988   382.208743   669.698775     2.932761   134.397293    58.514710    75.882584    48.649110    49.528588     0.745489   287.863613   282.029157    37.503334     8.032637     0.093484
      2027.0    13.699070   438.403493   382.902464   670.414942     3.201238   134.289337    58.789647    75.499690    48.610369    49.278670     0.750711   287.824193   282.038701    38.003746     8.817256    -0.047866
      2028.0    14.289893   442.324752   385.505524   671.301161     3.344934   137.657141    59.903560    77.753581    49.431846    50.693241     0.756653   287.978450   282.329829    38.443771     6.607260     0.375176
      2029.0    12.541299   446.365739   385.650396   671.838361     3.311418   134.490262    57.993369    76.496893    49.454042    49.961179     0.757102   288.118983   282.419952    38.831936     7.887318    -0.030063
      2030.0    12.764642   450.506540   385.409998   672.117724     3.369580   132.530625    57.459729    75.070895    48.930150    49.086855     0.760543   287.964819   282.090923    39.139259     8.613273    -0.122659
      2031.0    16.843526   454.767039   387.354877   672.987796     3.407667   136.042062    60.143739    75.898323    48.028648    49.913236     0.565078   287.613141   281.624405    38.406193     8.285624     1.014516
      2032.0    15.768455   459.137309   389.800837   674.382914     3.524879   138.273694    60.748475    77.525219    49.907003    50.934302     0.559823   287.787294   281.940641    37.757206     7.368213    -0.367819
      2033.0    15.021158   463.647253   390.978244   675.485575     3.559751   136.422535    59.390155    77.032380    49.540789    50.997259     0.552384   287.850950   282.141002    37.191128     7.215489     0.353808
      2034.0    15.968359   468.286912   392.029712   676.457807     3.574377   138.060425    60.719962    77.340463    49.957700    51.013174     0.545221   287.987502   282.127894    36.692627     8.655320     0.083243
      2035.0    17.471280   473.056287   394.095659   677.250007     3.755151   139.993186    61.630363    78.362823    50.082602    50.924650     0.539019   287.808462   281.995738    36.280956     8.639766     0.049848
      2036.0    17.257696   477.955379   396.313782   678.068799     3.777462   141.851778    62.292966    79.558811    50.816843    52.046457     0.536204   288.060735   282.370876    35.967648     8.028386     0.410823
      2037.0    17.416856   482.994173   398.194254   679.219013     3.923925   142.175513    62.434686    79.740828    51.297058    52.569466     0.527969   288.119275   282.544013    35.724674     7.984748     0.122193
      2038.0    17.650906   488.162654   400.063323   680.057337     3.867235   142.174656    62.351959    79.822697    51.162192    51.970286     0.522886   288.102251   282.416781    35.575882     8.512604    -0.030230
      2039.0    17.830062   493.470837   401.698944   680.809544     4.193220   141.605002    61.676020    79.928982    50.993042    51.916020     0.516223   288.230487   282.855568    35.508507     8.124378     0.170771
      2040.0    18.144643   498.908707   403.391460   681.592583     4.176837   143.144164    62.612514    80.531650    51.692901    52.350391     0.510744   288.257275   282.466778    35.509815     8.569608    -0.125549
      2041.0    17.939515   504.486279   404.252718   682.328236     4.308896   139.893923    61.041291    78.852632    50.842333    52.133462     0.437580   288.308222   282.676211    35.376518     8.046571     0.555476
      2042.0    19.125909   510.203555   405.509352   683.246972     4.307143   140.793985    61.811628    78.982357    50.637823    51.379926     0.436128   288.267116   282.477017    35.266571     9.175069    -0.176633
      2043.0    18.602531   516.080449   407.534941   683.769151     4.244689   142.203633    61.924016    80.279617    51.614840    52.396456     0.434466   288.470792   282.865377    35.199383     7.501971     0.259436
      2044.0    20.105690   522.107064   409.078168   684.024706     4.374885   144.772174    63.531233    81.240941    51.819368    52.418343     0.434051   288.538588   282.995636    35.130219     9.569664     0.343420
      2045.0    20.571801   528.283310   411.353514   684.388560     4.541545   146.088512    64.076783    82.011729    52.391768    52.623619     0.431856   288.653295   283.012882    35.113693     9.177817    -0.132003
      2046.0    21.412979   534.619173   413.936542   684.982256     4.459160   149.058863    65.817963    83.240899    53.185385    54.464211     0.431881   288.688944   283.194438    35.115993     8.770725     0.685129
      2047.0    21.333077   541.104727   416.584173   686.024620     4.584791   149.277867    65.567428    83.710439    53.459847    54.637525     0.434234   288.740551   283.155580    35.147263     8.282272     0.135313
      2048.0    20.869020   547.759886   417.807000   686.638516     4.576003   148.349065    64.971834    83.377231    53.939620    54.242315     0.434952   288.904294   283.343972    35.202827     9.506692    -0.311201
      2049.0    22.672912   554.564736   420.350831   686.827145     4.620729   150.556424    66.158780    84.397644    53.549401    54.078932     0.431959   288.825227   283.377355    35.311226     9.536017     0.340902
      2050.0    22.281531   561.529264   422.972689   687.844695     4.807239   149.846185    65.612310    84.233875    53.752906    55.239724     0.430280   288.827782   283.373761    35.453690     7.750728     0.469268
      2051.0    23.721032   568.663337   424.971723   688.737068     4.941609   151.267275    66.652617    84.614658    54.060329    55.293833     0.224111   289.055456   283.507444    35.172028     9.359750     0.341131
      2052.0    21.671518   575.977063   426.144512   689.499708     5.030068   147.302083    64.045902    83.256181    54.065593    54.070354     0.222341   289.177701   283.774063    34.940296     8.802759    -0.757878
      2053.0    23.637956   583.480370   428.364822   689.501146     4.996289   149.743360    65.359824    84.383537    53.718866    54.161378     0.218759   289.170566   283.898722    34.776966     8.978135     0.441073
      2054.0    24.794101   591.193170   430.384862   689.706424     4.883969   150.832699    66.056454    84.776246    53.571286    53.900429     0.215514   288.997975   283.804157    34.627785    10.135984     0.123864
      2055.0    26.861229   599.095551   433.892246   690.707066     4.981465   155.730288    68.984199    86.746089    54.706308    55.864313     0.212423   288.974724   283.574607    34.524368     9.612503     0.157364
      2056.0    22.689411   607.197500   435.900537   691.656020     4.857794   150.462300    64.789474    85.672826    54.798364    55.721934     0.210582   289.366936   284.316618    34.468506     7.059248    -0.025383
      2057.0    26.331382   615.499016   438.135791   691.860461     4.964160   154.711967    68.074185    86.637782    54.995501    55.725066     0.207661   289.405122   284.088208    34.433189    10.113865     0.525123
      2058.0    26.156920   624.000100   440.434200   692.348455     4.994662   153.972277    67.381915    86.590362    55.098523    55.873375     0.204862   289.413190   284.094348    34.469498     9.210131     0.286859
      2059.0    27.838950   632.700691   442.951640   693.472279     5.160786   155.449502    68.482510    86.966992    55.051270    55.727843     0.201117   289.232549   283.750316    34.499527    10.237226    -0.447252
      2060.0    26.506762   641.610837   445.521484   693.891803     5.204626   154.727672    67.255964    87.471708    55.438278    56.110621     0.199069   289.543055   284.015319    34.579346     8.575500     0.252820
      2061.0    26.837108   650.720551   447.026771   694.209097     5.345231   153.332588    66.669426    86.663163    55.273777    55.746874     0.139357   289.605434   284.255956    34.579319     9.417264     0.155803
      2062.0    28.961632   660.039820   449.616392   694.639146     5.384859   156.845371    69.007219    87.838153    55.992945    56.406381     0.139637   289.531629   284.231792    34.621460    10.011216    -0.016614
      2063.0    29.974396   669.548608   452.797761   695.185662     5.278739   160.409874    70.939199    89.470675    56.838176    57.684190     0.139369   289.680076   284.501856    34.664474    10.073639     0.299498
      2064.0    29.496644   679.276939   456.140826   696.012116     5.251378   159.572993    69.734132    89.838861    56.678910    57.456953     0.139590   289.490736   284.136637    34.720600     8.934114    -0.048410
      2065.0    29.241927   689.204837   458.845327   696.859852     5.635155   158.783598    68.839359    89.944239    56.844516    58.290671     0.138826   289.730329   284.546981    34.740410     7.844188     0.598418
      2066.0    26.389132   699.342291   458.914451   696.967579     5.480125   152.150578    65.223253    86.927325    56.630024    56.000994     0.138770   290.090485   285.104411    34.770706     9.153136    -0.736757
      2067.0    30.434566   709.689239   459.618421   696.530551     5.633292   153.278836    67.157496    86.121341    55.211491    54.847963     0.138376   289.802584   284.598652    34.822418    11.605563     0.073499
      2068.0    31.537510   720.245681   463.627025   696.472052     5.618071   160.417932    69.960813    90.457119    57.017634    57.303223     0.138685   289.993928   284.920099    34.876694     8.648986     0.344087
      2069.0    31.810697   731.021727   466.464032   696.446960     5.502544   160.620885    70.009586    90.611298    56.965414    57.406832     0.138419   290.060759   285.157395    34.956329     9.765748     0.466511
      2070.0    31.389717   742.007207   468.874461   697.164466     5.630643   160.162478    69.586966    90.575512    57.392206    58.366453     0.138730   290.144222   285.109058    35.048859     8.810084     0.256740
      2071.0    29.602077   753.212290   470.100637   697.390014     5.461546   157.613276    67.692503    89.920773    57.635992    57.506320     0.116769   290.492128   285.583036    35.060581     8.960007    -0.355219
      2072.0    33.859237   764.616879   471.901019   696.930315     5.786462   162.578718    71.281676    91.297043    57.732187    57.446922     0.116808   290.472246   285.548095    35.085785    12.034371     0.174434
      2073.0    33.311952   776.201062   475.149859   696.894468     5.990804   162.279670    70.423445    91.856225    58.080609    57.836795     0.116532   290.393973   285.558664    35.102043     9.337810    -0.207967
      2074.0    32.893097   787.964837   477.644170   697.104053     5.782692   161.238150    69.708881    91.529269    57.989629    58.636857     0.116497   290.343782   285.408340    35.152412     8.577713     0.437643
      2075.0    34.435515   799.908266   479.789268   697.393303     5.906284   162.985609    70.873769    92.111841    58.122544    58.390238     0.116285   290.460395   285.503826    35.178776    10.338432    -0.021556
      2076.0    32.839126   812.041214   481.647879   697.586431     5.999007   160.444201    68.908981    91.535220    58.015457    58.312858     0.116586   290.615007   285.815580    35.220406     8.737512     0.104272
      2077.0    32.433595   824.353815   482.299329   697.597795     5.970169   156.860332    67.042324    89.818008    57.328307    56.782694     0.116071   290.702758   285.826160    35.252029     9.608180    -0.556977
      2078.0    33.921892   836.865923   484.075864   696.718824     5.996256   160.310945    68.930411    91.380534    57.873861    57.550369     0.115917   290.870115   286.152905    35.284466     9.603506     0.555479
      2079.0    36.687516   849.557685   486.498608   696.095846     6.003955   164.752638    71.822112    92.930526    58.355877    58.346461     0.115806   290.894011   286.164569    35.318596    11.052908     0.613561
      2080.0    35.180656   862.448954   489.113360   696.250819     5.924047   164.952223    70.996686    93.955536    59.127139    59.203389     0.116450   291.110327   286.532466    35.371403     9.178545    -0.078724
      2081.0    33.538085   875.529802   490.268750   695.739753     6.059185   161.763401    68.891584    92.871817    59.300015    58.123059     0.110088   291.575104   287.271352    35.406006     9.613136    -0.665889
      2082.0    37.238762   888.730440   492.015445   695.043198     6.165859   164.672877    71.608938    93.063940    58.606198    58.481993     0.110042   291.113649   286.537677    35.416523    11.380250     0.572350
      2083.0    36.621968   901.970907   495.106053   695.124738     6.140784   166.513040    71.668489    94.844551    59.342478    59.878852     0.109986   291.297174   286.647398    35.459713     8.699029     0.454834
      2084.0    35.047030   915.261311   496.023952   694.949778     5.923213   163.210315    69.648717    93.561598    58.824217    58.212415     0.110323   291.371963   286.746128    35.483833    10.518403    -0.436842
      2085.0    36.466185   928.601591   498.251560   694.684068     6.102287   165.461768    71.205363    94.256405    59.259238    59.069546     0.110443   291.371819   286.880052    35.515656     9.908208     0.076019
      2086.0    35.483497   941.991809   500.145484   694.180297     6.105642   164.742127    70.007929    94.734198    59.102014    58.958223     0.110673   291.644785   287.291920    35.536362     9.155783     0.359980
      2087.0    36.396932   955.441831   501.769723   693.652190     6.013145   166.385606    70.955466    95.430140    59.254253    58.649929     0.110212   291.793127   287.473151    35.544849    10.681298    -0.076217
      2088.0    36.617870   968.941729   503.816863   693.260542     6.158551   166.100361    71.018007    95.082353    59.363636    59.364608     0.110762   291.923045   287.600593    35.551151     9.606259     0.392619
      2089.0    34.715783   982.491565   505.289100   692.863570     5.914571   162.922913    68.890813    94.032100    59.053013    58.267126     0.111248   292.022199   287.739894    35.564812     9.151451    -0.388914
      2090.0    35.371731   996.101265   505.582980   692.316614     5.793098   161.170529    68.294917    92.875612    58.067813    57.859389     0.110987   291.892414   287.543240    35.571976    10.141647     0.338533
      2091.0    36.426648  1009.750854   507.216299   691.625563     5.837317   162.097596    69.108739    92.988857    57.888391    56.881262     0.103478   291.926803   287.626792    35.526005    10.594159    -0.316079
      2092.0    34.262268  1023.420358   508.826252   691.030569     5.628312   160.323298    67.321270    93.002028    58.100343    57.901472     0.104371   291.953786   287.541252    35.490032     7.809845     0.396124
      2093.0    37.128930  1037.089983   509.783252   690.201731     5.917362   164.131260    70.336633    93.794627    58.558733    57.702566     0.103554   291.867112   287.492364    35.445541    11.677066    -0.027329
      2094.0    35.361587  1050.759486   511.808334   689.866998     5.786741   162.477025    68.804191    93.672834    58.625642    58.248202     0.103629   292.049843   287.621791    35.408447     8.530907    -0.042708
      2095.0    34.089512  1064.429111   512.489942   688.800830     5.701963   161.882624    67.768718    94.113906    58.728204    57.585873     0.103382   292.436356   288.277907    35.377048     9.501237    -0.076163
      2096.0    34.970090  1078.098615   513.161869   687.694654     5.674159   161.553835    68.023237    93.530598    58.362428    57.441051     0.103263   292.460797   288.370451    35.321892     9.910258     0.184798
      2097.0    37.722647  1091.768118   515.732440   686.774590     5.853582   167.372089    71.315078    96.057011    59.039913    58.532295     0.102140   292.435309   288.339240    35.276207    10.212213     0.412447
      2098.0    34.034783  1105.437743   517.232311   686.432616     5.759916   162.909488    67.996923    94.912565    58.992812    58.662059     0.102965   292.623263   288.637010    35.240967     7.834992     0.011221
      2099.0    33.599414  1119.007493   517.069097   685.214597     5.637931   161.683923    67.598381    94.085542    58.965887    57.560720     0.101671   292.954060   289.030204    35.191566    10.200875    -0.187149
      2100.0    37.107505  1132.676997   518.769492   683.968011     5.863110   166.262559    70.790000    95.472559    58.984983    58.228079     0.101351   292.686406   288.706977    35.153103    10.861525     0.489682
      2101.0    35.629346  1146.346622   520.644950   683.465843     5.801437   164.667414    69.082425    95.584989    58.440416    57.686822     0.097444   292.652271   288.746803    35.042233     9.520145    -0.251426
      2102.0    35.745224  1159.916372   522.380428   683.013089     5.665064   166.546525    70.252927    96.293597    59.245942    59.243291     0.096728   292.699072   288.651945    34.957047     9.274159     0.450103
      2103.0    34.963667  1173.386368   523.537184   682.688173     5.628320   166.731127    70.241626    96.489501    59.893507    59.536708     0.096198   293.040866   289.020645    34.870819     9.548161    -0.031882
      2104.0    33.107873  1186.856365   524.075080   681.613638     5.624291   163.586166    67.828286    95.757881    59.343712    57.928407     0.095994   293.258113   289.454001    34.799709     9.361982    -0.340771
      2105.0    33.582958  1200.326361   524.168924   680.159096     5.773900   163.167598    67.989270    95.178328    59.388979    57.468784     0.094986   293.225501   289.532484    34.732834    10.426643    -0.465653
      2106.0    35.991658  1213.696605   526.193463   678.965959     5.817368   166.334455    70.042141    96.292314    58.713764    58.735148     0.094286   293.025350   288.945560    34.660820     9.282454     1.214522
      2107.0    33.025702  1226.966973   526.757221   678.930393     5.634337   162.514329    67.667226    94.847103    58.780594    58.625380     0.093730   293.161731   289.398928    34.613468     8.478089    -0.119649
      2108.0    30.979923  1240.237462   526.164722   677.774408     5.724731   158.185107    64.808214    93.376893    58.342746    56.852588     0.093336   293.611747   290.082116    34.564369     8.548124    -0.334173
      2109.0    32.096812  1253.408077   524.838123   676.202912     5.608056   157.688455    65.778967    91.909489    57.830692    56.176819     0.092180   293.735050   290.060203    34.509205    10.928746    -0.082377
      2110.0    33.198808  1266.479060   525.872659   674.424135     5.477797   160.748903    67.205591    93.543312    58.019480    55.893887     0.091431   293.759422   289.978308    34.464348    10.277168    -0.346816
      2111.0    32.114865  1279.549921   526.637547   673.070144     5.512515   160.210745    65.912584    94.298160    57.530919    56.694296     0.090631   293.876296   290.380748    34.427105     8.453401     0.517368
      2112.0    32.084308  1292.620782   526.317797   671.848261     5.480910   159.822000    66.384069    93.437931    57.885726    56.854505     0.090478   293.939714   290.268905    34.385212     9.849314     0.190661
      2113.0    32.223064  1305.591890   526.525526   670.591995     5.554922   159.469700    66.065819    93.403880    57.637549    56.076683     0.089773   293.943945   290.394260    34.344387     9.781408    -0.304600
      2114.0    31.407828  1318.463245   527.027270   669.257637     5.356202   159.018752    65.172456    93.846296    57.035499    56.320549     0.089390   293.909444   290.383718    34.304268     8.350163     0.619408
      2115.0    30.551300  1331.234724   525.699392   668.183148     5.265458   155.914578    64.146857    91.767722    56.837557    55.039371     0.088909   294.178556   290.873039    34.247570    10.435363    -0.723697
      2116.0    32.834967  1344.006325   526.166868   666.579256     5.316730   160.513370    67.206627    93.306743    57.346235    55.825034     0.088689   294.035963   290.366510    34.184986    10.914117     0.082691
      2117.0    32.781664  1356.777926   527.913498   665.602371     5.541451   161.671603    67.193362    94.478241    57.541097    57.204477     0.088208   293.990764   290.238262    34.140354     8.242255     0.640265
      2118.0    28.997981  1369.349898   527.380633   664.831453     5.301236   156.989427    63.883723    93.105705    57.486396    56.433408     0.087964   294.243568   290.793930    34.095444     7.983180    -0.282070
      2119.0    30.974151  1381.921871   526.107449   663.341419     5.243393   156.991134    64.964463    92.026670    56.716853    55.172653     0.087587   294.316061   290.818934    34.040939    11.064994    -0.054166
      2120.0    33.041924  1394.493843   527.660905   662.240836     5.454815   162.161415    67.345824    94.815591    57.082605    56.427028     0.087473   294.282031   290.743486    33.990761     9.365340     0.445006
      2121.0    28.026628  1406.866309   527.045514   661.215604     5.364157   156.726430    63.432913    93.293517    57.500909    55.949139     0.086933   294.803511   291.829707    33.943470     8.099164    -0.526537
      2122.0    31.151916  1419.238774   526.267450   659.545768     5.103880   158.090507    65.632317    92.458189    56.665747    55.441158     0.086349   294.486029   290.912611    33.888229    10.969223     0.445248
      2123.0    30.349272  1431.611240   527.010656   658.820007     5.370431   157.683579    64.351345    93.332234    56.183314    56.357864     0.085987   294.249536   290.587675    33.848827     7.250275     0.900311
      2124.0    29.183290  1443.784077   525.084863   657.755042     5.195030   155.185856    63.710460    91.475396    56.310506    54.109545     0.085736   294.714200   291.526184    33.803730    11.526709    -1.135996
      2125.0    30.338666  1455.956914   525.245775   656.595850     5.203787   156.086015    64.332623    91.753392    55.770665    54.895479     0.084841   294.577047   291.171087    33.762154     9.276232     0.284006
      2126.0    30.680799  1468.030120   526.152885   655.214486     5.060187   160.381086    66.075750    94.305336    56.639054    55.429285     0.084403   294.707146   291.304744    33.722153     9.739355     0.171595
      2127.0    28.003414  1480.003450   525.602152   654.327342     4.983662   156.065439    63.231077    92.834362    56.493275    55.308531     0.084090   294.888680   291.607614    33.715496     8.473278    -0.297600
      2128.0    28.560396  1491.976780   524.621222   652.904252     4.909660   156.434505    64.000176    92.434329    56.225429    55.256241     0.083786   294.917168   291.821520    33.690792     9.724866     0.453902
      2129.0    30.625953  1503.850235   524.816650   651.968566     5.109062   158.555946    65.848151    92.707795    56.192851    55.102927     0.082989   294.700997   291.312862    33.671585    10.549795    -0.154238
      2130.0    28.715956  1515.624059   525.453451   651.095355     5.233297   157.205665    63.650476    93.555189    56.006383    55.489579     0.082619   295.042614   291.834503    33.647884     7.524096     0.356407
      2131.0    25.390200  1527.298007   522.742170   649.951618     5.453740   149.963908    60.079626    89.884282    55.655973    53.805814     0.082217   295.357889   292.266017    33.619137     8.985093    -0.706422
      2132.0    29.408873  1538.872324   521.857164   648.149523     5.315772   156.242999    64.739033    91.503966    55.824089    54.359526     0.081990   295.250985   292.267163    33.616138    11.264514     0.337532
      2133.0    28.130056  1550.446519   521.752144   646.836874     5.317822   154.002705    62.701070    91.301635    55.165113    54.141126     0.081424   295.248431   292.245590    33.610420     8.664963     0.288663
      2134.0    27.378951  1561.920960   520.912032   645.694184     5.280479   152.485158    61.841889    90.643270    54.975931    53.622673     0.081033   295.194385   291.879220    33.608437     9.059327    -0.210568
      2135.0    26.842410  1573.295649   519.636137   643.887001     5.136379   152.910580    61.534479    91.376101    54.903546    52.948666     0.080730   295.552798   292.668833    33.597321     9.861708    -0.147697
      2136.0    28.047897  1584.570461   519.786084   642.312324     5.052594   156.476549    63.993358    92.483191    55.463963    54.554320     0.080615   295.485408   292.558148    33.579472     9.289091     0.665035
      2137.0    28.841939  1595.745643   520.041944   641.323758     4.968974   157.911740    64.949714    92.962026    55.342225    54.536756     0.080093   295.204597   291.853338    33.572807    10.157098     0.183097
      2138.0    27.584787  1606.820949   520.106090   640.689456     4.998695   156.295981    63.668229    92.627752    55.232590    54.497576     0.079856   295.263375   292.213596    33.556355     9.106506    -0.100712
      2139.0    27.745714  1617.896255   519.962877   640.220919     4.987125   155.124962    62.898523    92.226439    54.454749    54.127795     0.079563   295.229743   292.081478    33.556126     8.913942     0.141584
      2140.0    24.669494  1628.871808   518.219561   639.334522     5.005040   150.713860    60.003911    90.709949    54.612012    53.157928     0.079504   295.574326   292.436034    33.551338     8.589299    -0.567688
      2141.0    26.266293  1639.747607   517.060165   637.576551     5.009965   152.312544    62.043349    90.269195    54.782411    53.284009     0.078831   295.788516   292.766304    33.545822     9.918736     0.259569
      2142.0    26.928106  1650.523531   516.780556   636.191903     4.890014   152.788971    62.218983    90.569987    53.997974    53.115864     0.078463   295.550499   292.427486    33.537708     9.382729     0.502538
      2143.0    24.022560  1661.199824   515.251436   635.420744     4.925537   146.742543    58.488961    88.253583    53.281520    51.990993     0.078152   295.876228   292.829040    33.532852     8.027088    -0.519368
      2144.0    22.484716  1671.776241   512.498378   633.607409     4.780810   144.452518    57.736052    86.716466    53.438931    51.510367     0.077961   296.223582   293.264583    33.521214     8.978743    -0.115229
      2145.0    26.109199  1682.252905   511.685236   631.673538     4.664798   150.326405    61.413817    88.912588    53.127797    51.626264     0.077277   296.054385   292.985270    33.511101    10.600694     0.432338
      2146.0    25.582032  1692.729569   511.231346   630.606122     4.941634   148.143230    59.913322    88.229908    52.361534    51.427978     0.076942   295.899406   292.869269    33.508011     8.939234     0.133860
      2147.0    25.272239  1703.006727   511.283120   629.493071     4.829134   151.501977    61.252571    90.249406    53.335340    52.824948     0.076638   296.009361   292.939447    33.511127     8.375848     0.602659
      2148.0    22.761050  1713.283762   508.716172   628.304498     4.829140   146.450779    58.659995    87.790784    53.562232    51.682297     0.076463   296.441143   293.591676    33.518032     9.544647    -0.691363
      2149.0    23.120031  1723.361291   506.481128   626.711016     4.763013   144.069859    58.294800    85.775059    52.394901    50.885253     0.075767   296.333315   293.392612    33.507282     9.644592     0.083835
      2150.0    25.400905  1733.438941   507.085801   625.133978     4.793851   151.000309    61.447336    89.552973    53.288043    51.593792     0.075367   296.334756   293.365260    33.494968     9.248871    -0.117213
      2151.0    24.724242  1743.416716   506.603872   624.291185     4.864537   150.922252    60.615574    90.306678    52.845472    52.485545     0.075102   296.315001   293.380973    33.490074     8.611958     0.482865
      2152.0    23.819692  1753.294616   505.349540   623.425950     4.833944   149.633990    60.275099    89.358891    53.211449    52.372163     0.074975   296.379924   293.482150    33.482052     9.157269     0.025949
      2153.0    22.006325  1762.973132   503.309201   622.446513     4.738500   145.795857    58.184548    87.611309    52.427393    51.249712     0.074374   296.447788   293.605937    33.489738     8.975175    -0.198245
      2154.0    22.435511  1772.651525   501.257018   621.155499     4.853468   143.817575    57.533005    86.284570    51.504826    50.384110     0.074017   296.400597   293.567083    33.482727     9.201078     0.170299
      2155.0    22.288781  1782.230165   499.892856   619.709549     4.605132   144.482022    58.134526    86.347495    51.863460    50.231405     0.073597   296.574383   293.843766    33.490093     9.267284    -0.186106
      2156.0    22.894743  1791.709051   498.955378   618.161999     4.665449   146.234748    59.218350    87.016398    51.968277    50.628946     0.073383   296.516389   293.694618    33.502155     9.526882     0.208219
      2157.0    20.791760  1801.088184   497.546923   616.673592     4.915365   142.847354    56.247752    86.599602    51.293008    49.537307     0.072879   296.676831   294.062168    33.518768     8.118900    -0.267295
      2158.0    22.256113  1810.367564   495.264769   614.848021     4.626425   141.849599    57.318602    84.530997    50.540929    48.961162     0.072447   296.589882   293.859707    33.522251    10.639593     0.245805
      2159.0    22.841601  1819.447315   495.599823   613.854473     4.558002   145.962601    58.618584    87.344017    50.632676    50.050865     0.072047   296.517288   293.772999    33.527473     8.232665     0.411738
      2160.0    21.248715  1828.527066   494.770279   612.725883     4.669861   146.093449    58.168024    87.925425    51.754688    50.783310     0.071916   296.900680   294.295695    33.537949     8.214258     0.157212
      2161.0    19.101487  1837.507064   491.933854   611.515338     4.564274   141.093148    55.683912    85.409236    51.200233    49.492391     0.071318   297.209120   294.573163    33.555656     9.027946    -0.497298
      2162.0    22.640698  1846.387308   490.308083   609.572819     4.550525   143.954889    58.352543    85.602346    50.343311    48.730563     0.070887   296.814869   294.269946    33.557686    11.247751     0.329771
      2163.0    20.483203  1855.067924   490.458656   608.589787     4.774858   144.577380    57.110020    87.467360    50.872667    49.918500     0.070593   297.126672   294.661732    33.566902     7.040948     0.028865
      2164.0    20.564957  1863.748661   488.329446   607.061588     4.575972   143.393618    57.042667    86.350952    50.688789    49.329069     0.070438   297.191706   294.681511    33.579876     9.842807     0.168479
      2165.0    19.890816  1872.229770   487.161814   605.826822     4.584411   143.292026    56.959223    86.332803    50.690210    49.373538     0.069902   297.241857   294.889615    33.592316     8.753317    -0.081906
      2166.0    19.973443  1880.710879   485.430999   604.511200     4.669613   141.180371    56.342421    84.837951    50.074730    49.123858     0.069566   297.216239   294.520347    33.594784     8.949377     0.364750
      2167.0    17.856470  1888.992360   482.934600   603.418279     4.415874   136.384306    53.717113    82.667192    49.272924    47.600255     0.069144   297.413455   295.049990    33.605888     8.613258    -0.579749
      2168.0    20.762311  1897.273962   481.963971   601.513500     4.440682   143.322994    57.954500    85.368493    50.365828    49.091057     0.068901   297.398262   295.074459    33.607006     9.834072     0.630008
      2169.0    17.574189  1905.355935   480.232594   600.414677     4.595405   137.781579    54.020999    83.760580    49.450115    47.928232     0.068338   297.390050   294.788263    33.605858     7.824144    -0.423060
      2170.0    18.390813  1913.338156   478.020195   598.760069     4.346329   138.302947    54.749350    83.553597    49.064270    47.282236     0.067940   297.414117   295.070036    33.594772     9.679513    -0.127426
      2171.0    19.810862  1921.320376   477.512001   597.371390     4.331176   142.355690    56.978150    85.377540    49.594981    48.704146     0.067581   297.358045   294.929224    33.600368     8.782198     0.497844
      2172.0    18.412428  1929.103089   476.170748   596.439570     4.218737   140.335496    55.695061    84.640435    49.158415    48.565318     0.067439   297.361405   294.943774    33.606518     8.470997     0.338722
      2173.0    19.297449  1936.785927   475.036439   595.697306     4.471797   140.947531    56.617819    84.329712    49.353713    48.634550     0.066838   297.445304   294.950019    33.610165     9.117579     0.023101
      2174.0    17.922243  1944.369012   473.447283   594.581119     4.455704   140.129422    55.761098    84.368324    49.595331    48.342252     0.066425   297.630341   295.283315    33.608776     9.008002    -0.136892
      2175.0    17.269576  1951.852344   471.515435   593.562601     4.299596   137.118450    54.163034    82.955416    48.262576    47.331158     0.066055   297.533078   295.033958    33.609985     8.763724     0.087100
      2176.0    17.618971  1959.235922   470.174540   592.457078     4.252611   139.066071    55.313611    83.752460    48.827196    47.389672     0.065852   297.639958   295.254559    33.603622     9.264834    -0.332000
      2177.0    19.242927  1966.519746   469.380044   591.266737     4.146313   141.464592    56.550053    84.914538    48.442641    47.791223     0.065371   297.467987   294.788668    33.602863     9.553326     0.538923
      2178.0    17.679247  1973.603942   469.365600   590.405687     4.367394   143.385068    56.498587    86.886481    49.499671    48.020073     0.065111   297.838446   295.380739    33.589397     8.492958    -0.618548
      2179.0    16.100508  1980.688139   467.969581   589.309131     4.503143   139.804161    54.564619    85.239542    49.146356    48.430084     0.064883   298.042192   295.690035    33.582390     7.530553     0.380284
      2180.0    16.334567  1987.672581   465.539511   587.774426     4.436745   137.500531    54.181795    83.318736    48.380104    46.781416     0.064735   298.087424   295.704786    33.578587     9.830449    -0.063983
      2181.0    16.155064  1994.457517   464.040431   586.308955     4.518781   135.074795    53.004826    82.069970    47.428528    45.878371     0.064199   298.010836   295.840606    33.581429     8.625535    -0.084686
      2182.0    16.053251  2001.242331   463.121457   584.890408     4.418709   136.164277    53.473150    82.691127    47.695744    46.508386     0.063792   297.951979   295.624379    33.572548     7.883738     0.231188
      2183.0    16.072800  2007.827760   461.299051   583.295835     4.187103   135.880791    53.642655    82.238136    47.247764    45.657313     0.063441   298.031258   295.629479    33.560146     9.807748     0.004122
      2184.0    15.570009  2014.313314   460.013703   582.190670     4.311609   136.093549    53.489115    82.604434    47.468793    46.512833     0.063320   298.063129   295.825890    33.542789     8.261630     0.149206
      2185.0    14.592772  2020.698993   458.447543   580.823396     4.366348   133.680747    52.010573    81.670174    47.012572    45.565927     0.062797   298.347706   295.980712    33.526695     8.010807    -0.079372
      2186.0    15.265993  2027.084793   456.803024   579.316399     4.272813   133.651424    52.431104    81.220319    46.670917    45.192857     0.062464   298.096805   295.676905    33.513702     8.882766     0.028937
      2187.0    16.270315  2033.271087   456.187428   578.505542     4.096456   136.612502    54.349448    82.263054    46.833753    46.687659     0.062159   297.801492   295.185140    33.498844     8.277385     0.664763
      2188.0    14.623343  2039.257752   454.792027   577.818864     4.247146   135.792644    53.264411    82.528233    47.070509    45.875563     0.062083   298.101024   295.640667    33.494404     8.784250    -0.508269
      2189.0    13.505918  2045.244417   453.346353   576.808220     3.862896   133.848259    52.309986    81.538273    46.705824    46.299266     0.061583   298.300650   295.870795    33.488434     7.456393     0.604087
      2190.0    14.883260  2051.131207   451.543214   575.553261     4.212849   135.302629    53.698417    81.604212    46.929012    45.374039     0.061204   298.330430   295.785857    33.480167    10.127517    -0.300014
      2191.0    12.698040  2056.818491   450.256638   574.150048     3.955698   131.869291    51.324404    80.544887    46.137151    44.749484     0.060895   298.318770   295.901958    33.477585     7.861497     0.015546
      2192.0    13.868901  2062.506017   448.349421   572.820322     4.246574   131.545588    51.550292    79.995296    45.609473    44.537020     0.060724   298.211107   295.759596    33.475208     8.920489     0.257273
      2193.0    12.090032  2067.993794   446.374656   571.607716     4.121170   130.064424    50.924539    79.139884    46.219518    44.735123     0.060236   298.529063   296.074239    33.462070     8.164182    -0.271790
      2194.0    13.077704  2073.481570   444.442956   570.267941     4.084223   130.051962    51.131720    78.920242    45.540503    43.946404     0.059865   298.508586   296.373874    33.438366     9.117015    -0.254323
      2195.0    15.266627  2078.769596   444.517634   569.028974     3.990932   136.173840    54.602414    81.571426    46.148349    45.502365     0.059522   298.154539   295.771390    33.428093     9.025371     0.592983
      2196.0    13.127165  2083.958234   444.637781   568.085907     4.365038   137.660816    53.687535    83.973281    47.274772    46.774047     0.059430   298.582034   296.437661    33.427319     6.793342     0.442342
      2197.0    11.429502  2089.046753   441.360526   567.111177     4.091580   129.863795    50.454495    79.409300    45.665259    44.099403     0.058997   298.606453   296.177276    33.419609     9.632347    -0.591126
      2198.0    13.042200  2094.035641   439.980573   565.796807     4.022469   131.823351    51.891995    79.931356    45.138349    43.996292     0.058717   298.367202   295.920656    33.414276     9.275657     0.172313
      2199.0    11.257245  2098.825022   439.209806   564.843174     4.090535   129.906651    50.224181    79.682470    44.829005    43.765832     0.058506   298.425086   296.247483    33.417389     7.229116    -0.109540
      2200.0    13.643550  2103.614403   438.154183   563.909130     4.135797   132.468245    52.257081    80.211164    44.502696    44.083889     0.058200   298.115065   295.675265    33.417366     9.228816     0.515237
      2201.0    12.990793  2108.303908   437.464448   563.714126     4.048428   132.582056    52.355076    80.226980    44.930240    44.975842     0.057889   298.326928   295.761428    33.408691     8.068968     0.240607
      2202.0    10.645762  2112.793907   435.415675   562.926762     4.146656   129.044463    50.231306    78.813158    44.899665    43.603101     0.057596   298.549805   296.074604    33.409714     8.676978    -0.509200
      2203.0    10.675010  2117.184031   433.330486   561.620983     4.081797   128.010914    49.904871    78.106043    44.467602    43.149720     0.057319   298.577008   296.337700    33.404297     8.840340    -0.012102
      2204.0    10.700553  2121.574398   432.014337   560.261003     4.346764   127.625973    49.289153    78.336821    44.046007    42.912667     0.057253   298.663413   296.347393    33.385391     7.692634     0.226639
      2205.0     9.644138  2125.765015   429.769082   559.073735     4.092087   126.068924    48.843067    77.225856    44.022732    42.755091     0.056812   298.794168   296.372293    33.373318     8.333232    -0.080374
      2206.0    10.871591  2129.856000   428.658582   557.785334     4.126842   127.489814    49.722698    77.767117    43.602593    42.684419     0.056522   298.653196   296.575692    33.356121     8.148778     0.370227
      2207.0    11.307777  2133.847110   427.995627   556.962131     4.107081   129.229880    50.680246    78.549634    43.838017    42.973402     0.056267   298.554130   296.403130    33.333645     8.369799    -0.041413
      2208.0    10.192095  2137.738345   427.021502   556.302470     4.171060   128.150636    49.963578    78.187057    44.208812    43.814946     0.056167   298.629399   296.460228    33.318390     7.122757     0.265795
      2209.0     9.519995  2141.529948   425.090014   554.746451     4.180064   127.556041    49.674176    77.881865    44.147600    41.958660     0.055725   298.982546   297.014043    33.292107     9.647003    -0.632920
      2210.0    10.205076  2145.121801   424.561996   553.260569     4.058788   130.677402    51.197570    79.479831    44.408203    43.144870     0.055472   298.891473   296.715574    33.275043     8.580718     0.222549
      2211.0     8.531087  2148.713898   423.295999   552.166803     4.044257   126.975557    48.572455    78.403101    43.640981    42.509995     0.055277   298.919560   296.865568    33.262379     7.328458    -0.037221
      2212.0     7.562405  2152.106244   421.299253   550.918549     3.956312   124.488095    47.405791    77.082304    42.924468    42.154420     0.055207   299.006980   296.921570    33.239994     7.248116     0.478207
      2213.0     8.845982  2155.398959   419.186180   549.539824     3.878592   124.630128    48.894921    75.735207    42.978167    41.236344     0.054749   298.810758   296.513882    33.213673     9.771651    -0.363098
      2214.0    10.562240  2158.691673   419.673728   548.529982     3.794851   129.269021    51.065954    78.203067    43.087708    42.829206     0.054454   298.847898   296.618332    33.190079     7.749199     0.751340
      2215.0     8.409007  2161.784881   418.268722   547.864771     3.878601   125.943145    48.884647    77.058498    42.864455    41.505382     0.054241   299.061048   296.920032    33.171764     8.784271    -0.693862
      2216.0     8.429719  2164.778213   417.438686   547.031306     3.973013   126.840157    49.168256    77.671902    42.990842    42.484022     0.054126   299.037862   296.795419    33.155399     7.514270     0.326644
      2217.0     7.444071  2167.671671   416.053652   545.893720     3.775536   126.172177    48.882269    77.289908    43.172808    42.009663     0.053753   299.238818   297.242046    33.131039     8.257640    -0.025559
      2218.0     7.700267  2170.465497   414.688969   544.952635     3.654804   125.956049    48.853817    77.102232    42.582250    42.062851     0.053558   299.031786   296.860617    33.114532     8.155649     0.421687
      2219.0     7.702927  2173.059572   413.918479   544.084396     3.794742   127.041951    49.435121    77.606830    42.881275    41.746929     0.053341   299.001757   296.773899    33.093147     8.458683    -0.266108
      2220.0     8.102214  2175.653891   413.373039   542.814999     3.849898   128.476440    50.005967    78.470473    43.073459    42.105095     0.053272   299.062882   296.985532    33.068825     8.446312     0.301034
      2221.0     6.053322  2178.048460   411.538339   542.180768     3.776689   124.188137    47.666009    76.522128    42.434456    41.723251     0.052954   299.142012   297.099998    33.042164     7.777459    -0.076975
      2222.0     8.143466  2180.443272   410.488990   541.398898     3.604609   126.339736    49.671744    76.667992    42.172888    41.768893     0.052743   298.878420   296.558548    33.009434     8.952200     0.377876
      2223.0     6.438201  2182.638334   409.768989   541.100052     3.779961   124.120014    48.083660    76.036353    42.057532    41.671648     0.052542   298.915406   296.600755    32.969154     7.132014    -0.087039
      2224.0     5.720662  2184.733764   408.019683   540.447750     3.782105   123.084266    47.453242    75.631024    42.033288    41.615610     0.052432   299.102093   296.874352    32.938797     7.586938     0.234624
      2225.0     5.847610  2186.828951   406.560051   539.384246     3.762242   122.957989    47.615879    75.342109    42.146433    40.953148     0.052037   299.293720   297.046627    32.908463     8.122363    -0.129781
      2226.0     6.506717  2188.724874   405.574768   538.201699     3.772421   124.539796    48.655604    75.884192    41.951756    40.698407     0.051795   299.189700   296.998602    32.877647     8.942480    -0.070802
      2227.0     5.249084  2190.421047   404.650873   537.259491     3.954930   123.637554    47.514179    76.123375    41.799899    40.775436     0.051645   299.241836   297.199321    32.858543     7.662638    -0.082255
      2228.0     5.264911  2192.117220   403.449349   536.014263     3.650032   124.051583    47.771779    76.279804    41.660587    40.765665     0.051633   299.223706   297.148526    32.824520     8.207638     0.350305
      2229.0     5.307157  2193.713762   402.602864   535.282837     3.655519   124.839755    48.375576    76.464179    42.098248    41.504095     0.051303   299.323067   297.316978    32.798561     7.717967     0.137273
      2230.0     5.120568  2195.210428   401.482645   534.408684     3.618177   125.533856    48.734110    76.799746    42.317469    41.619669     0.051110   299.417521   297.431974    32.777046     8.234660     0.176353
      2231.0     4.597729  2196.507344   400.201499   533.644586     3.341372   124.131588    48.171116    75.960472    41.621992    40.930872     0.050946   299.242933   297.134238    32.756081     8.521390     0.072978
      2232.0     6.341280  2197.804503   399.918561   533.402364     3.676731   125.540420    49.277406    76.263013    41.419090    41.441461     0.050901   298.967020   296.828911    32.735615     8.118884     0.264592
      2233.0     3.401233  2198.902156   398.762775   533.029278     3.452245   121.421577    46.518033    74.903544    41.145958    40.004026     0.050579   299.204495   296.950265    32.701984     7.669791    -0.768845
      2234.0     3.679312  2199.899934   397.276797   531.904294     3.742095   122.692477    47.308297    75.384180    41.427089    40.251610     0.050407   299.481653   297.458531    32.675293     8.542664    -0.050495
      2235.0     4.033698  2200.797836   396.545715   530.821423     3.474002   123.107595    47.828340    75.279255    41.089611    40.682634     0.050254   299.312199   297.216573    32.651585     7.876787     0.675894
      2236.0     5.287672  2201.596107   396.444744   530.232710     3.287825   125.266050    49.155263    76.110787    40.839543    40.883897     0.050227   299.068870   296.856008    32.624371     8.372337     0.633067
      2237.0     3.210380  2202.294502   396.063566   529.966020     3.575849   123.199883    47.690364    75.509519    41.552346    40.719958     0.049922   299.323036   297.179856    32.598923     7.351584    -0.565698
      2238.0     2.902537  2202.893266   394.373146   529.210018     3.397877   122.009120    47.462728    74.546391    41.100403    40.396242     0.049744   299.337439   297.113955    32.571209     8.756907     0.051841
      2239.0     2.903873  2203.392155   393.930542   528.489976     3.189627   123.852676    48.055934    75.796741    41.431169    40.698601     0.049597   299.313496   297.016080    32.560772     7.799937    -0.012526
      2240.0     3.379216  2203.691537   393.524618   527.833183     3.299032   124.636223    48.171422    76.464801    40.807279    40.638861     0.049616   299.147459   296.716747    32.532536     7.938485     0.488375
      2241.0     1.623055  2203.990675   392.122779   527.408285     3.376613   121.719851    46.703530    75.016321    41.154903    40.389962     0.049343   299.445400   297.342270    32.509834     7.715407    -0.340043
      2242.0     2.367007  2204.190426   390.927988   526.485059     3.258908   121.167573    46.865080    74.302493    40.317336    39.396564     0.049171   299.401349   297.290309    32.477673     8.663307     0.002454
      2243.0     1.926115  2204.190426   390.509600   525.658609     3.366343   122.462265    47.412099    75.050166    40.987648    40.080064     0.049004   299.608890   297.245268    32.453556     7.750423    -0.081134
      2244.0     2.329551  2204.090550   390.024532   524.699527     3.570629   123.923963    48.009427    75.914536    41.048550    40.486848     0.049000   299.703026   297.456796    32.422455     8.007648     0.397380
      2245.0     2.262668  2203.891044   389.827801   523.924593     3.252161   125.706298    48.784470    76.921828    41.331410    40.690186     0.048747   299.493543   297.374154    32.409176     8.291016     0.133709
      2246.0     1.496164  2203.691537   388.962965   523.672117     3.475335   123.038288    47.343764    75.694524    40.877754    40.609634     0.048630   299.412829   297.379270    32.389233     7.598966    -0.015643
      2247.0     1.358183  2203.292280   388.079504   523.407528     3.012062   123.131858    47.856629    75.275229    40.786950    40.496425     0.048476   299.249092   297.055072    32.367596     8.243666    -0.025937
      2248.0     1.440443  2202.793391   387.795797   522.862637     3.338829   123.228776    47.795312    75.433465    40.571801    40.266891     0.048478   299.262295   297.056431    32.347614     7.812128     0.239981
      2249.0    -0.408875  2202.194871   386.104458   522.285168     3.507089   119.447237    45.602215    73.845022    40.237630    39.360504     0.048246   299.487596   297.531790    32.333099     7.933050    -0.299658
      2250.0     2.084867  2201.496231   385.800008   521.320753     3.161494   123.912961    48.849007    75.063954    40.436451    40.046000     0.048082   299.449458   297.301982    32.317921     9.107456     0.573964
      2251.0    -0.005050  2200.598329   385.782203   521.105458     2.979763   122.522338    47.306129    75.216210    40.462074    40.377433     0.047953   299.376591   297.093188    32.292046     6.946501     0.130654
      2252.0     0.658520  2199.700427   385.349446   520.677419     2.953051   124.123413    48.179975    75.943438    40.587993    40.346502     0.047958   299.341704   296.984897    32.276985     8.266229     0.186549
      2253.0     0.235816  2198.902156   384.823559   520.334402     3.167800   123.865578    47.346899    76.518680    40.470530    39.769709     0.047800   299.613439   297.611269    32.262020     8.103077    -0.357804
      2254.0     0.466435  2198.004010   384.225802   519.580918     3.308925   123.689967    47.788351    75.901616    40.701024    40.076068     0.047688   299.643824   297.546576    32.233620     8.310039     0.128528
      2255.0    -0.157455  2197.106108   383.559893   518.946260     3.162186   123.351443    47.563100    75.788342    40.968764    40.306509     0.047550   299.733166   297.657446    32.215942     7.922500    -0.027596
      2256.0     0.745029  2196.208205   382.895144   518.165435     3.471990   122.477606    47.408290    75.069316    40.276615    39.374222     0.047585   299.570028   297.373020    32.212994     8.698817    -0.121569
      2257.0     1.227082  2195.310060   383.175782   517.507152     3.048990   124.724635    48.565628    76.159007    40.566595    39.961526     0.047355   299.642830   297.490519    32.206104     8.323464     0.053214
      2258.0    -0.251833  2194.412157   382.848770   517.215205     2.963878   122.244955    46.767600    75.477355    40.127486    40.098821     0.047266   299.369569   296.946035    32.203365     6.995791     0.263282
      2259.0     1.216594  2193.514011   382.474640   516.907615     3.286094   125.018401    48.502954    76.515447    40.586462    40.675211     0.047170   299.501472   297.308539    32.197872     8.201873     0.396340
      2260.0    -0.398197  2192.616109   381.538321   516.356870     3.282167   121.249378    46.235877    75.013501    40.183458    39.351938     0.047243   299.762867   297.767589    32.188904     7.820259    -0.280775
      2261.0     0.799938  2191.718207   381.222856   515.646873     2.970601   123.297411    47.829299    75.468112    40.160981    39.542689     0.046978   299.608649   297.532424    32.178593     8.602075     0.091705
      2262.0     1.016767  2190.820061   381.293415   515.315765     3.110945   123.447796    47.482117    75.965679    39.692625    39.574522     0.046891   299.610442   297.555240    32.186050     7.837037     0.213005
      2263.0    -1.203595  2189.922158   380.559999   514.849653     2.909733   120.116733    45.348808    74.767925    39.938210    39.226356     0.046842   299.823582   297.816113    32.187283     6.855868    -0.245741
      2264.0     0.432841  2189.024012   379.312758   513.944270     2.999510   121.373912    46.770953    74.602959    39.766475    39.036782     0.046884   299.678345   297.652998    32.173092     8.981412     0.175689
      2265.0     2.451835  2188.225985   379.882670   513.898962     3.069840   124.031296    48.775182    75.256114    39.668836    39.909649     0.046679   299.507041   297.287699    32.166634     8.295620     0.286122
      2266.0     0.411807  2187.327839   380.311805   513.794036     3.032503   125.080443    48.666415    76.414027    41.148591    41.117752     0.046544   299.778218   297.478748    32.150391     7.119528     0.074086
      2267.0    -0.342990  2186.330062   378.788446   513.491934     3.155576   121.476595    46.655948    74.820647    40.123357    39.691732     0.046485   299.807973   297.762049    32.151600     8.487576    -0.129523
      2268.0    -0.067092  2185.432160   377.945950   513.007293     3.119585   120.211949    46.035105    74.176844    39.503692    39.207414     0.046521   299.744552   297.665197    32.151470     7.670186     0.188362
      2269.0    -1.258666  2184.534014   376.891772   512.352332     3.024470   118.021644    44.835681    73.185963    39.630157    38.414637     0.046319   299.928312   297.811320    32.135452     7.475222    -0.560559
      2270.0     1.166632  2183.636111   376.615008   511.188021     2.788204   122.079686    47.446642    74.633044    39.462766    38.899374     0.046216   299.738411   297.723598    32.130630     8.824032     0.600919
      2271.0     1.520780  2182.738209   377.292356   511.121131     2.980571   124.905531    48.064488    76.841043    39.827712    39.798455     0.046164   299.711664   297.692398    32.120277     7.588685     0.037632
      2272.0     0.146244  2181.840063   376.994778   510.826266     3.134261   122.284753    46.603764    75.680989    39.784699    39.644919     0.046283   299.772087   297.734955    32.109699     7.256422     0.155086
      2273.0     0.444934  2180.942161   376.548029   510.663529     2.819910   122.928633    47.352744    75.575889    39.980722    39.572546     0.046094   299.624099   297.633257    32.101845     8.226947    -0.245439
      2274.0    -0.129668  2180.044015   375.841128   510.287547     2.943826   120.238036    46.067946    74.170091    39.415410    39.031854     0.046044   299.690912   297.676676    32.100510     7.742993    -0.007575
      2275.0     0.124939  2179.146112   375.332111   509.677925     3.100106   119.022255    45.686156    73.336099    39.206182    38.850969     0.045912   299.726696   297.631614    32.079582     7.344203     0.254410
      2276.0    -0.327748  2178.248210   374.097315   509.105731     3.128245   117.941458    45.009853    72.931605    38.977801    38.175506     0.045935   299.843441   297.992005    32.058990     8.069144    -0.230101
      2277.0     1.472179  2177.350064   374.319821   508.329161     2.842879   122.258316    47.707870    74.550446    39.384406    38.906627     0.045707   299.634829   297.427246    32.042091     8.578737     0.298791
      2278.0     1.192574  2176.452162   374.930704   508.205461     3.190726   123.278723    47.543278    75.735446    39.827580    40.006423     0.045668   299.803009   297.550071    32.031498     6.925972     0.302543
      2279.0    -0.527694  2175.554016   373.893980   507.650500     2.931717   119.173864    45.273114    73.900751    39.248785    38.384871     0.045623   299.878886   297.733571    32.024132     7.924967    -0.308953
      2280.0     0.546370  2174.656114   373.871089   506.940161     2.962734   120.730188    46.318425    74.411763    39.264651    38.748581     0.045685   299.887983   297.683969    32.028843     7.592734     0.194269
      2281.0     0.797731  2173.758211   373.856746   506.330403     2.730014   122.548243    47.364402    75.183841    39.499756    38.967827     0.045540   299.766217   297.543875    32.046017     8.410918     0.077830
      2282.0     1.546202  2172.860065   374.465074   506.052657     2.641785   124.038690    47.966231    76.072459    39.343650    39.283320     0.045519   299.595764   297.446056    32.056885     8.074583     0.217416
      2283.0    -0.171614  2171.962163   374.444232   506.151395     2.916433   121.978468    46.193552    75.784916    39.547212    39.611344     0.045526   299.861493   297.779303    32.064999     6.603051    -0.034606
      2284.0     0.365601  2171.064017   373.811321   505.560060     2.726162   122.344366    46.945212    75.399155    39.844451    39.295552     0.045571   299.930322   297.808545    32.055141     8.282571     0.042436
      2285.0     0.329876  2170.166115   374.020073   505.065794     2.839392   123.085029    46.894398    76.190631    39.795865    39.380597     0.045405   299.953096   297.977685    32.057087     7.305049     0.078999
      2286.0     0.921290  2169.268212   373.434148   504.576803     2.983021   122.594419    47.148764    75.445655    39.497377    39.016320     0.045386   299.966857   297.765475    32.066940     8.718369     0.007933
      2287.0    -0.222392  2168.370066   373.186073   504.284035     2.970534   121.448915    46.119526    75.329389    39.458301    39.274461     0.045362   299.975430   297.679856    32.081802     7.093139     0.108928
      2288.0     0.523883  2167.472164   373.089222   503.588132     2.991325   123.273623    47.265289    76.008334    39.915159    39.096654     0.045437   300.078455   298.043946    32.091469     8.265487    -0.122602
      2289.0     0.933665  2166.673893   372.638037   503.187740     2.807146   121.544137    46.903224    74.640914    39.286353    39.053386     0.045273   299.993112   298.053666    32.090111     8.301022     0.167425
      2290.0     1.145249  2165.775991   373.358732   502.842301     2.813683   123.512758    47.552602    75.960156    39.441001    39.458496     0.045232   299.999759   298.093257    32.079800     7.373411     0.362934
      2291.0    -0.302301  2164.877845   372.755168   502.641931     2.812457   121.293111    45.728810    75.564301    39.182185    38.604465     0.045237   300.028788   298.050582    32.075436     7.727909    -0.377350
      2292.0     2.343202  2163.979943   372.771477   502.003006     2.859146   125.415720    48.898561    76.517160    39.715008    39.538779     0.045338   299.885293   297.826217    32.066814     9.343472     0.462696
      2293.0     0.664974  2163.081797   373.729542   502.282295     2.930515   123.328019    47.010976    76.317043    39.627315    39.826146     0.045229   299.870416   297.680458    32.060863     6.226765    -0.080458
      2294.0     0.058532  2162.183894   373.192569   501.632069     2.897737   121.390301    46.249552    75.140750    39.496723    39.015243     0.045150   300.151148   298.197039    32.049915     7.771281     0.168746
      2295.0     0.158343  2161.285992   372.530952   501.346809     3.002689   120.962819    46.311895    74.650925    39.476208    39.065698     0.045124   300.167078   298.092895    32.043407     7.907814    -0.125250
      2296.0     1.166107  2160.487721   372.204672   500.812536     2.641863   122.673421    47.333945    75.339476    39.450114    39.123678     0.045200   300.076908   298.028922    32.032112     8.536547     0.207837
      2297.0     2.223668  2159.589575   373.164635   500.547266     2.994662   124.720905    48.108912    76.611993    39.370633    39.448572     0.045094   299.866938   297.638644    32.026073     7.700376     0.343209
      2298.0    -0.035123  2158.691673   373.463790   500.675918     2.744592   122.530566    46.580074    75.950491    39.635191    39.748433     0.045066   300.011211   297.889932    32.010841     6.532486    -0.015410
      2299.0    -1.752634  2157.793771   371.488348   500.323613     2.543628   118.151031    44.476973    73.674058    39.160184    38.298594     0.045034   300.080534   298.010877    32.007801     8.153821    -0.509286
      2300.0     1.714160  2156.895625   371.208125   499.685463     2.842115   121.680579    47.529715    74.150864    39.036938    38.651494     0.044984   299.871399   297.760342    31.996094     9.158444     0.252707