        time     emission          CO2         cveg        csoil        fgco2         fgpp         fnpp           ra          frh     fvegsoil         fluc          tas     tas_land        cprod     fcvegout    fcsoilout
      1850.0    -0.782742   284.614249   506.577388  1708.000543    -0.058811    86.193382    39.713748    46.479634    37.565774    35.626287     0.000000   286.833588   281.603939     0.000000     2.088504          0.0
      1851.0    -0.448519   284.464229   507.594252  1706.934703    -0.345696    89.298734    40.770965    48.527769    37.834896    36.769056     0.226044   286.911260   281.596412     0.794901     2.985045          0.0
      1852.0     0.153810   284.384087   507.629023  1706.742511    -0.341080    89.547689    41.565371    47.982318    38.096525    37.904333     0.240591   286.851771   281.554870     1.514271     3.626267          0.0
      1853.0    -0.389937   284.393525   508.057212  1707.233972    -0.311068    88.559528    39.791459    48.768069    36.484223    36.975684     0.253292   286.820777   281.409594     2.157354     2.387587          0.0
      1854.0    -0.804425   284.831096   505.577434  1707.480667    -0.063122    83.846562    38.443911    45.402650    37.170066    37.416762     0.266718   286.908381   281.707688     2.729000     3.506927          0.0
      1855.0     1.905590   284.779863   506.949361  1706.978429    -0.177562    89.933055    42.315164    47.617892    36.771568    36.269330     0.279404   286.538514   280.902575     3.225332     4.673907          0.0
      1856.0    -0.479204   284.853396   506.862554  1707.192486     0.216197    88.077228    40.006931    48.070297    37.577362    37.791419     0.294021   286.905794   281.518088     3.653014     2.302319          0.0
      1857.0     1.158360   285.222945   505.853230  1707.027374     0.473777    86.303391    39.751834    46.551557    36.966313    36.801201     0.305897   286.867875   281.434143     4.011060     3.959958          0.0
      1858.0     0.513397   285.533272   505.917718  1706.882953     0.326518    87.385051    40.131535    47.253516    37.243293    37.098871     0.318913   286.871903   281.443084     4.302410     2.968176          0.0
      1859.0    -0.207473   286.074671   504.742192  1706.541628     0.354407    85.646846    38.994016    46.652830    37.407725    37.066400     0.331503   287.089345   281.850920     4.527318     3.103141          0.0
      1860.0     0.240475   286.049590   504.408251  1706.007250     0.252296    87.172365    40.471501    46.700864    37.155192    36.620814     0.344981   286.856663   281.591101     4.635892     4.184629          0.0
      1861.0     1.088996   286.346629   504.633912  1706.063712     0.145858    87.805120    40.553918    47.251202    37.132182    37.188644     0.234814   286.819327   281.399379     4.392282     3.139613          0.0
      1862.0     0.958954   286.591856   505.011732  1705.905500     0.197834    89.016790    41.190584    47.826206    37.892723    37.734511     0.230095   286.803805   281.388029     4.170469     3.078252          0.0
      1863.0     0.753402   286.845919   505.287792  1705.817486     0.180467    87.616536    40.181303    47.435233    37.171767    37.083753     0.226442   286.886770   281.581292     3.973911     2.821490          0.0
      1864.0    -0.084673   286.934400   504.215884  1705.700405     0.166940    84.999945    39.089242    45.910703    36.743933    36.626852     0.222158   286.944323   281.750122     3.799925     3.534298          0.0
      1865.0     1.420940   286.781384   505.919354  1705.811630     0.338537    89.729148    41.665728    48.063419    36.842389    36.953613     0.217270   286.723087   281.276076     3.649630     3.008645          0.0
      1866.0     0.081715   287.191323   505.538626  1705.835122     0.290402    87.819809    40.072365    47.747443    37.977551    38.001043     0.213704   287.058939   281.833867     3.526656     2.452050          0.0
      1867.0    -0.291574   287.613310   504.605114  1705.220020     0.030190    85.884738    39.487710    46.397029    38.023244    37.408142     0.209233   287.122183   281.903488     3.427220     3.013080          0.0
      1868.0     1.619680   287.861098   504.912981  1705.164631     0.441711    87.054413    40.350114    46.704299    36.664442    36.609053     0.205037   286.801146   281.398034     3.352412     3.433194          0.0
      1869.0    -0.472205   287.934109   504.062556  1705.866171     0.399359    83.939950    38.843719    45.096231    36.700537    37.402076     0.199465   286.927195   281.587248     3.301920     2.292068          0.0
      1870.0     0.693388   288.187706   504.355499  1704.860811     0.165595    87.395761    40.430167    46.965594    37.494962    36.489602     0.196103   287.131085   281.932677     3.309528     3.647623          0.0
      1871.0     0.226364   288.443410   503.652713  1704.643634     0.299331    85.905233    39.734618    46.170615    37.129789    36.912612     0.415457   286.988423   281.805177     4.092388     3.524791          0.0
      1872.0     1.071159   288.427579   503.868044  1704.346345     0.269723    89.256739    41.367629    47.889109    37.122705    36.825416     0.431620   286.847611   281.503789     4.792367     4.326883          0.0
      1873.0     1.063017   288.814559   502.970031  1704.576408     0.531532    87.489120    40.172066    47.317054    37.481165    37.711228     0.447539   286.961974   281.688281     5.411525     3.358851          0.0
      1874.0     1.794758   288.905057   504.172326  1704.240542     0.494152    91.564442    42.033383    49.531059    37.535842    37.199976     0.465132   286.904402   281.739390     5.958426     3.631112          0.0
      1875.0    -0.023191   289.088692   502.961542  1705.411775     0.517977    86.351526    39.121245    47.230281    36.625426    37.796660     0.479200   286.912982   281.717275     6.416024     2.535368          0.0
      1876.0     0.354443   289.466882   501.482982  1705.411532     0.217529    86.364778    39.622350    46.742427    37.110999    37.110756     0.493943   286.863098   281.548225     6.788810     3.990155          0.0
      1877.0     1.083427   289.512004   501.602143  1705.058466     0.464046    90.003190    42.010523    47.992667    38.204127    37.851061     0.510350   287.052838   281.812301     7.099942     4.040300          0.0
      1878.0     1.997627   289.876988   501.879240  1705.049753     0.386177    90.653344    42.005588    48.647756    38.032074    38.023361     0.526222   287.166282   281.913707     7.337177     3.705130          0.0
      1879.0     1.931174   290.383743   501.471623  1705.774518     0.337926    88.801620    41.280358    47.521262    37.295663    38.020428     0.541796   286.791853   281.472706     7.504177     3.667547          0.0
      1880.0    -0.104498   290.427514   501.045997  1706.854122     0.244493    87.487806    40.483525    47.004281    37.308061    38.387665     0.560861   286.580169   281.045709     7.560991     2.521485          0.0
      1881.0     0.072138   290.917408   499.965085  1706.481276     0.187627    87.861628    40.502297    47.359331    38.084944    37.712098     0.455181   287.221871   282.219160     7.433958     3.871111          0.0
      1882.0     2.496501   291.348782   500.342659  1706.154189     0.670547    89.342385    41.386365    47.956020    37.248005    36.920918     0.453366   286.907762   281.560264     7.315000     4.087873          0.0
      1883.0     0.820498   291.222248   500.044890  1706.221138     0.642467    89.296743    41.535109    47.761634    38.076744    38.143693     0.450471   286.909426   281.722611     7.200147     3.689185          0.0
      1884.0     2.004227   291.359445   500.589450  1706.780598     0.575762    89.979321    41.819379    48.159943    37.178815    37.738275     0.449191   286.711829   281.335505     7.097073     3.536544          0.0
      1885.0     1.447189   291.369958   501.045399  1707.570754     0.065652    90.134571    41.646866    48.487706    36.863455    37.653611     0.444833   286.597392   281.090036     7.002642     3.537305          0.0
      1886.0     0.567989   291.723493   500.603500  1708.172825     0.351217    87.715196    39.536187    48.179009    36.673297    37.275368     0.441888   286.714829   281.272997     6.915491     2.702718          0.0
      1887.0     2.648814   292.158872   499.560658  1709.128828     0.587405    88.449755    41.433870    47.015885    37.050471    38.006474     0.439193   286.591453   280.967595     6.837116     4.470239          0.0
      1888.0     2.127767   292.499734   499.848282  1709.472020     0.451623    90.313676    42.071382    48.242294    37.817186    38.160378     0.438176   286.692230   281.391384     6.772595     3.623380          0.0
      1889.0     3.215384   292.907621   501.175519  1710.204757     0.034437    91.929195    42.498315    49.430880    36.770763    37.503500     0.434760   286.380610   280.864622     6.720359     3.667578          0.0
      1890.0     1.336444   293.068813   500.685560  1712.210972     0.208393    90.033142    41.415524    48.617618    37.322302    39.328516     0.431388   286.511492   281.026610     6.690867     2.576967          0.0
      1891.0     0.779902   293.408346   499.708776  1712.938185    -0.332855    90.033846    41.227947    48.805900    37.742704    38.469917     0.534302   286.650179   281.216234     6.972440     3.734814          0.0
      1892.0     1.867665   293.911318   499.144013  1713.926149     0.272765    88.068764    40.596575    47.472189    36.699278    37.687243     0.544188   286.586134   281.123627     7.224054     3.474096          0.0
      1893.0     1.120643   294.449237   498.354541  1714.028060     0.156777    89.463768    41.111863    48.351905    38.158641    38.260552     0.551663   286.982769   281.726548     7.441933     3.640783          0.0
      1894.0     0.837757   294.810786   498.429530  1714.060639     0.440267    89.303980    40.466423    48.837557    37.704176    37.736755     0.561346   287.001265   281.717789     7.627993     2.654679          0.0
      1895.0     2.898508   294.941623   498.988511  1714.447474     0.514036    92.880353    43.209907    49.670446    37.813259    38.200095     0.568549   286.731791   281.194012     7.773335     4.450830          0.0
      1896.0     1.312727   295.411535   498.049984  1715.646878     0.539847    89.376285    41.225140    48.151145    38.191804    39.391208     0.581186   286.909668   281.405327     7.890664     2.772459          0.0
      1897.0     2.671323   296.200772   497.304790  1716.414332     0.757512    89.186790    41.339272    47.847518    37.510069    38.277523     0.588658   286.807602   281.347498     7.970518     3.806943          0.0
      1898.0     3.073274   296.313422   498.149737  1716.418990     0.689854    94.119419    43.741337    50.378082    38.051213    38.055871     0.601749   286.727613   281.394682     8.022437     4.840519          0.0
      1899.0     1.961793   296.544725   498.240709  1717.415602     0.520371    91.350002    41.615198    49.734804    37.470899    38.467510     0.611200   286.673881   281.212467     8.049715     3.056715          0.0
      1900.0     1.962791   296.945596   497.600492  1718.863056     0.523390    90.103413    41.225365    48.878048    37.249095    38.696550     0.620113   286.666379   281.073453     8.027164     3.169032          0.0
      1901.0     2.977165   297.285289   498.123930  1718.810656     0.395441    95.134517    44.142588    50.991929    39.126789    39.074389     0.554050   286.828959   281.597336     7.915037     4.544761          0.0
      1902.0     2.118314   297.307080   499.708664  1719.631217     0.249980    96.241085    43.972982    52.268103    38.794030    39.614591     0.557128   286.628310   281.245080     7.810063     2.773656          0.0
      1903.0     1.538769   297.783836   498.510914  1721.224834     0.792087    91.675168    41.603741    50.071427    38.385653    39.979270     0.560117   286.731168   281.356225     7.712361     2.822221          0.0
      1904.0     0.848598   298.138281   497.769559  1721.187652     0.114776    93.215923    42.656178    50.559746    39.017456    38.980274     0.561365   286.677875   281.400112     7.616526     4.417258          0.0
      1905.0     3.246792   298.368923   498.231335  1722.312368     0.159677    93.613317    44.050420    49.562898    37.738610    38.863326     0.560995   286.240859   280.590403     7.534133     4.725318          0.0
      1906.0     1.866939   298.480177   498.512374  1723.686178     0.082836    93.138657    42.740960    50.397697    37.905746    39.279555     0.563881   286.545253   280.974687     7.460174     3.180365          0.0
      1907.0     0.389130   299.024762   497.333860  1724.769701     0.372567    88.709785    39.713130    48.996654    37.579716    38.663239     0.564355   286.783008   281.465104     7.392102     2.228405          0.0
      1908.0     1.637957   299.552387   496.286532  1725.344151     0.455529    88.185750    40.433121    47.752629    37.297925    37.872375     0.566637   286.652680   281.179444     7.339880     3.608074          0.0
      1909.0     2.744778   300.171886   496.645083  1725.947202     0.357620    91.836338    42.652565    49.183773    38.067910    38.670961     0.562346   286.721139   281.282699     7.291135     3.623053          0.0
      1910.0     3.999734   300.815678   496.059549  1727.390545     0.541421    90.274779    42.426289    47.848490    37.240656    38.684000     0.560447   286.484405   280.881554     7.255718     4.327823          0.0
      1911.0     2.465124   301.159999   497.229617  1728.400410     0.204008    93.198778    42.874889    50.323889    38.094807    39.104672     0.415875   286.633208   281.009111     7.146743     2.600149          0.0
      1912.0     2.995507   301.625754   497.176591  1729.830606     0.895221    91.263249    41.816515    49.446734    37.458127    38.888323     0.414436   286.611355   281.144822     7.056025     2.981218          0.0
      1913.0     3.543265   302.424821   496.763966  1731.016108     0.768006    90.794530    42.204889    48.589641    38.079656    39.265158     0.411846   286.556855   281.030986     6.978031     3.352356          0.0
      1914.0     3.475743   302.941689   497.860007  1731.900060     0.658568    92.302830    42.506459    49.796371    37.420801    38.304754     0.408440   286.453404   280.878981     6.903286     3.105664          0.0
      1915.0     3.359548   303.365435   498.326957  1733.098396     0.802019    91.984877    41.931961    50.052916    37.458437    38.656773     0.405474   286.657171   281.204729     6.834671     2.808237          0.0
      1916.0     2.247561   304.037823   497.871628  1734.794789     0.640228    89.904508    41.151823    48.752685    37.523858    39.220251     0.402006   286.544469   280.997248     6.768478     2.386901          0.0
      1917.0     3.052562   304.824793   497.470388  1735.304663     0.548516    90.349213    42.159881    48.189332    38.311525    38.821398     0.401330   286.581144   281.114896     6.716946     3.739722          0.0
      1918.0     4.394011   305.473161   498.428495  1736.166710     0.734373    92.542005    42.942089    49.599916    37.605728    38.467775     0.399626   286.563975   281.046676     6.682236     3.516208          0.0
      1919.0     1.407559   305.781390   498.995535  1737.713261     0.901981    89.894368    40.305120    49.589247    37.091945    38.638496     0.402492   286.594790   281.008293     6.677542     1.099584          0.0
      1920.0     3.518001   306.720304   497.136209  1738.694289     0.710397    88.713608    41.560906    47.152702    37.975080    38.956108     0.400792   286.709895   281.173629     6.703325     4.464124          0.0
      1921.0     3.659431   307.130630   498.162864  1739.118843     0.714403    92.475624    43.109411    49.366213    38.017143    38.441697     0.498670   286.507595   281.032573     6.899375     3.641059          0.0
      1922.0     3.029729   307.063306   499.401189  1740.104210     0.583132    95.435014    44.173801    51.261213    38.556887    39.542254     0.512872   286.413436   280.853830     7.073152     3.393224          0.0
      1923.0     2.698639   307.060415   501.179582  1741.204013     0.507671    97.614749    44.247363    53.367385    38.890113    39.989916     0.525492   286.586422   281.163706     7.215012     2.479054          0.0
      1924.0     2.625494   307.270067   501.299556  1743.013906     0.347318    96.120890    43.762533    52.358357    38.493001    40.302894     0.544639   286.438126   281.023384     7.344136     3.339666          0.0
      1925.0     2.054085   307.496234   500.258112  1744.662188     0.284447    93.123380    42.808183    50.315198    38.360528    40.008810     0.553453   286.545738   281.181575     7.434081     3.840816          0.0
      1926.0     1.983414   307.516758   500.880035  1746.328252     0.328987    94.794423    43.488788    51.305635    38.379479    40.045544     0.568276   286.520180   280.932613     7.498640     2.821321          0.0
      1927.0     1.126080   308.013973   498.446468  1748.342091     0.530728    88.061191    40.852424    47.208767    38.140575    40.154414     0.587636   286.607713   280.969526     7.550637     3.131577          0.0
      1928.0     1.750386   308.186186   498.206087  1748.933202     0.627621    90.069163    41.671182    48.397981    37.650870    38.241981     0.604843   286.631579   281.193206     7.586139     3.669583          0.0
      1929.0     2.217020   308.096511   498.182360  1750.230744     0.411448    89.342574    41.650422    47.692152    36.471884    37.769426     0.621485   286.298319   280.414998     7.615255     3.904723          0.0
      1930.0     1.726397   308.258350   498.242761  1751.583572     0.587332    92.389075    42.364922    50.024153    38.241500    39.594328     0.637193   286.677286   281.037346     7.633216     2.710193          0.0
      1931.0     2.522941   308.276847   497.756154  1752.778335     0.597752    92.929241    43.021387    49.907854    38.179589    39.374352     0.694607   286.647247   281.080970     7.902004     4.133642          0.0
      1932.0     1.112034   308.499865   496.996140  1754.483715     0.537826    91.745448    42.275067    49.470380    38.748110    40.453490     0.711829   286.625303   281.034505     8.156863     2.581591          0.0
      1933.0     3.004981   308.758851   496.226527  1755.898230     0.895550    91.201836    42.884366    48.317471    37.922707    39.337222     0.730129   286.385286   280.882142     8.395361     4.316757          0.0
      1934.0     1.482178   308.563370   496.374585  1757.413595     0.448696    91.208961    42.062351    49.146610    37.263038    38.778403     0.740159   286.268628   280.546246     8.594327     3.135890          0.0
      1935.0     0.350962   308.902801   494.877939  1758.954512     0.500104    88.489554    40.343406    48.146148    37.866690    39.407606     0.754145   286.524125   281.014317     8.766870     2.432446          0.0
      1936.0     3.418048   309.974600   492.596184  1760.158076     0.673930    88.024651    41.082578    46.942074    37.406896    38.610460     0.764653   286.413966   280.832708     8.905289     4.753873          0.0
      1937.0     3.434114   310.362386   493.035820  1761.146625     0.778273    92.624430    43.388348    49.236082    38.095930    39.084480     0.772748   286.330286   280.765864     9.019820     3.864232          0.0
      1938.0     2.315315   310.685324   494.157577  1761.361271     0.756789    96.817548    43.775813    53.041735    39.066025    39.280671     0.788980   286.628526   281.357048     9.113591     3.373386          0.0
      1939.0     3.633674   311.308796   493.553710  1762.933236     0.618941    95.433844    43.660251    51.773593    38.404210    39.976175     0.802038   286.382362   280.834143     9.186989     4.287943          0.0
      1940.0     2.018909   311.998996   492.546160  1764.441304     0.354013    92.592518    42.475788    50.116730    38.759698    40.267766     0.816641   286.598152   281.158215     9.233555     3.215572          0.0
      1941.0     2.790100   312.526858   492.930082  1765.421931     0.548963    94.610315    43.507730    51.102584    38.815601    39.796228     0.725395   286.582772   280.989309     9.209195     3.327580          0.0
      1942.0     2.422588   313.150239   492.729830  1766.107977     0.405938    93.563912    43.029028    50.534883    38.726293    39.412339     0.734102   286.571076   281.104059     9.167595     3.816941          0.0
      1943.0     1.803925   313.224559   493.356053  1767.437213     0.635485    93.894182    42.642170    51.252012    38.010243    39.339479     0.751029   286.310058   280.575507     9.129651     2.676468          0.0
      1944.0     1.560179   313.487332   492.295472  1768.570851     0.621614    93.004207    42.706214    50.297992    38.913351    40.046989     0.774696   286.504047   280.924558     9.117627     3.719806          0.0
      1945.0     3.956259   313.679663   493.714347  1769.487121     0.483887    98.687145    45.490396    53.196750    38.912194    39.828464     0.790253   286.483337   280.851727     9.121327     4.243058          0.0
      1946.0     1.540743   313.524070   493.908695  1771.206046     0.405033    96.578829    43.820889    52.757940    38.632751    40.351676     0.810553   286.456935   280.852461     9.144830     3.274864          0.0
      1947.0    -0.683240   313.371493   492.508963  1773.272161     0.456209    91.701638    41.174565    50.527073    38.593476    40.659591     0.837856   286.597385   280.973085     9.186726     1.914706          0.0
      1948.0     1.006397   313.472294   490.547699  1774.676909     0.583067    90.642742    42.380721    48.262021    38.513440    39.918188     0.864121   286.513116   281.006251     9.238380     4.423798          0.0
      1949.0     2.025162   313.457522   490.957556  1775.697189     0.741718    92.956256    43.063738    49.892518    38.099306    39.119586     0.881840   286.372847   280.762887     9.298409     3.534294          0.0
      1950.0     3.275472   313.688472   491.248790  1776.507673     0.658456    96.607902    45.146230    51.461672    39.503716    40.314199     0.912278   286.408481   280.669719     9.401966     4.540797          0.0
      1951.0     2.333792   313.721531   490.967148  1778.183990     0.648505    95.946201    43.998396    51.947805    38.957665    40.633982     1.047379   286.368504   280.653256    10.031993     3.646056          0.0
      1952.0    -0.608189   313.999547   489.753094  1780.099936     0.353495    91.407761    40.637612    50.770149    38.082893    39.998839     1.105722   286.412280   280.943568    10.620124     1.852827          0.0
      1953.0     3.354486   314.582131   488.389087  1781.165715     0.606704    92.614714    42.919705    49.695009    37.771572    38.837351     1.148913   286.552938   281.075016    11.112296     5.446361          0.0
      1954.0     1.289516   314.765633   487.594910  1782.847224     0.701218    92.515329    42.521775    49.993554    38.480859    40.162368     1.189331   286.419173   280.822794    11.516482     3.153584          0.0
      1955.0     1.966428   315.326575   486.265481  1783.570185     0.863582    92.723209    42.936667    49.786542    39.148261    39.871222     1.236638   286.677752   281.124715    11.842554     4.394873          0.0
      1956.0     3.578696   315.456959   487.443180  1784.626270     0.552125    98.722383    45.837047    52.885335    38.748894    39.804979     1.294295   286.297055   280.622946    12.113330     4.854370          0.0
      1957.0     2.004497   315.768102   486.397783  1786.969515     0.812863    95.163858    43.711449    51.452409    38.924727    41.267971     1.328585   286.387244   280.654408    12.324311     3.488876          0.0
      1958.0     0.914039   316.020998   484.289006  1789.141262     0.618492    91.408770    41.705709    49.703061    38.052658    40.224406     1.357668   286.478878   280.902364    12.455911     3.590080          0.0
      1959.0     2.121229   316.473320   482.385632  1790.596028     0.958250    91.696533    42.800500    48.896033    38.431266    39.886032     1.381098   286.374611   280.711874    12.501480     4.817843          0.0
      1960.0     1.724613   316.953349   481.555911  1791.630646     0.477326    93.245574    42.921526    50.324048    38.655800    39.690418     1.402823   286.503277   280.885874    12.451567     4.060828          0.0
      1961.0     2.790969   317.434313   481.169089  1793.424549     0.568125    92.915923    42.844827    50.071096    38.152208    39.946111     0.825597   286.448902   280.798485    11.799489     3.285538          0.0
      1962.0     1.862259   318.174948   480.234418  1795.106984     0.897280    90.331882    41.372059    48.959823    38.304918    39.987353     0.805841   286.507828   281.072306    11.174584     2.319377          0.0
      1963.0     5.093120   318.700563   481.722418  1795.596508     0.571210    99.292897    46.901552    52.391345    39.682890    40.172414     0.790085   286.245151   280.547581    10.592458     5.241139          0.0
      1964.0     3.445986   319.112904   482.235517  1797.665955     0.679831    97.673480    44.880746    52.792734    39.248058    41.317506     0.773633   286.282196   280.638299    10.049073     3.050141          0.0
      1965.0     2.311716   319.904183   481.216242  1799.991878     0.822753    93.808785    42.737718    51.071067    39.151185    41.477107     0.752546   286.417064   280.922768     9.557028     2.279886          0.0
      1966.0     4.794933   320.866287   480.244649  1801.012735     0.897929    95.210523    44.287950    50.922572    39.470298    40.491154     0.726870   286.464383   280.843575     9.108130     4.768390          0.0
      1967.0     0.214037   321.064790   480.515919  1802.348722     0.721373    92.055193    40.925614    51.129578    38.319398    39.655385     0.707473   286.615642   281.182259     8.729997     0.998959          0.0
      1968.0     5.165012   322.142455   479.660552  1803.744974     0.893927    95.162819    44.745766    50.417053    39.379294    40.775547     0.683451   286.489805   280.832117     8.409764     4.825586          0.0
      1969.0     3.443387   322.905210   479.481027  1804.885751     1.120960    94.064926    43.367002    50.697924    39.420466    40.561242     0.651236   286.698283   281.161553     8.150412     2.985285          0.0
      1970.0     6.779872   324.212914   479.897712  1806.102660     1.211477    97.697783    45.782791    51.914992    39.815736    41.032645     0.620038   286.456617   280.803599     8.040391     4.333461          0.0
      1971.0     4.026214   324.682216   481.286016  1807.777374     1.153450    98.410620    45.192790    53.217830    39.923291    41.598004     0.550004   286.550342   280.962131     8.030178     2.206481          0.0
      1972.0     5.910363   325.900116   480.671654  1809.833099     1.068507    96.546367    44.706992    51.839375    39.520882    41.576607     0.556921   286.458037   280.706925     8.029213     3.744748          0.0
      1973.0     7.621170   327.962607   481.566652  1811.707160     1.527724    98.740723    45.250541    53.490183    40.034794    41.908855     0.555453   286.538294   280.882926     8.024385     2.446687          0.0
      1974.0     5.860406   329.016886   482.100832  1813.407999     1.477669    99.304470    46.241374    53.063096    40.407145    42.107984     0.554410   286.592310   281.172368     8.019000     3.599210          0.0
      1975.0     5.707758   329.813876   482.303638  1815.294351     1.398383    99.009408    46.020544    52.988864    39.946759    41.833110     0.552820   286.456755   280.901114     8.012220     3.984628          0.0
      1976.0     5.632383   330.563325   483.139287  1817.372255     1.285980   101.262765    46.620524    54.642242    40.282932    42.360836     0.556131   286.326866   280.383914     7.998713     3.424039          0.0
      1977.0     6.623735   332.409801   481.559786  1819.772056     1.565427    96.188367    44.636694    51.551673    40.664912    43.064713     0.555870   286.626040   280.864884     7.977177     3.151482          0.0
      1978.0     7.388251   333.903963   482.849937  1821.397633     1.642250   100.116735    46.451381    53.665353    40.440958    42.066535     0.552433   286.600593   281.013390     7.952229     3.094696          0.0
      1979.0     6.173039   335.614110   482.013418  1823.598931     1.702210    95.431824    44.261213    51.170612    39.837912    42.039210     0.548629   286.669125   281.308710     7.916046     3.058521          0.0
      1980.0     8.676353   337.234537   483.209769  1824.925169     1.414153   101.268046    47.911119    53.356927    40.957316    42.283554     0.549804   286.523360   280.826623     7.870648     4.431213          0.0
      1981.0     5.707816   338.252655   484.807360  1826.248173     1.483462   101.753584    45.937423    55.816161    40.410864    41.733867     0.721164   286.694552   281.343610     8.450720     2.605966          0.0
      1982.0     3.846102   339.468697   483.543891  1828.198382     1.058198    96.478700    43.661664    52.817037    40.120563    42.070772     0.740496   286.690380   281.358990     8.958283     2.854361          0.0
      1983.0     7.061168   341.155634   483.899934  1829.207982     1.224958   100.706040    46.187751    54.518289    40.595215    41.604815     0.760806   286.621688   281.072126     9.395437     4.226892          0.0
      1984.0     6.814925   342.930209   483.401509  1831.770609     1.530283    98.797226    45.562381    53.234846    40.425759    42.988386     0.779753   286.664305   281.199256     9.756535     3.072420          0.0
      1985.0     7.451222   344.332749   484.293184  1833.147200     1.380034   102.679203    48.014348    54.664855    41.221379    42.597971     0.793892   286.642334   281.032248    10.043464     4.524703          0.0
      1986.0     5.511240   345.905604   484.144173  1834.962580     1.610183   100.167748    45.511640    54.656108    41.686199    43.501579     0.810744   287.065440   281.726585    10.269977     2.159073          0.0
      1987.0     9.180670   348.084423   483.434934  1837.059132     1.808854   100.251148    46.900973    53.350175    40.919300    43.015852     0.822230   286.765762   281.196210    10.423346     4.594360          0.0
      1988.0     9.225120   349.776936   486.221883  1838.007688     1.655402   107.781032    49.990001    57.791031    42.317492    43.266049     0.833496   286.779732   281.262891    10.517992     3.937003          0.0
      1989.0     5.732599   351.519529   485.663556  1840.423609     1.911115   100.175730    45.043274    55.132456    40.987204    43.403125     0.844016   286.906984   281.540390    10.546165     2.198477          0.0
      1990.0     6.197072   353.413527   484.763016  1840.993905     2.045821    99.024119    45.043664    53.980456    41.161264    41.731559     0.860756   286.930106   281.744477    10.488605     4.212644          0.0
      1991.0     8.090308   354.757923   486.625819  1841.787165     1.676601   104.168260    48.639729    55.528531    41.849170    42.642431     0.601695   286.786574   281.351126     9.920672     4.134496          0.0
      1992.0     6.125192   355.982765   488.243944  1843.752153     1.760167   104.671842    47.624905    57.046937    42.151998    44.116987     0.594460   286.938329   281.552239     9.388124     1.889794          0.0
      1993.0     7.688972   357.399539   488.758349  1845.151004     1.785936   103.349235    47.954688    55.394547    41.778992    43.177842     0.579032   286.809814   281.430333     8.885958     4.262440          0.0
      1994.0     8.059949   358.938835   490.262541  1847.709192     1.925875   103.388023    48.068583    55.319440    41.819071    44.377259     0.567542   286.849384   281.337404     8.421315     2.187133          0.0
      1995.0     7.130605   360.571102   491.700400  1849.425755     1.913991   105.438475    47.800232    57.638243    42.035557    43.752121     0.554391   286.935085   281.508103     7.995126     2.610252          0.0
      1996.0     7.822639   362.065704   491.847054  1851.274190     1.967537   103.688099    48.009525    55.678574    41.976643    43.825077     0.542751   286.858586   281.326618     7.614015     4.037794          0.0
      1997.0     6.178474   363.532836   492.427352  1852.864557     1.813161   101.868258    46.687230    55.181029    42.172784    43.763151     0.528234   287.127666   281.828976     7.281491     2.343781          0.0
      1998.0     9.993441   365.527713   494.091381  1854.276196     2.196630   104.561302    49.019672    55.541629    42.576028    43.987667     0.509817   287.039574   281.642834     6.991892     3.367976          0.0
      1999.0     9.269863   367.548355   495.561375  1855.950286     2.074724   105.734497    49.069913    56.664585    43.167364    44.841454     0.499794   287.217441   281.990124     6.760813     2.758465          0.0
      2000.0     8.359327   369.104996   497.559385  1857.860750     2.270238   107.026250    49.237138    57.789112    43.256262    45.166726     0.501743   287.135814   281.767169     6.667063     2.072402          0.0
      2001.0     7.069755   370.921699   497.044321  1859.674189     2.103099   101.907324    47.165488    54.741836    42.987540    44.800979     0.812246   287.294896   282.175941     7.250763     2.879573          0.0
      2002.0     9.434039   372.721555   500.623954  1860.433470     1.828585   108.165667    49.838627    58.327040    42.510841    43.270122     0.465630   287.063587   281.629098     7.046343     2.988871          0.0
      2003.0     9.170547   374.790062   503.620609  1861.349509     2.203817   110.413022    49.872240    60.540782    43.791314    44.707353     0.608264   287.384178   282.158452     7.244799     2.168233          0.0
      2004.0     8.268734   376.704312   503.148790  1863.365687     2.145718   106.664535    48.570907    58.093628    43.211063    45.227242     1.030461   287.469116   282.245610     8.293737     3.815484          0.0
      2005.0     9.180743   378.742774   506.165460  1864.548501     2.277477   110.460291    50.307505    60.152786    44.052489    45.235302     0.859380   287.414755   282.216534     8.514720     2.055533          0.0
      2006.0     9.040792   380.819108   508.030669  1865.812517     1.949898   110.452320    50.227499    60.224820    43.952389    45.216406     0.616127   287.341388   282.078934     8.323676     3.145885          0.0
      2007.0     9.601340   382.490312   511.885604  1866.456114     2.135715   116.445735    53.226230    63.219505    45.511774    46.155371     0.709898   287.442252   282.240742     8.422912     3.215924          0.0
      2008.0     8.019773   384.513200   513.082095  1868.145342     2.049068   112.423490    50.224924    62.198566    44.963249    46.652478     0.738875   287.563896   282.277389     8.485008     2.375955          0.0
      2009.0     7.865451   386.071123   514.931262  1869.402939     1.661807   113.810800    51.381716    62.429084    44.747825    46.005422     0.704450   287.444194   282.213426     8.486713     3.527127          0.0
      2010.0     7.378439   388.129097   515.076886  1871.831823     2.113061   108.281420    48.467093    59.814327    42.805219    45.234103     1.776663   287.441920   282.143033     9.949637     3.087366          0.0
      2011.0     7.552553   390.283157   516.224375  1872.652257     2.050694   108.520515    48.672289    59.848226    43.958291    44.778725     0.889942   287.613380   282.558612    10.532228     2.746075          0.0
      2012.0    10.359806   392.515620   517.462057  1873.393720     2.232730   113.122678    51.588699    61.533979    44.628453    45.369915     1.014517   287.550540   282.361015    10.512411     4.981103          0.0
      2013.0     9.537696   394.537140   520.670495  1875.039081     2.310750   113.920749    51.374813    62.545936    44.030118    45.675479     1.061328   287.494291   282.148232    10.546523     2.490895          0.0
      2014.0     7.144173   396.476397   520.436750  1876.685015     2.301495   110.993230    49.468916    61.524314    44.447299    46.093233     1.303255   287.656749   282.396325    10.868293     3.609428          0.0
      2015.0     9.750623   398.917878   522.091101  1878.116886     2.328369   112.134867    49.871137    62.263730    43.348110    44.779980     0.813962   287.621563   282.342946    10.438088     3.436806          0.0
      2016.0    11.024708   401.843274   523.416897  1879.712039     2.472903   110.091202    49.993484    60.097717    44.380307    45.975460     0.447055   287.719512   282.511936     9.524445     2.692228          0.0
      2017.0    11.894694   404.588274   526.941150  1880.079470     2.594498   114.237210    51.278467    62.958743    44.645139    45.012570     0.426774   287.824882   282.909936     8.635388     2.741644          0.0
      2018.0    12.076952   407.218083   530.782750  1881.365626     2.457955   117.363014    52.956667    64.406347    45.368779    46.654935     0.405185   287.624539   282.525367     7.800740     2.460132          0.0
      2019.0    11.796334   409.765989   533.938107  1883.244181     2.743090   118.428878    52.924495    65.504383    45.577614    47.456169     0.386156   287.572730   282.446609     6.855946     2.312970          0.0
      2020.0    11.225166   412.479285   535.511541  1884.979325     2.622566   115.801548    51.624197    64.177351    45.444844    47.179989     0.315512   287.824017   282.962567     6.272587     2.870774          0.0
      2021.0    12.849344   415.146444   539.306811  1886.371848     2.834439   119.889436    54.179079    65.710357    46.317009    47.709532     0.281736   287.766038   282.602688     5.726483     2.674277          0.0
      2022.0     9.840104   418.162662   540.140721  1888.229601     2.827815   110.064389    48.115322    61.949067    44.807544    46.665297     0.249606   287.934671   283.057690     5.247267     0.616115          0.0
      2023.0    11.550609   421.027495   541.700468  1888.958206     2.913172   111.663992    50.122085    61.541907    44.800371    45.528976     0.216006   287.885919   283.055357     4.817638     3.033362          0.0
      2024.0    11.538438   423.434092   544.459925  1889.921149     2.890136   114.844705    51.802417    63.042288    45.056463    46.019407     0.169154   287.980321   283.143368     4.565828     3.023554          0.0
      2025.0    10.846347   425.766072   547.048421  1891.508087     2.920337   113.930881    50.870659    63.060222    44.567341    46.154279     0.145159   287.965297   283.012006     4.401214     2.127884          0.0
      2026.0     9.826297   428.106560   548.635974  1892.620047     2.663265   112.547586    50.003450    62.544136    44.740062    45.852022     0.235951   288.051947   283.278904     4.486689     2.563875          0.0
      2027.0    10.235525   430.233375   550.984382  1894.332413     2.777266   114.388459    51.090998    63.297461    44.759153    46.471519     0.248777   287.962093   282.884583     4.559196     2.271071          0.0
      2028.0     9.922145   432.371677   552.960980  1895.325071     2.587077   115.578138    51.789351    63.788786    45.828808    46.821465     0.268029   288.175415   283.275703     4.626022     2.991288          0.0
      2029.0     9.498907   433.928784   556.260815  1896.131968     2.613650   118.951401    52.631116    66.320285    45.842444    46.649340     0.276560   287.940958   282.939110     4.645467     2.681940          0.0
      2030.0     9.234871   435.414994   558.342222  1897.670561     2.648181   116.949353    51.813142    65.136211    45.338550    46.877143     0.290571   287.960349   283.123823     4.645952     2.854592          0.0
      2031.0     9.106682   436.638426   561.998942  1898.847274     2.532239   121.973206    54.455318    67.517888    46.911903    48.088617     0.389691   287.949801   282.917222     5.011003     2.709982          0.0
      2032.0     6.654763   437.889855   563.486751  1900.102619     2.282368   119.124478    52.166953    66.957526    47.056373    48.311718     0.436678   288.219583   283.354124     5.359909     2.367425          0.0
      2033.0     7.797441   438.904708   565.959500  1900.947416     2.166236   122.328902    54.113643    68.215259    46.923666    47.768463     0.455865   288.076503   283.040628     5.614863     3.872430          0.0
      2034.0     4.793249   440.040282   566.519548  1902.017812     1.999498   116.521851    51.157273    65.364578    47.095560    48.165957     0.472373   288.265294   283.488273     5.822923     2.431268          0.0
      2035.0     7.210264   440.909335   567.389066  1903.242209     2.338271   117.004303    52.585200    64.419102    46.162051    47.386448     0.493403   288.037185   283.110052     5.986290     4.329235          0.0
      2036.0     7.692561   441.574748   569.189616  1905.310278     2.328952   118.061515    53.623714    64.437801    46.005761    48.073830     0.449169   288.074742   283.092139     6.251049     3.749335          0.0
      2037.0     5.655198   442.492808   571.150451  1906.327301     2.579053   119.042209    51.970655    67.071554    47.166992    48.184016     0.463609   288.283741   283.384910     6.472676     1.825805          0.0
      2038.0     7.032833   443.097724   573.045296  1906.709827     2.249197   120.119889    53.346611    66.773278    46.542427    46.924953     0.475618   288.197032   283.419151     6.649309     4.526814          0.0
      2039.0     4.414611   443.427967   573.979022  1908.669431     2.154412   114.832102    50.472828    64.359274    45.533713    47.493317     0.488503   288.165049   283.331098     6.789485     2.045784          0.0
      2040.0     4.319618   443.617189   575.635622  1908.815133     1.765856   120.069409    52.822678    67.246730    47.258180    47.403881     0.503806   288.323442   283.471908     6.887908     3.762197          0.0
      2041.0     4.966007   443.600345   579.846882  1909.400317     1.754528   122.083084    53.186467    68.896617    46.710398    47.295582     0.250228   288.119164   283.203158     6.277310     1.679624          0.0
      2042.0     4.157558   443.823149   580.316664  1911.376622     1.685771   117.390734    51.427483    65.963252    46.262510    48.238816     0.238349   288.108475   283.125940     5.706869     2.718885          0.0
      2043.0     6.235159   444.044029   582.787388  1912.855334     1.864978   119.026787    53.079953    65.946834    46.245172    47.723884     0.224667   287.986276   282.997325     5.170130     2.885345          0.0
      2044.0     2.736256   444.232472   583.130280  1915.183081     1.817548   114.820547    49.995192    64.825355    46.385827    48.713574     0.208524   288.406398   283.601154     4.690363     0.938726          0.0
      2045.0     4.406085   444.364409   584.667879  1915.242167     2.050007   117.132816    52.343322    64.789494    47.213756    47.272842     0.192666   288.407088   283.738213     4.262234     3.532881          0.0
      2046.0     4.980853   444.097025   587.368322  1916.445569     1.977990   119.271442    53.175998    66.095443    46.322915    47.526317     0.196052   288.163704   283.139242     3.891049     2.949238          0.0
      2047.0     3.270612   443.988752   589.855912  1917.563279     1.496795   119.420991    51.638464    67.782527    46.312771    47.430480     0.187049   288.371193   283.511661     3.577644     1.720393          0.0
      2048.0     4.582204   443.782321   591.521554  1918.616031     1.590284   121.280761    53.944508    67.336253    47.678131    48.730883     0.175214   288.266247   283.321442     3.313188     3.547983          0.0
      2049.0     3.100522   443.348221   594.229962  1919.839749     1.278071   120.534709    52.650289    67.884420    46.876305    48.100023     0.164631   288.201703   283.281960     3.093006     1.841859          0.0
      2050.0     1.388498   442.938872   594.534907  1922.266017     1.390286   113.382767    49.575734    63.807033    45.477442    47.903711     0.146622   288.294741   283.370336     3.015074     1.367078          0.0
      2051.0     3.381015   442.876371   594.879865  1923.272721     1.468332   113.425781    50.294312    63.131469    45.522142    46.528845     0.203241   288.260596   283.565596     3.222019     3.420510          0.0
      2052.0     3.975253   442.350960   596.305882  1924.850962     1.340664   116.928776    52.825158    64.103618    46.370525    47.948766     0.204951   287.924545   282.715326     3.399426     3.450376          0.0
      2053.0     1.523111   441.522733   599.384759  1926.151923     1.344351   118.775683    51.076837    67.698846    45.898808    47.199770     0.205560   288.089881   283.029842     3.546059     0.798190          0.0
      2054.0     2.989771   441.296387   599.877880  1927.609413     1.215090   117.577926    51.908722    65.669204    46.359788    47.817279     0.208070   288.246882   283.279654     3.686341     3.598321          0.0
      2055.0     2.575186   440.735707   601.694169  1928.624301     1.008878   119.564089    53.059821    66.504268    47.111883    48.126771     0.209936   288.147519   283.068956     3.806217     3.116761          0.0
      2056.0     1.443625   439.875987   603.227740  1929.945318     1.126259   117.502222    51.776637    65.725585    46.602450    47.923466     0.171685   288.169780   283.257095     3.720436     2.319600          0.0
      2057.0     2.578405   438.853446   606.458460  1930.999701     1.313953   121.402222    53.503679    67.898543    46.987668    48.042051     0.174490   288.091444   283.104353     3.630123     2.230908          0.0
      2058.0     1.399948   438.399584   607.401206  1931.963817     1.156282   118.753304    51.802173    66.951131    47.421292    48.385408     0.184394   288.175747   283.299620     3.557110     2.474020          0.0
      2059.0     2.470063   437.641526   609.237623  1933.095416     0.941835   119.374318    52.631214    66.743104    46.317776    47.449374     0.188364   287.955152   282.838322     3.478915     3.345422          0.0
      2060.0     2.159142   436.973311   610.229021  1935.046544     1.235279   117.704341    50.914639    66.789702    45.708151    47.659279     0.193971   288.071529   282.954397     3.376514     2.263962          0.0
      2061.0    -0.571390   436.184682   610.959611  1936.352715     0.748057   115.852512    49.929537    65.922975    46.641848    47.948019     0.195137   288.216671   283.423391     3.361326     1.250928          0.0
      2062.0     3.006652   435.266069   612.103140  1937.493992     0.904112   118.809389    53.373024    65.436365    46.305201    47.446478     0.196847   288.014535   282.943607     3.350207     4.783017          0.0
      2063.0     1.877932   434.506165   614.121359  1939.165672     0.840916   120.920770    52.960976    67.959794    47.272820    48.944500     0.203837   288.086024   282.874480     3.366133     1.998258          0.0
      2064.0     1.077938   434.153794   614.297545  1940.913502     0.863516   116.728825    50.277570    66.451256    46.500619    48.248449     0.209487   288.241513   283.287044     3.401978     1.852935          0.0
      2065.0     1.806444   433.188150   616.017658  1941.619854     0.883311   120.239795    52.985637    67.254157    46.794012    47.500364     0.210516   287.985995   282.905501     3.457194     3.765161          0.0
      2066.0     1.217832   432.374257   617.656846  1943.358786     0.943854   118.186984    51.526810    66.660174    46.395906    48.134838     0.241008   287.996619   282.838714     3.696494     1.752784          0.0
      2067.0    -0.714885   431.803545   616.000486  1944.954373     0.764591   114.381855    50.211378    64.170477    47.491020    49.086607     0.259588   288.352502   283.551776     3.980623     2.781130          0.0
      2068.0     0.550745   431.100537   615.534733  1946.488074     1.564345   111.711468    49.139884    62.571583    45.679909    47.213610     0.269141   288.078044   282.844253     4.265625     2.392027          0.0
      2069.0    -2.108573   430.406693   614.615117  1947.468973     0.973764   109.343757    47.922099    61.421658    46.414192    47.395091     0.279985   288.352253   283.514585     4.542486     1.446624          0.0
      2070.0     2.713324   429.780689   616.026857  1946.981672     0.818646   117.356342    53.054394    64.301948    46.992859    46.505557     0.293888   288.068414   283.082100     4.811147     5.137096          0.0
      2071.0    -1.256248   428.616507   616.413619  1948.543737     0.632996   113.904628    49.782724    64.121904    46.112068    47.674133     0.382490   287.981038   282.867920     5.299630     1.721829          0.0
      2072.0     1.379374   427.623622   618.189351  1949.247020     0.394730   120.479386    52.929343    67.550043    46.325803    47.029086     0.395146   288.011394   283.029521     5.721766     4.124526          0.0
      2073.0    -0.818160   426.770164   617.838854  1950.840768     0.757607   115.119614    49.752256    65.367358    45.913999    47.507747     0.416536   288.083856   283.063924     6.146572     2.595006          0.0
      2074.0    -1.255950   425.860913   617.617079  1951.563497     0.374199   115.994057    50.102586    65.891471    46.232227    46.954956     0.429382   288.224152   283.318629     6.504932     3.369406          0.0
      2075.0    -1.814302   425.089027   617.685259  1951.906626     0.614995   115.007982    49.146400    65.861582    46.542746    46.885875     0.439724   288.341557   283.338485     6.779261     2.192345          0.0
      2076.0    -0.603715   424.478764   616.294979  1952.610062     1.023167   112.732014    49.004940    63.727074    46.417655    47.121091     0.332363   288.319301   283.407749     6.663041     3.274128          0.0
      2077.0    -0.756543   423.709578   615.257568  1952.936041     1.113976   112.261681    49.851401    62.410280    47.199943    47.525923     0.333765   288.437777   283.618247     6.545593     3.362889          0.0
      2078.0     0.598089   422.476610   616.934779  1953.049412     0.599589   117.965512    52.430109    65.535403    46.549897    46.663267     0.335091   288.082920   282.953207     6.427224     4.089630          0.0
      2079.0    -0.580806   421.630602   617.001830  1954.239321     0.567823   115.687613    50.558098    65.129515    47.289369    48.479279     0.342057   288.371490   283.350028     6.340340     2.011769          0.0
      2080.0     0.218400   420.645524   617.075623  1955.305247     0.514308   115.531545    51.472705    64.058839    46.752447    47.818373     0.342608   288.251568   283.424663     6.232099     3.580540          0.0
      2081.0    -0.977601   419.527942   617.300623  1956.800734     0.768208   112.884244    48.376442    64.507802    45.006999    46.502486     0.308569   287.962611   282.729454     6.044704     1.648957          0.0
      2082.0    -0.326166   418.262566   618.106839  1957.113289     0.250244   121.182774    53.302479    67.880295    48.227898    48.540453     0.307222   287.988134   282.893178     5.881402     3.955810          0.0
      2083.0     0.123791   417.442148   618.884387  1958.761872     0.784617   117.352600    51.086109    66.266491    46.528113    48.176697     0.303854   287.877397   283.011113     5.740893     2.131864          0.0
      2084.0    -2.679018   416.254143   618.357518  1959.497478     0.475741   114.265503    49.237776    65.027727    46.590748    47.326354     0.303689   287.954190   283.072884     5.637234     2.438292          0.0
      2085.0    -1.087665   415.249587   617.484356  1960.332130     0.631326   114.150868    50.065790    64.085077    46.420797    47.255449     0.308727   287.882011   282.670395     5.625970     3.683504          0.0
      2086.0    -0.466603   414.454662   616.919159  1961.682618     0.413766   113.647371    50.075868    63.571503    46.451071    47.801559     0.222480   287.951110   282.676576     5.440530     2.839506          0.0
      2087.0     0.280890   413.501523   617.933510  1962.390804     0.398528   116.484734    51.154908    65.329827    46.752553    47.460739     0.219196   288.071577   282.968582     5.262108     2.679817          0.0
      2088.0    -2.202325   412.425337   618.129210  1963.827304     0.401059   114.136099    49.380313    64.755785    46.501833    47.938333     0.215301   288.092439   283.156936     5.089332     1.246281          0.0
      2089.0    -1.272887   411.522526   617.985466  1964.358040     0.345599   113.505807    49.731665    63.774142    45.624134    46.154870     0.210611   287.812123   282.718233     4.931211     3.720539          0.0
      2090.0    -0.521903   410.412532   617.942979  1965.538202     0.384550   112.846482    49.696636    63.149846    44.880302    46.060464     0.209900   287.648890   282.463653     4.817183     3.678659          0.0
      2091.0    -3.005976   409.329985   616.876224  1966.421367     0.358535   113.294056    49.370136    63.923920    47.571150    48.454314     0.241257   288.046608   282.862013     4.836299     1.982577          0.0
      2092.0    -1.603998   408.414946   616.223293  1966.734808     0.259232   113.918256    50.143055    63.775201    47.293124    47.606566     0.243590   287.932105   282.845014     4.863970     3.189419          0.0
      2093.0    -0.023508   407.164777   617.758835  1967.593985     0.259744   117.391400    51.528098    65.863302    46.119374    46.978551     0.246294   287.764340   282.615019     4.910355     3.014005          0.0
      2094.0    -1.625585   405.914558   617.201765  1968.883084     0.198634   115.253282    50.908154    64.345127    46.970565    48.259664     0.247901   288.007978   282.968648     4.958101     3.205560          0.0
      2095.0    -3.986915   404.706572   615.533669  1970.110418     0.346946   108.171230    46.769272    61.401958    45.633874    46.861207     0.248714   288.112393   283.081106     5.028618     1.576160          0.0
      2096.0    -2.536371   403.792520   615.723504  1969.401606     0.051639   114.739075    49.762495    64.976579    47.361735    46.652922     0.255186   288.179861   283.272993     5.102951     2.919738          0.0
      2097.0    -0.375993   402.841070   615.444251  1970.100661     0.008376   113.532542    50.938510    62.594032    45.984737    46.683792     0.258290   287.737012   282.691596     5.156619     4.533971          0.0
      2098.0    -1.121432   401.437830   616.325723  1971.590750    -0.095201   114.700155    51.022056    63.678098    46.309949    47.800039     0.266890   287.666757   282.216459     5.199625     2.340546          0.0
      2099.0    -4.500185   399.794065   615.940340  1972.939063    -0.163657   112.287646    48.351471    63.936175    46.100150    47.448462     0.271868   287.946017   282.774457     5.223841     1.288392          0.0
      2100.0    -2.912934   398.604503   614.122917  1973.516429    -0.008760   110.692575    49.270990    61.421585    46.830818    47.408184     0.273741   288.055695   282.864064     5.215877     3.680228          0.0