        time     emission          CO2         cveg        csoil        fgco2         fgpp         fnpp           ra          frh     fvegsoil         fluc          tas     tas_land        cprod     fcvegout    fcsoilout
      1850.0     1.054880   283.688113   363.827773   620.628623    -0.026634    96.371524    39.787780    56.583744    37.312855    37.726283     0.087904   285.635395   279.113822     4.514428     0.603421     0.358136
      1851.0    -0.038404   283.817829   364.253459   620.744703    -0.094972    97.023804    39.395343    57.628461    37.836874    37.869275     0.195755   285.803059   279.237691     5.154988     1.100382    -0.083679
      1852.0    -0.679190   283.967489   363.646756   620.921569    -0.002551    95.211642    38.554543    56.657099    37.817675    37.780897     0.201824   285.866936   279.360605     5.646274     1.380349    -0.213644
      1853.0    -0.397610   284.097205   362.958470   620.694180    -0.044390    94.639964    38.554523    56.085441    37.457911    37.357464     0.206721   285.902923   279.464709     6.077491     1.885345     0.126942
      1854.0     0.096896   284.216934   362.900875   620.355524     0.295619    95.249771    38.818759    56.431012    37.495818    37.579896     0.212655   286.124990   279.705849     6.458948     1.296457     0.422734
      1855.0    -0.185798   284.306730   362.223640   620.150734     0.172229    94.692854    38.556296    56.136558    37.375136    36.909715     0.218410   286.063173   279.719791     6.785396     2.323814    -0.260631
      1856.0    -0.493786   284.416471   362.210741   619.923284     0.170756    94.734323    38.304303    56.430020    37.371410    37.236185     0.224131   286.283191   280.008870     7.057295     1.081017     0.092226
      1857.0     0.400917   284.566162   362.042730   619.563305     0.062161    95.962800    39.408187    56.554614    37.571394    37.714185     0.227377   286.034660   279.485222     7.290182     1.862012     0.502770
      1858.0     1.052759   284.735767   362.400005   619.600569     0.119059    97.909714    40.309536    57.600179    37.869223    37.927844     0.230978   286.142067   279.932942     7.456815     2.024416     0.021357
      1859.0    -0.140093   284.915360   362.530558   619.910899     0.214053    96.266976    39.084007    57.182969    37.915842    37.903227     0.234893   286.228335   279.953214     7.596395     1.050227    -0.322944
      1860.0    -0.245302   285.104940   361.934320   619.547820     0.270115    95.438270    38.690868    56.747402    37.694327    37.445321     0.239896   286.185570   279.794331     7.729615     1.841785     0.114073
      1861.0     0.056224   285.294520   361.322605   619.551612    -0.148367    95.614402    39.137406    56.476996    37.442425    37.647577     0.202449   286.080040   279.755548     7.534828     2.101544     0.201360
      1862.0     1.821264   285.464156   361.966876   619.990670     0.056125    96.828134    40.061737    56.766397    36.803132    37.746550     0.200354   285.682011   279.171364     7.369878     1.670916     0.504361
      1863.0     1.939869   285.633761   363.109437   620.350504     0.168535   100.431631    41.442384    58.989247    38.123599    38.472166     0.198204   285.884395   279.293808     7.216401     1.827657    -0.011269
      1864.0    -0.571292   285.803396   362.821469   621.117318    -0.016005    96.067126    38.813554    57.253572    37.864579    38.671975     0.196961   285.986237   279.476801     7.092261     0.429547     0.040582
      1865.0    -0.882202   285.973002   361.503656   621.093118     0.054961    95.364033    38.696585    56.667449    38.078720    37.197891     0.194873   286.242897   279.884774     6.982785     2.816506    -0.856629
      1866.0    -0.341718   286.142637   361.616620   620.645375     0.173929    96.366293    39.178784    57.187509    38.162451    38.247512     0.193008   286.266202   280.110903     6.897684     0.818307     0.532805
      1867.0    -0.326394   286.312273   360.593576   620.206251     0.118753    93.690793    38.054474    55.636319    36.952553    36.527188     0.190689   286.044678   279.641758     6.835332     2.550330     0.013759
      1868.0     1.326187   286.471890   361.235299   620.148745    -0.093911    98.315152    40.664757    57.650395    37.636092    38.059304     0.189322   285.997055   279.676893     6.807370     1.963730     0.480718
      1869.0    -0.208180   286.591649   361.239137   620.445821     0.064309    96.422187    39.345360    57.076828    37.988345    37.984472     0.187065   286.110857   279.736044     6.792541     1.357049    -0.300949
      1870.0    -0.628969   286.721335   360.932841   620.189733    -0.178811    95.384570    38.725426    56.659144    37.568508    37.528543     0.185354   286.092917   279.631102     6.756827     1.503179     0.216124
      1871.0     0.285327   286.851051   360.488604   620.249722     0.071450    96.113914    39.437551    56.676363    37.487471    37.595080     0.259890   286.110991   279.702135     7.337727     2.286709     0.047619
      1872.0     0.832417   287.020686   361.322846   620.054007    -0.109831    99.155431    40.600324    58.555107    37.975672    38.181980     0.264370   286.186313   280.014773     7.859477     1.584102     0.402023
      1873.0     0.911174   287.220223   361.290543   620.676999     0.171622    97.399376    39.891134    57.508242    37.510758    38.194081     0.266893   285.990736   279.727444     8.332059     1.729355     0.060332
      1874.0     1.619110   287.419791   361.408542   620.949701     0.268232    99.456964    41.285160    58.171804    38.172056    37.972179     0.270297   285.916021   279.387371     8.749107     3.194982    -0.472579
      1875.0     1.017857   287.649291   362.135774   621.204150     0.292450    99.967397    41.079865    58.887533    38.613784    39.208947     0.272573   286.125642   279.581393     9.127185     1.143686     0.340713
      1876.0    -0.914330   287.878760   361.167437   621.183441     0.151007    96.276209    38.863797    57.412412    38.260344    38.017071     0.276379   286.069969   279.799449     9.469085     1.815062    -0.222564
      1877.0     1.710009   288.108260   361.264512   621.089231     0.180863    99.176022    41.099642    58.076380    37.849435    38.429724     0.278774   285.825593   279.343731     9.765609     2.572844     0.674499
      1878.0     0.394128   288.347717   361.572411   621.592495     0.319453    98.165030    40.170908    57.994122    38.397054    38.834311     0.282020   286.134890   279.670088    10.023755     1.028698    -0.066007
      1879.0     0.928298   288.577217   361.134629   621.650992     0.151343    97.796749    40.125511    57.671238    37.641216    37.555247     0.285308   286.026236   279.622797    10.235855     3.008046    -0.144466
      1880.0     0.966574   288.826661   361.552099   621.946336     0.123090    98.590465    40.618162    57.972303    38.006019    38.786502     0.289690   285.990399   279.471370    10.382957     1.414190     0.485139
      1881.0     1.037539   289.096050   361.582832   622.149141     0.384350    98.741651    40.579468    58.162183    38.297018    38.201978     0.275890   286.029540   279.696828    10.338528     2.346758    -0.297846
      1882.0     0.040922   289.375427   361.276837   621.937488     0.318310    97.601143    39.801526    57.799617    38.350933    38.221996     0.274246   286.043036   279.702183    10.289611     1.885524     0.082716
      1883.0     1.186928   289.614914   360.951776   622.234816     0.339526    96.605444    39.833626    56.771818    37.224700    37.777749     0.273294   285.705615   279.224535    10.258046     2.380938     0.255721
      1884.0     0.708276   289.864358   360.777375   622.724058     0.557666    95.838947    39.258658    56.580289    37.406553    37.689514     0.273095   285.588699   278.865565    10.242805     1.743545    -0.206282
      1885.0     0.436699   290.153692   360.211965   622.885033     0.242207    95.619408    39.123438    56.495971    37.383414    37.485020     0.271665   285.705669   279.171667    10.248715     2.203828    -0.059368
      1886.0     1.247135   290.453043   360.400215   623.016874     0.349699    98.112987    40.420962    57.692025    37.881241    38.025032     0.270306   285.766960   279.276987    10.253060     2.207680     0.011950
      1887.0     2.071645   290.762352   360.678025   623.041979    -0.059142   100.003244    41.625076    58.378168    37.830010    38.377289     0.268599   285.536451   278.968741    10.269199     2.969977     0.522174
      1888.0     1.635586   291.111580   361.947304   623.836167     0.189617    99.862763    41.145221    58.717542    38.158872    38.875020     0.268621   285.548461   279.074622    10.313416     1.000922    -0.078040
      1889.0     0.578849   291.460778   361.473901   624.119949     0.032926    98.198263    40.269434    57.928829    38.145593    38.390602     0.266505   285.646331   279.159096    10.359018     2.352236    -0.038774
      1890.0     0.570362   291.810006   360.917638   624.387636    -0.049227    97.688227    40.315775    57.372452    38.103004    38.419747     0.265468   285.746861   279.151528    10.427774     2.452292     0.049056
      1891.0     1.062875   292.169222   360.978067   624.577103     0.242652    97.671938    40.184879    57.487059    37.786712    37.954818     0.310582   285.677897   278.867086    10.794930     2.169631    -0.021361
      1892.0    -0.183990   292.518450   360.643971   624.455245     0.315819    97.703845    39.841840    57.862005    38.595887    38.433545     0.312588   286.049119   279.725564    11.136012     1.742391    -0.040483
      1893.0     0.334628   292.827759   359.611608   624.182253     0.250791    96.132619    39.516186    56.616433    37.590225    37.318455     0.313439   285.677578   279.103117    11.458992     3.230095     0.001221
      1894.0     2.022267   293.137067   360.044562   624.337392     0.256223    99.121371    41.435751    57.685620    37.788008    38.278745     0.315550   285.607136   279.121699    11.755281     2.724052     0.335598
      1895.0     0.244412   293.426401   360.307347   624.540458     0.317190    98.236620    40.235796    58.000824    38.376904    38.623019     0.317470   285.860840   279.337423    12.038987     1.349992     0.043049
      1896.0     0.984929   293.705777   359.580274   624.442078     0.153995    98.636021    40.850948    57.785072    37.982156    37.644887     0.320417   285.739840   279.208334    12.305903     3.933134    -0.238889
      1897.0     1.922689   293.995141   360.746880   624.803765     0.290845   101.599088    42.184704    59.414384    38.599033    39.552810     0.321428   285.871784   279.521420    12.551104     1.465288     0.592090
      1898.0    -0.028695   294.294493   360.410845   625.068649     0.140914    98.914955    40.398209    58.516746    38.607914    38.791315     0.323312   286.091869   279.632484    12.767493     1.942930    -0.081483
      1899.0    -0.664347   294.643691   358.835166   625.109155     0.230568    95.251998    38.684735    56.567262    37.766101    37.373007     0.325058   286.061687   279.678354    12.965985     2.887407    -0.433600
      1900.0     0.912884   295.012894   358.445682   624.920487     0.416518    97.108476    40.190295    56.918181    37.850734    38.170236     0.326707   286.180405   279.683089    13.176728     2.409543     0.508169
      1901.0     1.875687   295.352135   359.111747   624.570767     0.332861   100.656036    41.897161    58.758875    38.360794    38.351265     0.325660   286.182944   279.944449    13.357040     2.879832     0.340191
      1902.0     1.660901   295.671400   359.637970   624.712844     0.438365   101.256761    42.063829    59.192932    38.739837    38.894182     0.325868   286.183162   279.722822    13.425577     2.643424     0.012268
      1903.0    -0.449956   295.990696   359.355251   624.897168     0.640944    96.954809    39.375654    57.579155    38.376800    38.589078     0.325492   286.096661   279.630674    13.481587     1.069295     0.027955
      1904.0    -0.517736   296.290048   357.198296   624.793293     0.595306    95.151053    38.911906    56.239147    37.977839    37.500492     0.325633   286.084129   279.616687    13.590568     3.568369    -0.373473
      1905.0     0.804536   296.629289   356.757968   624.389931     0.452136    96.237235    39.809156    56.428079    37.403239    37.185452     0.323783   285.956499   279.420754    13.679044     3.064033     0.185575
      1906.0     0.967867   296.998461   356.623070   624.192173     0.312196    97.873993    40.576012    57.297981    37.825251    37.965381     0.323310   285.916759   279.411130    13.778343     2.745529     0.337889
      1907.0     1.952150   297.437486   356.939537   624.501487     0.405198    98.369447    40.905393    57.464054    37.509324    37.942091     0.322677   285.633312   279.056368    13.888268     2.646835     0.123453
      1908.0     1.779608   297.856536   357.486678   624.777327     0.379761   100.762393    41.588519    59.173874    38.281750    38.864045     0.322864   285.912147   279.235674    13.998001     2.177333     0.306455
      1909.0    -0.173757   298.275615   356.546396   625.013742     0.535401    97.067121    39.602304    57.464818    38.403664    38.402528     0.322236   286.176698   279.554194    14.122620     2.140058    -0.237551
      1910.0     2.074635   298.714640   356.021219   624.590336     0.565845   100.063615    41.866393    58.197222    38.513527    37.977222     0.320832   286.203945   279.617705    14.304957     4.414348    -0.112898
      1911.0     1.173699   299.163622   356.797521   624.544231     0.343758   100.302719    41.392535    58.910184    38.649915    38.524318     0.332170   286.261231   279.860366    14.417133     2.091915    -0.079492
      1912.0     2.341098   299.682485   357.376436   624.529392     0.512049   101.707470    42.209177    59.498293    38.571751    39.446700     0.332282   285.996939   279.466917    14.551985     2.183562     0.889788
      1913.0     2.694391   300.241238   357.206910   625.215141     0.576072   100.549320    41.986119    58.563200    38.133356    38.583784     0.330951   285.816750   279.050780    14.687634     3.571861    -0.235321
      1914.0     0.787914   300.750115   357.270255   625.550618     0.617341    98.727279    40.470502    58.256777    38.441564    38.667473     0.330720   286.092844   279.460295    14.827483     1.739685    -0.109569
      1915.0     1.053450   301.268948   356.697605   625.446341     0.510566    99.763552    41.246477    58.517075    38.830676    38.521674     0.330339   286.178543   279.519219    14.955527     3.297453    -0.204726
      1916.0     1.164953   301.807756   356.121989   625.056145     0.505758    98.957147    40.859563    58.097584    38.418421    38.353596     0.331008   286.249577   279.870659    15.082485     3.081584     0.325371
      1917.0     3.446188   302.336577   357.040362   625.051824     0.788910   103.252712    43.381397    59.871315    38.890910    39.121228     0.329406   286.153925   279.899238    15.222803     3.341796     0.234639
      1918.0     1.162652   302.775602   357.416158   625.502299     0.942178   100.493258    41.242044    59.251214    38.933385    39.391159     0.329384   286.266682   279.759832    15.346682     1.475091     0.007299
      1919.0     0.557550   303.134787   356.009741   625.564397     0.695321    97.793424    40.227964    57.565460    38.029555    38.135072     0.329427   286.214678   279.708674    15.486452     3.499309     0.043419
      1920.0     0.932303   303.573812   355.876067   625.477115     0.624744    99.748465    41.014335    58.734130    38.519685    38.455075     0.329685   286.330744   279.960991    15.637468     2.692933     0.022672
      1921.0     1.763872   303.923040   355.931470   624.972276     0.789083   102.284701    42.503940    59.780761    39.027025    38.798313     0.363609   286.552196   280.517929    15.875032     3.650224     0.276127
      1922.0     2.979732   304.262281   356.372429   625.416848     0.731157   103.045464    43.323377    59.722087    38.567004    39.080506     0.364080   285.841828   279.436996    16.093109     3.801912     0.068931
      1923.0     1.734473   304.591534   356.961435   626.274193     0.688692   102.814300    42.601629    60.212671    39.011721    40.042895     0.365602   286.010491   279.513467    16.305407     1.969727     0.173830
      1924.0     1.688179   304.950750   356.625393   626.694111     0.550322   103.426457    43.129042    60.297415    39.456227    39.741210     0.367476   286.117201   279.467399    16.495949     3.723874    -0.134935
      1925.0     1.112225   305.130342   356.449020   626.943295     0.482146   102.674195    42.710769    59.963426    39.221013    39.584799     0.367840   286.116741   279.902125    16.691669     3.302343     0.114602
      1926.0    -0.104045   305.270046   356.289203   627.299301     0.640050   101.888917    41.830577    60.058341    39.532020    39.792595     0.368623   286.437660   280.199149    16.881409     2.197799    -0.095430
      1927.0     1.554241   305.499515   355.668283   627.218709     0.481686   102.341428    42.759727    59.581701    38.814525    38.887420     0.369403   286.188673   279.908822    17.073030     4.493226     0.153488
      1928.0     2.227879   305.649176   356.598334   627.658829     0.466221   105.097666    44.147162    60.950504    39.217637    40.466616     0.371545   286.120690   279.685073    17.254774     2.750494     0.808859
      1929.0     0.418267   305.808824   356.545884   628.460551     0.490550   102.880671    42.612988    60.267683    39.606691    39.983677     0.370926   286.376146   279.941138    17.430447     2.681761    -0.424736
      1930.0     1.077886   305.938540   356.259849   628.476381     0.270359   104.192210    43.523966    60.668245    39.567272    39.600840     0.371982   286.338335   279.954358    17.600164     4.209160     0.017740
      1931.0     1.299544   306.138107   356.165615   629.033146     0.484926   104.053119    43.462226    60.590893    39.518893    39.954328     0.423811   286.312009   280.070814    17.936283     3.602133    -0.121331
      1932.0     1.826336   306.407496   356.514491   629.258057     0.520720   104.425925    43.675511    60.750414    39.411247    40.005102     0.426264   286.321706   279.963050    18.255201     3.321533     0.368944
      1933.0    -0.588230   306.716805   355.901690   629.706392     0.537123   100.309044    40.929753    59.379291    39.161576    39.384880     0.425823   286.434557   279.954972    18.550966     2.157675    -0.225031
      1934.0    -0.339221   307.095965   354.210796   629.250715     0.557018    99.153773    40.830892    58.322881    39.091375    38.398042     0.426313   286.498479   280.308725    18.840359     4.123744    -0.237657
      1935.0     0.587377   307.544977   353.630634   628.872614     0.486302   100.023479    41.557613    58.465866    38.890451    38.675591     0.427694   286.426001   279.935798    19.127865     3.462184     0.163241
      1936.0     2.105052   308.323242   353.299653   628.676586     0.527935   102.178827    42.619283    59.559544    39.154500    39.167944     0.429316   286.612592   280.033521    19.379318     3.782320     0.209471
      1937.0     2.354679   309.071576   353.300843   628.401921     0.596243   103.269436    43.212506    60.056930    39.400630    39.191670     0.429639   286.590743   280.316047    19.598242     4.019645     0.065705
      1938.0     2.801002   309.600396   353.957891   628.706394     0.650992   104.792514    44.079064    60.713450    39.470012    39.982567     0.430383   286.330522   280.050409    19.789099     3.439449     0.208082
      1939.0     3.935910   310.159149   355.425657   629.270085     0.666706   109.021794    46.109097    62.912697    40.214898    41.361433     0.432056   286.378443   279.868453    19.967617     3.279898     0.582844
      1940.0     0.574618   310.667995   354.652133   630.038774     0.759285   102.893051    42.380973    60.512077    39.961115    40.428123     0.435300   286.516785   280.071226    20.142700     2.726374    -0.301682
      1941.0     1.523814   311.117007   353.776343   630.232150     0.762377   103.491592    43.289669    60.201923    39.638720    39.918675     0.568570   286.449414   280.022308    20.641655     4.246783     0.086580
      1942.0     0.141631   311.476223   353.259389   629.832969     0.625640   103.184655    42.748738    60.435917    40.133346    39.242342     0.571533   286.764812   280.519219    21.161655     4.023350    -0.491823
      1943.0     1.369536   311.695735   353.057745   629.726660     0.639221   104.781753    43.710560    61.071194    39.480096    39.897813     0.573738   286.557632   280.279251    21.640741     4.014391     0.524026
      1944.0     1.665170   311.715680   353.201418   630.202599     0.647242   106.301136    44.753048    61.548088    39.714090    40.558807     0.577520   286.525075   280.169913    22.071896     4.050568     0.368778
      1945.0     1.171495   311.685748   353.716633   630.932950     0.651194   107.270294    45.064637    62.205657    40.373396    40.927111     0.579113   286.565423   280.325860    22.463873     3.622311    -0.176637
      1946.0     0.459187   311.695735   352.876228   631.407797     0.283679   105.326904    44.163628    61.163277    39.950322    40.400389     0.580810   286.357164   279.860664    22.837021     4.603644    -0.024780
      1947.0     1.433866   311.795489   353.034822   631.921362     0.353801   106.277009    44.882358    61.394650    39.889424    40.608311     0.583399   286.318426   279.727042    23.176435     4.115453     0.205322
      1948.0    -0.119669   311.825421   353.169354   632.194371     0.479804   106.385352    44.225604    62.159748    40.703720    40.777769     0.588022   286.639916   280.565038    23.484848     3.313304    -0.198961
      1949.0    -0.001191   311.935192   352.183850   632.494766     0.602414   103.708032    43.147757    60.560276    39.836378    40.578751     0.589378   286.589519   280.283662    23.690161     3.554511     0.441977
      1950.0     2.605135   312.124772   352.415086   632.725459     0.578436   108.703682    46.242119    62.461563    40.415883    40.869968     0.591380   286.482328   280.175837    23.895905     5.140915     0.223391
      1951.0    -0.643359   312.314353   351.587062   633.369401     0.702657   103.368141    42.781770    60.586371    40.175016    40.196525     0.734287   286.593766   280.263463    24.601053     3.413269    -0.622434
      1952.0    -0.088299   312.643606   350.300479   633.081032     0.558243   103.734430    43.311691    60.422738    40.166711    40.219829     0.740218   286.705296   280.559413    25.239069     4.378445     0.341488
      1953.0     1.236924   313.032754   349.587667   632.968129     0.515258   105.933929    44.616145    61.317784    40.369062    40.456263     0.740249   286.600631   280.269693    25.886211     4.872694     0.200104
      1954.0     2.002707   313.391939   349.896800   633.337845     0.448409   106.770468    45.158352    61.612116    39.906866    40.440435     0.741736   286.284321   279.826772    26.445560     4.408784     0.163854
      1955.0     1.884072   313.711235   350.036214   633.921492     0.621462   109.125328    46.175359    62.949969    41.031866    41.670575     0.745750   286.602180   280.244512    26.961691     4.365369     0.055061
      1956.0    -0.005360   314.000599   348.929245   634.258153     0.664136   105.773325    44.276116    61.497210    40.929582    41.060360     0.751899   286.684107   280.425384    27.431892     4.322725    -0.205882
      1957.0     0.740768   314.289933   347.993070   634.555423     0.757498   105.970063    44.678412    61.291651    40.670191    41.314183     0.753411   286.628435   280.336319    27.845507     4.300404     0.346722
      1958.0     0.441489   314.639161   346.492722   634.565313     0.696099   104.874991    44.200409    60.674582    40.564185    40.365544     0.755300   286.546491   280.237132    28.221954     5.335213    -0.208531
      1959.0     1.635846   315.108117   346.310966   635.144025     0.650734   105.339232    44.553697    60.785535    39.877612    40.714817     0.756956   286.332858   279.921306    28.534983     4.020635     0.258493
      1960.0     2.123140   315.916315   345.912484   635.396661     0.502677   106.624159    44.970455    61.653703    40.295585    40.767859     0.762505   286.506068   280.146238    28.807425     4.601079     0.219639
      1961.0     2.020591   316.594796   345.677228   635.604300     0.679719   106.956380    45.306909    61.649471    40.675681    40.884569     0.549395   286.595835   280.300378    28.187275     4.657596     0.001249
      1962.0     0.585937   317.333172   344.592524   635.562663     0.824762   104.534004    43.627738    60.906266    40.775707    40.587894     0.543100   286.899233   280.706385    27.632402     4.124546    -0.146176
      1963.0     2.357298   317.941802   343.924059   635.297326     0.986859   105.743732    44.804705    60.939027    39.949821    40.076566     0.536991   286.720208   280.470334    27.165293     5.396604     0.392082
      1964.0     3.576338   318.620283   344.625160   635.653315     0.824290   109.062995    46.650510    62.412486    40.602473    41.341479     0.532768   286.480062   279.882813    26.795258     4.607929     0.383017
      1965.0     2.018422   319.109215   344.673906   636.054508     0.901057   107.108801    45.342250    61.766551    40.589992    40.698658     0.524935   286.422927   279.995949    26.471075     4.594846    -0.292526
      1966.0     3.789772   320.166857   344.909055   636.292226     0.956696   108.516629    46.135160    62.381469    40.859162    41.036135     0.517819   286.521076   280.186876    26.234198     4.863875    -0.060745
      1967.0     1.210599   320.765529   344.258020   636.689866     1.012307   105.664600    44.363863    61.300737    40.653030    41.313529     0.511749   286.646504   280.397538    26.059486     3.701369     0.262859
      1968.0     1.727732   321.673511   342.998854   636.936364     0.976159   104.501295    43.933153    60.568141    40.306410    40.318333     0.506488   286.571988   280.265216    25.952461     4.873987    -0.234575
      1969.0     3.525837   322.531585   342.627309   636.678172     0.895272   107.649925    46.047295    61.602630    40.426960    40.792589     0.498353   286.471110   280.117979    25.919008     5.626250     0.623821
      1970.0     5.041355   324.058183   343.228638   637.215600     1.163154   109.154993    46.485015    62.669978    41.090577    41.529443     0.492254   286.499697   280.128343    25.979771     4.354243    -0.098562
      1971.0     2.915033   324.676800   343.478170   637.421522     1.038063   110.372663    47.076633    63.296031    41.599268    41.957423     0.470811   286.569499   280.431940    25.999962     4.869678     0.152233
      1972.0     5.812290   326.622479   343.437817   637.821919     1.244074   108.201510    46.060211    62.141299    40.750022    41.294378     0.471593   286.353771   279.922576    26.015802     4.806186     0.143958
      1973.0     6.212211   329.176787   343.546495   638.065073     1.319901   108.593961    45.819110    62.774851    41.346769    41.420173     0.470076   286.684752   280.477130    26.059536     4.290259    -0.169749
      1974.0     3.795972   330.024904   343.346033   637.954378     1.187230   109.187072    46.567813    62.619259    40.863057    41.077531     0.467897   286.542852   280.540017    26.109657     5.690744     0.325169
      1975.0     4.383311   330.094725   344.736971   638.745752     1.211824   113.764682    49.167001    64.597681    41.015641    42.453396     0.467793   286.250062   279.909020    26.100267     5.322667     0.646380
      1976.0     2.508535   330.803169   345.204125   639.790710     1.090441   111.891943    47.169782    64.722160    42.141921    42.621012     0.468319   286.634403   280.479104    26.200323     4.081616    -0.565866
      1977.0     4.828152   332.609144   344.658709   639.934375     1.385279   109.597994    46.245819    63.352175    41.766787    42.007343     0.466001   286.783848   280.709831    26.285810     4.783891     0.096892
      1978.0     6.598748   334.265458   344.918783   639.963740     1.396681   112.486431    48.410348    64.076083    41.645984    41.914244     0.465399   286.598830   280.453591    26.399902     6.236030     0.238895
      1979.0     4.929048   335.851921   345.584312   640.698781     1.459853   110.626517    46.788936    63.837581    41.627426    42.313672     0.464112   286.626451   280.583841    26.520765     3.809735    -0.048794
      1980.0     6.906005   337.947260   345.676099   640.906424     1.655172   112.016521    47.755643    64.260879    41.800691    42.257365     0.464653   286.754773   280.682399    26.610184     5.406490     0.249031
      1981.0     4.431820   339.304222   345.673814   641.072718     1.536829   112.235560    47.779739    64.455821    42.545293    42.492069     0.520468   286.946431   280.542912    26.944658     5.289955    -0.219518
      1982.0     4.033126   339.882950   345.861635   641.396708     1.242237   112.970135    48.588048    64.382087    41.781581    42.790914     0.522892   286.636806   280.245550    27.321648     5.609313     0.685343
      1983.0     7.077854   341.509302   346.817917   642.655845     1.434165   113.849045    49.230422    64.618623    41.703200    42.968560     0.525423   286.357346   279.899930    27.769358     5.305581     0.006223
      1984.0     5.759612   343.245456   346.882498   643.766458     1.409797   112.906273    48.226987    64.679286    42.139943    43.161193     0.529346   286.512067   280.181093    28.227779     5.001211    -0.089363
      1985.0     6.098836   344.692215   346.966310   644.462352     1.279050   114.322907    49.227967    65.094940    42.013932    43.017136     0.529997   286.368145   280.014323    28.592005     6.127019     0.307310
      1986.0     5.049308   346.129017   347.594963   645.452851     1.271833   114.574111    49.014846    65.559265    42.738621    43.765211     0.532507   286.713358   280.548708    28.962511     4.620982     0.036091
      1987.0     5.945004   347.994856   347.551707   645.833364     1.427510   114.214253    48.915023    65.299230    42.745756    43.084169     0.535508   286.832022   280.620579    29.314993     5.874109    -0.042099
      1988.0     6.438265   350.499287   347.396952   646.129262     1.679957   112.807721    47.801689    65.006031    42.855689    42.899445     0.538860   286.943655   280.796867    29.656054     5.056999    -0.252142
      1989.0     5.919653   352.105725   347.359628   645.698170     1.698871   116.280561    49.944608    66.335952    43.593820    43.595417     0.539201   287.200084   281.125674    29.954079     6.386516     0.432689
      1990.0     5.895960   353.283095   348.095920   646.482223     1.765899   116.806746    50.502435    66.304311    43.108407    44.336029     0.541521   286.903592   280.560509    30.185463     5.430114     0.443569
      1991.0     6.219297   354.560249   348.947380   647.350221     1.724931   117.170634    50.721435    66.449199    43.339600    43.877360     0.429831   286.853651   280.434272    29.833393     5.992614    -0.330239
      1992.0     4.013655   355.438298   349.577592   647.815932     1.620016   115.260884    49.087370    66.173514    43.038015    43.759677     0.429187   286.680259   280.336928    29.515654     4.697480     0.255952
      1993.0     5.465943   356.126767   350.315147   648.506455     1.699192   117.210826    50.817483    66.393343    42.797657    43.951127     0.425340   286.593496   280.446243    29.286266     6.128802     0.462946
      1994.0     6.732202   357.453798   351.370024   649.419559     1.818364   118.883934    51.310876    67.573058    43.488300    44.190044     0.422692   286.649032   280.176536    29.089109     6.065954    -0.211360
      1995.0     6.466365   359.439365   352.308161   649.963428     1.947946   118.464490    50.421531    68.042959    44.335018    44.954032     0.420154   287.102546   281.030189    28.971205     4.529362     0.075145
      1996.0     6.565198   361.195464   352.522834   650.289561     1.933427   118.750153    50.840256    67.909897    44.086106    44.880813     0.418534   287.211319   281.217137    28.817997     5.744770     0.468573
      1997.0     6.250468   362.442686   352.663600   650.767312     1.853111   118.273696    50.988265    67.285431    43.638990    43.932635     0.414588   286.972406   280.821420    28.794403     6.914865    -0.184107
      1998.0    11.021053   365.116722   355.310019   651.771873     2.051074   122.919088    53.439637    69.479451    44.409194    45.977293     0.412043   286.742724   280.574880    28.729601     4.815924     0.563539
      1999.0     7.269354   367.022481   356.180441   652.625345     2.004791   120.750214    51.635901    69.114313    44.640457    45.508555     0.410564   287.066638   280.918344    28.754717     5.256924     0.014625
      2000.0     5.935964   368.299635   356.672803   653.096503     1.845098   121.067525    52.149265    68.918260    44.940517    45.402708     0.409213   286.915581   280.730928    28.910536     6.254194    -0.008967
      2001.0     7.063684   369.846208   357.494539   653.885545     1.987015   121.355759    52.240326    69.115433    44.692270    45.147087     0.493073   287.064384   280.989797    29.378801     6.271504    -0.334224
      2002.0     7.015695   372.001381   357.950129   654.219868     2.029301   119.281909    51.129396    68.152513    45.019687    45.383540     0.398859   287.133585   280.702438    29.169598     5.290267     0.029529
      2003.0     7.882370   374.575664   357.978604   654.537684     1.969895   119.516057    51.091103    68.424954    44.570706    45.282357     0.625329   287.141164   281.057562    29.447784     5.780270     0.393836
      2004.0     8.705332   376.152139   359.088791   655.187913     2.253032   124.940032    54.486916    70.453116    45.162776    46.058243     0.657720   287.084381   281.119777    30.366034     7.318487     0.245237
      2005.0     6.450689   378.067885   359.943397   655.780366     2.414039   121.335198    51.707194    69.628003    45.677235    46.220458     0.434247   287.496160   281.528508    30.683750     4.632130    -0.049230
      2006.0     7.306262   380.163224   359.966080   655.663227     2.139018   120.472419    51.611286    68.861133    45.013005    44.936917     0.433647   287.403698   281.376155    30.489925     6.651685     0.041052
      2007.0     9.152106   381.749687   361.811806   656.433455     2.083564   125.364167    54.668179    70.695988    45.086683    46.259153     0.418540   286.992026   280.888275    30.416164     6.563301     0.402241
      2008.0     9.597638   383.884915   364.135252   657.494157     2.069924   126.997468    54.952899    72.044569    45.887581    47.375945     0.477254   287.208468   281.060543    30.406002     5.253508     0.427662
      2009.0     5.519564   385.421501   364.787821   658.238351     2.109964   123.854996    52.698859    71.156137    46.558679    46.485733     0.527328   287.561400   281.714974    30.378674     5.560557    -0.817140
      2010.0     8.471155   387.856080   364.580929   658.492830     2.343376   123.751698    53.261638    70.490060    45.687803    46.532676     1.070137   287.420699   281.510324    32.361305     6.935854     0.590393
      2011.0    10.479287   390.071148   366.693949   659.145122     2.462350   127.822902    55.532692    72.290210    45.985149    47.268106     0.594004   287.145923   281.192653    32.623508     6.151566     0.630666
      2012.0     8.178750   392.146512   367.990674   660.349921     2.464856   127.538394    54.825477    72.712917    47.083675    48.078795     0.559259   287.470264   281.528019    32.787861     5.449958    -0.209679
      2013.0     8.183344   394.840523   367.539158   660.735964     2.494018   125.075362    53.642184    71.433177    46.855127    47.214129     0.992389   287.647225   281.734167    33.837673     6.879571    -0.027042
      2014.0     8.001120   396.666442   367.686293   661.242495     2.260981   125.709727    54.467306    71.242420    45.806866    46.431539     0.801317   287.402999   281.498944    34.731735     7.888632     0.118142
      2015.0    10.792011   399.061133   369.919370   662.110665     2.302483   129.994404    56.760274    73.234130    46.650311    47.956245     0.625384   287.398286   281.366545    34.738949     6.570952     0.437764
      2016.0    10.121165   402.224071   370.936331   662.948285     2.495897   127.432840    54.628718    72.804122    46.936598    47.902514     0.619586   287.651076   281.819872    35.240501     5.709243     0.128297
      2017.0    10.861215   404.838243   371.474049   663.775872     2.572477   127.750977    55.636035    72.114942    46.059088    47.022978     0.620717   287.437131   281.444727    35.581177     8.075339     0.136303
      2018.0    10.002456   407.651983   373.068114   664.840342     2.584921   128.380593    55.373002    73.007591    47.030086    48.348554     0.617689   287.677922   281.676956    35.802807     5.430383     0.253998
      2019.0     8.163097   410.425803   371.769794   664.900416     2.683761   124.584896    53.400945    71.183951    46.977088    46.473677     0.646914   287.908010   282.062866    36.049976     8.225587    -0.563485
      2020.0     8.929677   413.179679   372.370648   665.197912     2.768276   124.338595    53.584833    70.753762    46.365144    46.998884     0.633732   287.642515   281.579258    36.204327     5.985095     0.336244
      2021.0    11.186742   415.913579   374.103695   665.353118     2.609950   129.530546    56.677041    72.853505    47.038452    47.317219     0.547907   287.569981   281.457325    35.586163     7.626775     0.123562
      2022.0    11.460227   418.677412   376.192417   665.782531     2.662874   131.758379    57.603838    74.154541    47.656790    48.685057     0.545310   287.612519   281.719702    35.075397     6.830059     0.598854
      2023.0    11.244615   421.501140   377.758410   666.763479     2.718673   131.769516    57.204155    74.565362    47.544212    48.446202     0.545189   287.528302   281.719096    34.668648     7.191960    -0.078959
      2024.0    11.996503   424.384701   379.588337   667.810965     2.809441   134.421097    58.898589    75.522508    48.381906    50.044009     0.529480   287.629943   281.610315    34.321468     7.024652     0.614617
      2025.0     9.868055   427.338144   380.432627   668.799413     2.897068   130.996816    56.465355    74.531460    48.500501    49.074875     0.521318   288.013254   282.289592    34.040813     6.546191    -0.414075
      2026.0    11.271250   430.351421   381.178578   668.985350     2.877352   131.788905    57.280744    74.508162    48.013551    48.601860     0.521374   287.874956   282.119489    33.850376     7.932933     0.402372
      2027.0    13.411193   433.424593   382.925352   669.901206     2.919622   134.703138    59.278757    75.424380    47.914490    49.013003     0.524639   287.669395   281.858174    33.765209     8.518980     0.182657
      2028.0    13.823303   436.557599   385.923278   671.341744     3.180914   137.985817    60.449153    77.536664    49.011174    50.724306     0.506503   287.725752   281.904726    33.711250     6.726921     0.272593
      2029.0    10.228047   439.750499   386.762497   672.300071     3.030038   133.438314    57.423447    76.014868    49.462212    50.147362     0.500821   287.923256   282.066795    33.713379     6.436866    -0.273176
      2030.0    11.004316   443.013221   386.947452   672.393594     2.947957   134.239149    58.340369    75.898780    49.567349    49.735023     0.483881   287.993876   282.129015    33.761803     8.420390     0.074151
      2031.0    13.885817   446.325849   388.902428   673.125183     3.073849   137.214293    60.390182    76.824111    48.944919    50.565282     0.522942   287.817514   281.947070    33.882755     7.869925     0.888773
      2032.0    12.041111   449.698342   390.249712   674.267855     3.238533   135.180293    58.637955    76.542338    49.438609    50.073760     0.518894   287.969949   282.255287    34.015537     7.216910    -0.507521
      2033.0    11.665329   453.080792   390.852988   674.868342     3.107036   134.409185    58.310519    76.098666    49.225841    50.308223     0.512064   287.993571   282.370611    34.113029     7.399020     0.481894
      2034.0    12.369325   456.503162   392.041799   675.272660     3.052671   137.388737    59.959764    77.428973    50.059725    50.411037     0.513464   288.292377   282.733747    34.236469     8.359916    -0.053006
      2035.0    13.385575   459.945506   393.735674   675.942501     3.126985   138.199079    60.656443    77.542636    49.908504    50.940455     0.508833   287.946575   282.081759    34.341656     8.022113     0.362110
      2036.0    11.949692   463.427740   394.648411   677.042978     3.290692   135.359025    58.696862    76.662163    49.647217    50.511812     0.520211   288.098050   282.332449    34.430527     7.272313    -0.235882
      2037.0    11.824091   466.929949   394.911424   677.252433     3.314723   134.902372    58.799463    76.102909    49.863286    50.231759     0.504937   288.336156   282.772830    34.528183     8.304691     0.159017
      2038.0    13.880889   470.472047   396.579000   678.007342     3.234447   137.798394    60.785139    77.013255    49.759226    50.856018     0.508212   288.007750   282.218875    34.687134     8.261544     0.341882
      2039.0    14.383283   474.044108   398.740035   679.218466     3.535104   138.930190    60.912395    78.017796    49.853333    51.249692     0.496571   287.937428   282.501621    34.766678     7.501668     0.185235
      2040.0    12.807466   477.656058   400.230980   680.234574     3.574362   139.548372    60.590987    78.957385    50.958579    51.717847     0.510330   288.166161   282.473112    34.892868     7.382195    -0.256840
      2041.0    11.550670   481.297939   399.575236   680.730692     3.498694   134.278273    58.227053    76.051220    49.912229    50.712907     0.491540   288.261225   282.600157    34.975277     8.169890     0.304559
      2042.0    14.222856   484.949809   401.138189   681.475270     3.595011   139.171034    61.195905    77.975129    50.202127    51.035275     0.474210   288.172004   282.429393    35.055408     8.597678     0.088571
      2043.0    13.306501   488.611666   402.761230   682.036229     3.440302   139.358884    60.897646    78.461238    50.679291    51.384189     0.491763   288.268043   282.552065    35.132652     7.890416     0.143939
      2044.0    15.300187   492.283480   404.861301   682.638577     3.568347   144.159465    63.598444    80.561022    51.384555    52.252795     0.479779   288.150080   282.656361    35.187607     9.245577     0.265893
      2045.0    13.967417   495.955294   407.256164   683.732313     3.821686   142.382683    62.151942    80.230741    51.459608    53.132985     0.494358   288.193817   282.468389    35.364349     6.624094     0.579641
      2046.0    13.498714   499.637095   407.816927   684.398738     3.492566   141.747278    62.069284    79.677994    51.648161    51.960768     0.505759   288.343072   282.629471    35.458294     9.547752    -0.353817
      2047.0    13.949482   503.318897   409.991029   685.185997     3.523681   143.010727    62.529036    80.481691    51.501518    52.628802     0.495428   288.407500   282.789339    35.561638     7.726132     0.340025
      2048.0    12.387056   507.020643   410.573463   685.712302     3.588056   141.017983    61.073060    79.944923    51.815962    51.814006     0.502348   288.699001   283.193774    35.689224     8.676620    -0.528261
      2049.0    13.876149   510.732376   412.207220   685.795251     3.609659   142.979308    62.427727    80.551581    51.661271    52.081892     0.510311   288.572423   282.803945    35.873501     8.712078     0.337672
      2050.0    13.559252   514.444140   414.177409   686.258199     3.602276   143.808990    62.674356    81.134634    52.112075    53.452882     0.527432   288.544935   282.905893    36.163567     7.251285     0.877858
      2051.0    14.217618   518.175819   414.853788   686.880457     3.890345   143.466620    62.813764    80.652856    52.166723    52.175571     0.538218   288.742560   283.196070    36.506756     9.961814    -0.613411
      2052.0    14.520081   521.907497   417.216906   687.626564     3.697235   146.706100    64.608279    82.097820    53.135707    54.200880     0.527537   288.660913   283.092648    36.776028     8.044281     0.319066
      2053.0    13.191236   525.639175   418.602866   688.835299     3.650748   142.962569    62.158029    80.804540    51.947637    53.704616     0.533094   288.553602   282.966351    37.109184     7.067454     0.548244
      2054.0    11.934620   529.370853   418.400762   689.477843     3.520867   141.037825    61.194416    79.843409    52.288234    52.283427     0.523798   288.661722   283.163192    37.406471     9.113093    -0.647350
      2055.0    14.945362   533.092605   420.174569   689.784279     3.590892   147.085093    64.831649    82.253444    52.652954    53.635143     0.546930   288.744978   283.306304    37.692608     9.422698     0.675753
      2056.0    13.741769   536.814295   421.744343   690.547125     3.395499   147.619238    64.628927    82.990311    53.451121    53.858212     0.560354   288.825953   283.454452    37.917809     9.200942    -0.355755
      2057.0    13.604565   540.535986   423.717168   691.424709     3.527163   147.746810    64.671740    83.075070    53.664244    54.914343     0.539144   288.784606   283.235999    38.139347     7.784571     0.372515
      2058.0    12.615810   544.257677   424.451464   692.173648     3.400609   144.551866    62.725485    81.826381    52.817116    53.510146     0.541902   288.919836   283.474520    38.427761     8.481042    -0.055909
      2059.0    13.448938   547.989416   425.676616   692.523532     3.403360   147.124641    64.316068    82.808573    53.449899    53.216696     0.529865   288.990155   283.548545    38.634018     9.874220    -0.583088
      2060.0    13.255807   551.711107   427.520439   692.542824     3.670330   147.576639    64.294800    83.281840    53.770331    54.465138     0.529888   289.106379   283.451684    38.840019     7.985838     0.675515
      2061.0    13.199913   555.432797   428.490239   692.686045     3.720121   147.672221    64.380667    83.291554    53.897108    54.134345     0.529353   289.303542   284.172969    38.949894     9.276523     0.094017
      2062.0    14.747666   559.144561   430.109477   693.296243     3.646881   149.376811    65.812130    83.564680    53.824268    54.719491     0.532347   288.985660   283.519994    39.129097     9.473401     0.285025
      2063.0    14.237047   562.846277   432.072789   694.009747     3.583055   150.062710    65.895700    84.167010    54.205153    54.832652     0.529832   288.989641   283.603952    39.291988     9.099737    -0.086006
      2064.0    14.371443   566.528078   434.156217   694.968661     3.531052   150.268807    65.978969    84.289838    53.914121    55.081315     0.530286   288.806859   283.288979    39.447598     8.814226     0.208280
      2065.0    13.121898   570.189966   435.618378   696.054114     3.608896   148.767539    64.783223    83.984316    54.091682    55.157768     0.507044   288.966501   283.452720    39.513996     8.163294    -0.019367
      2066.0    11.649363   573.841805   436.073949   696.297072     3.650047   147.536991    64.271091    83.265900    54.785298    54.904699     0.550003   289.180265   283.895514    39.727600     8.910820    -0.123556
      2067.0    12.333971   577.473730   436.532484   696.523132     3.617150   146.331620    64.013968    82.317653    54.010244    54.213076     0.573457   289.134024   283.809537    39.961788     9.342358    -0.023228
      2068.0    15.449735   581.095667   438.680524   696.640874     3.568281   154.426036    68.497257    85.928779    55.010216    55.568567     0.557827   289.195262   283.868379    40.143883    10.780650     0.440608
      2069.0    13.350116   584.707617   441.361055   697.506472     3.566148   153.314089    66.947972    86.366118    55.459313    56.651779     0.568319   289.241766   284.036408    40.391563     7.615660     0.326868
      2070.0    13.106727   588.299591   441.473885   698.417168     3.730084   150.071255    65.838319    84.232937    54.852688    55.441624     0.607214   289.223540   283.878668    40.672535    10.283865    -0.321760
      2071.0    12.515713   591.881639   442.898768   698.953866     3.425650   151.768558    66.370199    85.398359    55.455576    56.258734     0.586953   289.529020   284.208499    40.909634     8.686582     0.266461
      2072.0    12.219756   595.413750   443.371129   699.162307     3.542116   151.494013    66.341131    85.152883    55.731350    55.956260     0.637375   289.673080   284.265355    41.188984     9.912510     0.016468
      2073.0    13.205037   598.876070   444.839934   699.384784     3.654923   151.911362    66.840536    85.070826    55.405237    55.840825     0.595230   289.487969   284.128507    41.379456     9.530905     0.213111
      2074.0    12.444292   602.268477   446.314716   699.997905     3.580658   151.857578    66.509871    85.347707    55.576576    55.919027     0.559637   289.416366   284.126830    41.646351     9.116062    -0.270670
      2075.0    12.535868   605.601080   447.747747   700.346369     3.542026   152.179263    66.585048    85.594215    55.477435    55.901848     0.582931   289.435379   284.148988    41.846600     9.250170     0.075949
      2076.0    12.303093   608.863771   449.076661   701.004856     3.735801   152.333771    66.507190    85.826581    55.427034    56.620748     0.483257   289.499220   284.096278    41.849239     8.557528     0.535227
      2077.0    11.420940   612.056672   449.848685   701.509142     3.546726   152.278282    66.667709    85.610573    56.109182    56.374900     0.482049   289.761254   284.511087    41.862743     9.520784    -0.238568
      2078.0    11.182580   615.189708   450.450922   701.453751     3.562138   149.959648    65.435932    84.523716    55.270920    55.083562     0.490529   289.694147   284.382266    41.923000     9.750134    -0.131967
      2079.0    13.433429   618.252892   452.375865   701.512707     3.560291   154.682223    68.485636    86.196587    55.672725    56.283318     0.488923   289.549749   284.177204    42.003685    10.277374     0.551637
      2080.0    10.809171   621.256212   453.635075   702.247980     3.323231   151.815079    66.209557    85.605522    55.621509    56.168459     0.491342   289.645237   284.355443    42.086502     8.781888    -0.188323
      2081.0    11.077993   624.189681   455.218887   702.341747     3.520461   154.760370    67.751585    87.008785    56.844994    56.982050     0.465794   289.976406   284.946277    42.134842     9.185723     0.043289
      2082.0     9.627196   627.063285   455.447874   702.619232     3.516287   150.869680    65.558397    85.311283    56.111056    56.546791     0.451500   289.907153   284.675203    42.189613     8.782618     0.158250
      2083.0    12.941807   629.867037   456.784532   702.497150     3.507274   156.394908    69.295762    87.099146    56.431123    56.717151     0.451359   289.961851   284.747465    42.233578    11.241953     0.408111
      2084.0    10.038910   632.600938   458.559396   703.363846     3.475043   153.297109    66.499945    86.797164    56.223642    57.056710     0.456635   289.908948   284.644215    42.338623     7.668371    -0.033629
      2085.0    10.905001   635.264987   459.315292   703.221416     3.548973   154.674851    67.707694    86.967158    56.673618    56.177166     0.447263   290.033261   285.016598    42.418499    10.774632    -0.354022
      2086.0     9.533683   637.859245   459.860719   703.260603     3.363934   151.820129    66.137202    85.682928    56.177614    55.941296     0.426211   290.100829   285.105476    42.465115     9.650478    -0.275505
      2087.0    10.689045   640.383590   461.429116   703.173720     3.450054   152.795849    66.740448    86.055401    55.663536    55.865775     0.416706   289.857286   284.757232    42.514858     9.306276     0.289122
      2088.0    11.936335   642.848132   463.747601   703.449758     3.595792   156.732692    68.981449    87.751243    56.568223    57.352548     0.387652   290.011527   284.972081    42.523010     9.310416     0.508287
      2089.0    10.505157   645.232774   465.397082   704.241638     3.250788   156.361949    68.703279    87.658670    57.062380    57.982417     0.378453   289.938490   284.792409    42.576363     9.071381     0.128155
      2090.0     9.477289   647.547626   466.440231   705.061631     3.092711   153.719732    67.232568    86.487164    56.292913    57.139869     0.383670   289.815523   284.607450    42.659458     9.049551     0.026964
      2091.0    10.068351   649.792625   467.779610   705.349423     3.133814   155.948252    68.630197    87.318056    56.890713    57.113347     0.404769   289.982209   284.957249    42.762051    10.177470    -0.065158
      2092.0     7.819433   651.977760   468.848129   705.638615     3.197380   152.324564    65.805862    86.518702    56.419327    56.662533     0.394541   290.012541   284.806018    42.881630     8.074810    -0.045986
      2093.0     8.873537   654.083056   468.385428   705.424098     3.053038   151.207188    66.207752    84.999436    55.578647    55.595534     0.386680   289.804344   284.530070    42.993801    11.074918     0.231405
      2094.0     9.115682   656.128549   470.793414   705.897558     3.125733   154.663931    67.669354    86.994577    56.676802    57.321802     0.391011   290.023639   284.837311    43.091011     7.939566     0.171540
      2095.0     7.315172   658.104129   471.106601   705.829556     2.837237   152.987818    66.585274    86.402544    56.883339    56.543791     0.376935   290.236848   285.094182    43.236439     9.728296    -0.271545
      2096.0     8.039548   659.999870   471.926587   705.765856     2.909274   153.833623    67.206651    86.626972    56.635961    56.956582     0.426285   290.241238   285.222425    43.480141     9.430084     0.384321
      2097.0     8.451898   661.835807   473.152761   705.943113     3.058265   154.761987    67.492896    87.269092    56.695985    57.074391     0.422486   290.169681   285.010740    43.658333     9.192330     0.201150
      2098.0     8.401654   663.601893   474.179360   706.287589     3.039553   155.094850    68.079174    87.015676    57.072478    57.340889     0.425175   290.194081   285.052124    43.850124     9.711687    -0.076065
      2099.0     6.490175   665.298127   474.966893   706.159333     3.021324   154.044513    66.867638    87.176875    57.533028    57.140576     0.419182   290.575585   285.676355    43.938160     8.939529    -0.264197
      2100.0     8.239737   666.914521   475.587647   706.043188     2.964687   155.675105    68.305132    87.369973    56.844108    57.426396     0.412898   290.222086   285.220389    44.041214    10.257981     0.698433